2903580299548326451
3624820561937436887
5781796375529466207
7749976171957821985
3815566823515836671
4129066637908914844
7228370932064732074
177730831138109661
2669320100230208012
411407061126077964
8565079796834597659
8350202403997764583
3537994152885277522
2757228131086089213
1207354417925131955
7186368499821353429
8918794651678819294
4598560387913295555
7291124198249026239
790188381924407844
3698313089660790077
8456483469330931132
3695086468887702430
8363465515775060036
4507940871235670351
7137393118775738592
5912340238463196873
524809988622540845
3128742881163480337
3889057274148268399
4257605640338498182
6989905903388215346
2030326468932544336
6905675215905925570
9067575305685150840
7401528203048112055
178431110671685192
4367354252753390238
4807113098225436497
5356104611115507713
7169819914031289145
1939076096621501798
8606312816568305419
7859186677033037828
3292485095498653138
1133194567241747004
5663956340638080985
8632711446857155443
3826760441001155790
3579318940674715025
1067164228883508569
7220122657028724329
3799110614062654739
911686404008065969
1194141029507149099
285097209559661583
8468846868465901684
4138756202498515888
6150304248034392344
1328992206003055732
1342357825237711504
6731207398189848600
4610078473624091403
5094406330781006032
2530718145940064444
7112240203984902801
1016785278984924599
7198998088544611334
4301682387511609163
7465169490250106617
3204814662151090546
2019416955396501870
617997362567255372
9182777988502699018
4114094828076134503
6630268952830837736
3631034638019798832
1489565707712061287
1954590977631374441
6526793720883604461
1837833770228929891
5531684231202188047
4148920283509550712
6434663868428776503
4647299724041592125
3607985574343891302
2995984236690975173
3844883311070755437
1606798944213024304
8919386894801127200
5709372793073105934
1816857055870329968
7438566190770140020
3252799360289516052
8229082840248386509
7145843209180336747
6691946059686500041
8482725989578167701
7040700718456256709
1351133433263536971
254484667279256151
6508028415082372052
6965592479176323415
1030326475661345880
1836654196014387988
3997468421434935184
3236917854302032131
1556291999675988179
1196953514009550304
6631256799655588706
6374661913198811990
3268242970145088710
7064967090467579096
1227112073371671254
6927908128172236700
571324249636189492
706675336432090900
5601118107684702977
9190076876035494708
6548391935983739412
6618514903097952902
4353044320908885622
5027181940681250913
1148091052266313539
6545569859136584646
2565306381485932394
3895797032344490839
1004124695580431900
3513289534632607649
3712556539204833964
6063720189639420762
937953597068260716
9133422623781790430
8965545799789432367
6044393245085587945
2959992028243968807
8312946121800335225
6436045340108898759
2229714475550338495
2432655472814762267
380309741687637946
2866827323690127508
7271507270981013956
5636439273417222697
6416583391831072609
3877429305880372359
5936179937064444563
3729981170911468567
6561604841272173102
2729183092127274271
779087623263499159
3995880451604740477
7082321392558198631
278111297502986225
8672347612926460795
5927531035968263715
3849494541110445070
6847636999628656715
1223706856736096600
7253122406270980368
6699833645882205043
4575632532158454918
3297289504207379302
1110744711770323402
5647470336928779787
7225729799437477446
5432997074436904940
4400926608714450933
6904533056072128999
898031682188734158
6878652473902716906
7855933234619753787
5789062486642939189
1637660747681218136
2934996825592690206
7671783285585525128
5878355995984268387
4319379015235913752
5112928534123619995
3722941884825918036
5195290412556718258
3426688243527719936
2953742177381809174
7393026044780344156
6137575432843060153
6464196837442962451
6350793468155087319
70457540283975883
3401789217819238574
8236263684314960053
7771349240181757661
7102834289679285052
7299681998178386219
2398900536115850804
5701770538846370848
4799812151412369414
6891842636330446350
1639463954122837651
7049890838293130478
1823679936241718683
24972336881717480
7562500142164489780
1333977178201458020
2289635646451047387
8299749874747372793
2148293540520731856
4184543141648383770
2545255095148011431
2160659789122651000
7596286614878439787
9138644689452864642
8602893722217190225
5009760384902588828
5049775153444953248
7141208527239869816
7477910766741779597
8389301777241682909
3408991794518386789
8581049337581006449
1468744067140998616
8019848234963384412
5166228751880680598
3127459482726121065
96681075667885789
1748639544370241564
8519027081435789714
110154191336695029
2210033797241001112
9090949029767912109
8930589459271696259
8109929912964830991
7232123619790964116
5194286853941923517
6285293066225379850
6239531783748055538
4069584530847311743
4142209638209934368
3992616072543291508
7914628937446146766
5147096519681422706
1256142963789674280
2130950403229350990
6177623839066581081
2950363416309211786
1631189289274800447
7300286087878826107
1962941973050565828
8111363330931891467
8608811997686000642
5292021851937331498
1679294234321258089
6772663269930049202
7522233117293834564
3927249019005894829
151725276003453788
3345202149841683545
3918316774818669296
8794866162367321171
2376309061686271857
8141915378145029651
96819980350182966
3816735295138166494
8630144492559870690
9213577312467892292
6714182199154182726
1807723345010141790
8463990643669712330
5704377125950675598
6453795641885135711
2893040700948508957
1084628298427789418
6048696922215693364
4652219778843096935
7584563212719201575
1277360552492475
8606659025350698091
2830305144127410434
2901534428715497585
5939811403531203467
3259635213678653254
7359245036494326095
2110312520531929160
8416273980959077498
1553792100722666448
8661192204849589840
8518865340400303158
3733688715059452082
4945293843069351890
1456230007609753823
1721189895031891648
2166760471213829810
1697311714212271942
2410382326472404060
7705647345676403281
1808250218190178769
1479217531629338269
4677116668492649788
7003392393220815576
5467524988410813077
2708113556111780373
7154021276034423837
5837527505944701213
1713852426787970622
1087099150102647025
604345961431514247
3796715016356235618
6447091773555831655
6590637916790489407
3545020691422321789
2683657333955711707
9103680937722728818
7950021527785879774
799301098486790366
4717150237799805776
7064032497028850188
2806977010958524194
1175803452943188024
4606741107441062786
2018415523929210968
849944031171511189
6092367305680848210
5514384974580566723
3276632089575990309
5423251770518992133
5623740557834202505
5292788281833523494
4342626431310766690
6884784235783865064
3522829313249423766
7778670676786928196
5313206074394304946
7844505829333843086
7650211208304002259
3701233192908434521
6415337045942747196
2964566575009093063
3558746628320522509
7809163353089555387
3859511991704858309
4139273052562867517
5279702722080962981
8409971531021311687
5965124775779683987
4045338829752883004
9062120783439293768
9043784966597938039
5655441120001721854
1811878614867456989
5192790387327220677
9205734375284656803
2904048057904844421
2359677943589499390
2682865138176544887
4881828580488121305
2320264619592830156
3482390215586214665
1601040895077424988
8095124816965109872
7473174578748497736
2020194104025065909
7828462698712381256
4313655806758395120
5891742191501212038
654668231534389986
8564308818563653416
8553548248819875625
5113171742128207815
7945254414806033156
2697323926807053816
7875402667520608036
8528184928172024924
1814563767959747917
8765509860072120362
3681279072539453665
7742638621553100937
7410114055857618095
5453434813826569443
6101328067302655750
6778442132733327816
3162242279850788501
557008031664535735
4373542037764145065
9206139026326132303
6122656999008350473
2178797703735044320
4123341645956962942
3865437364429029208
6139641565531371031
1075027767935427770
6231879553222027022
1970633474048581667
6951620512441659457
9036288122636016305
8701501370381848647
6881801769971640858
5441857565599805228
6441764126308785569
937975907793991099
1116030238255140184
833475116894272671
1526649852655399651
5751904370138672050
221766944363280227
8053400215684173681
4181981718361049581
1733126002843247630
8104680159272074672
4039262590433067970
5104179200379470781
2785842165057037847
6949606255689641271
6926195579026210649
8163898838145824568
9000328014532778064
137039577821633687
290189951235332782
7042262788986103994
7467387207212525322
1000931261439027433
3808659537457803449
2816848830189148296
616255913919702451
7358199419829058083
256420762264378198
4108762850190207920
6048353286298840617
8882930106872866517
5908299083914757751
7421124853540104540
4601428357860557235
4241871390888593823
2552697579447106412
6794620782382192752
2280480917397780271
993244989203003886
4496744674336925248
3326584254943809017
6639182980350336909
3071721615579639319
8324741127767658612
2561436633682384540
150448657933299441
6606138231684612929
678726854484346997
3059869396702052081
3018346331398900458
4518458238207461726
4674526045371833894
187593666028354829
5785932576987484972
9030379646681786576
1582702533184824955
1808554166320003535
3369487587521305682
189066750832917329
8314511181944935278
9025262142026113285
3484002314413967115
6586660097055893380
4828738977839302248
2450832014241849322
4270835531632906791
1639837682761571592
1944126692687334091
5106384365622620186
2232803649089143194
7487811419758354368
3072574776874892814
7717218372763446562
400326409431334696
6079668727713899403
3668263469010127541
483575944135391862
7979144390332025184
3879007236482181069
5679017453123175655
1350248667170832399
1071322860564696041
360692358215472045
337871447149591465
6599285061028682948
8536765050231140324
5924043192394592928
8234145755488943009
3311654025869225359
3666722883627683482
4550833340155098849
8603922520392854894
3690903500173111059
7575254391439100712
3352213918652142581
5078400993468978170
3020891373745820127
1776414883831749173
8517487126107099666
7905276228751536510
2801738099974227263
8365336593974966856
3045121839468724608
2058055736312046698
1967137248755089420
6231503728208736255
7838292653469603386
7300656818215204417
1866733321565310123
2296177049331541236
2356839489353272969
413953350771306479
8824076959887018071
6842844168965111658
4824387745785383426
6055642626332898730
2751311071064056021
8367098125087656857
304810040458710404
4031687530093328923
1767006803277511733
3993595726580341736
8448350175551007023
6982769456239185757
6780537915447075581
4223336481035691232
3704879279740146913
6661312377027414609
5753132500871124317
7293999370898365612
2278876854938023597
5277468433792767722
2924811188926896334
9115827543874583491
3514280435584292221
6627039426423277027
6299375173101605591
1715539402268056549
8932246906629060130
6350687821144611828
833202615792712083
7832935236369201429
7358108426073924651
1440649437407279310
8449194223720839567
3070570777120499690
4208215844367044818
3649561863917863260
6197544043987951747
8646505917837136275
5079731877212307592
790311447146582724
8467179775670283341
5114134136029012814
6640622234219267879
1529057301938668908
2587088524505386834
2422767130349249613
1542177260384145822
6714949259974264440
5753507753353785975
7064225443383927943
8758729241090211579
2906025632348842268
4901762563722953664
913377062242079854
8683865450401574448
4341057569510777241
5614928641947900116
8058282224792665816
394138943942103935
603298295544396222
2770943859795824099
5611436079136148558
2804235667908457093
7244855266840754658
2127053342093483731
1660708969476517317
1199389011920383444
1940889396015898101
3507314075589141709
5403756735316205611
6459917703769039547
1898958916426411119
5881969956637554806
4161673781732310798
1441187361687739744
618123309124882444
4424729928475679360
9155324836686002511
5003139656340081951
7461533292822057446
6144126733838973237
1617479704772629754
7593021006091048947
1944345225739615969
6197312361394476909
3448798979367750875
5856397182726514623
3528113409157646056
1217661521912651287
8664103650941512114
8206040947121382199
3903450423430721880
1597428063019935
1469432122572226913
6523061443508082990
7325859044179441417
1519641717870029244
4071827385498543452
8567745753762373994
95545308636297839
6589387136946529950
117170966995212908
6335767488192601564
7675078815220694980
8268339690471782361
3284701617290919247
8587702362159421348
8634444876009891999
4456745890878960968
8403828543419115619
8170615333740926814
9193435272886999376
4569106745953546202
6400144805252352632
7168730838251234424
2599470672728887907
6958238331502794945
750617299570795318
5672016962412529149
6018577709253620233
2715501648062369989
5296127363965127418
7235218295885394100
2757743413129392279
9157587222800804501
4517430900320802321
4838465795380935965
9020485072664692375
4543725505682658385
3598542422047375790
6320082115353315163
7143498211060752151
5627557593857182918
2541527195637428848
6053558833713944283
8706616038843710116
6181918020713138155
4349250921442781051
9037383683654961378
5689086498729614274
125818115624344085
4836375593540099054
4737142707480917770
847555191377205146
4295436847092535505
6220964372302616720
3782881447766524700
3809527430472512285
478603902828289690
3245961932618552889
2120092266130911463
7664547978491683947
7051327969539437000
2269168797442576869
6516976762781688605
1216108305659707543
1867004678085399537
5963220333815632841
807121539530128571
8224159595209352362
2949692926934878020
1828470563078101164
6032382238574997131
3646748384195204628
7945715320879175472
2543435131640324250
3727530421828507576
4523449331874889390
6295197669079504490
7386796380512140127
3752542958239749500
8722677521839330044
3998668542080991180
9218274028455605284
192739081033099775
1357268856854664295
8415761286738271936
895117778922423201
6303749698561606717
1974873348050563578
5821874182437520829
1967811035640878898
4678679038786526017
5648230985480619558
7416645111801694751
5812833066880123469
4461139224990457888
8964998364042082387
9175807657065505398
594763606408538046
7865210342169170585
7098124260788230729
9161098444204273803
6426835656933715241
2523899530186118174
1710445413720318056
1812051532170498305
4611949463983673653
3631614350661317242
1247729656482260037
1781401052564521492
1068804697265356624
7669509456011682789
4908375811594027307
3098837512347817988
5798354487984416671
1706740657609287620
7803091745694163233
7309983654139935703
211159273046088263
6286589301543989168
2360053291820265014
5901638118743505148
7115501794200591529
6357256826623674464
513682946259101668
7183820640869527932
1775259005500722435
694507486650269286
6807581653930870231
3444183465999045092
4829072045852588390
4632093366680280654
3908857919337702218
7394045359325234642
6346629046586340161
5274960227213338691
5153127217394179241
5656683231892168055
1946732518407265140
3170757246157403910
7397862006685368990
2814748539809549373
4538239580994258699
3360318437675303503
5169242812659458820
880936772264250492
2713290419685730357
1188427826292011643
4259316978169819015
8545844776813303163
8621755938151846355
6707762133981918738
6777275750046544654
4215300753029963824
3312092961238351703
3043374184287833083
3262275996811990222
1739956810761441472
4090741649132724518
7662603335232423959
2409782695858521672
8882033817895841119
3139879076244796046
4279413390552588619
7201708459762587651
2702665956242859077
4244598230481916727
9029537290102729541
5993948735134528901
3257536724055215620
6099027604181606565
252709268890514450
8692592176397504395
60413498894748336
7400134323191994360
1409058300068411380
5519453672686956577
8198688500403938575
8745385795468027029
928738247096519215
8145901975996212158
2051614098452524615
2535701748624932469
5291255417695860978
1479371704914876005
1151649604714036674
7864239605187676016
2866667973058799085
5500100453015428662
7458375773621048859
4720748980659320907
2163249734505910084
5362553571539291368
4223594256827372400
3907959346747387092
4293794021319667115
7106668497559385487
5674204024487598854
4301109704198106170
5173461623722874856
355186816261634008
7676368969908618526
8626581727773267182
4692267658432177097
1182751035059962763
8266503380546114678
4125893974539960261
3539219338509775232
8957219243510777610
4689815926454325800
2167179793994170103
899198845965473008
6434486263966521636
3588942977928011166
3410365328514447529
5615825872268511121
6368875633489695818
2022476441941527239
6112816696586040581
8026027603199550692
866120225260120612
5840086600591535972
6385016266055377349
3368672865916016603
5806551974606174980
4938049096457055697
1944765825231617475
3891511197490248229
338653458492754426
2657805975000169230
8880967236079907040
7160906519051813732
1283996748605677335
2201680676929856174
5011916755059648693
3123410859483080966
8551442443314710749
4048274991927697692
4501486518057955299
6067033807728854124
5588425797884027452
6888591361769776072
9010475643543879637
457648573128684493
6946445306118391461
2014099302529270358
818310242684854689
6807805489157940023
2455531975710057724
4071839799245249091
461565877800946982
8354120151625417397
8091106993043839994
9199245004305237226
7844911929688120634
3049665075809426457
826627322518964578
5910145161062213942
6104024162796937449
6704616069761275905
3302000736779140707
2165410274973176467
6295852009842427025
4962681854614313299
2287965744054942435
1515839351252161332
8573621423080748766
2367342320658004718
5953217163076697589
7344848704295812550
624433977617746169
8654308926554628598
5696851109420789117
5711173768440863670
8465588071732732265
7173809248522902511
3753485048538442893
995527708273174566
2604270016297818662
897152270859461008
3996593495750695121
7680108521355499414
6590664497499022425
8723829992345910999
9166072632320011998
1353241207081416757
4984779057148210020
6544336830969572501
6723575361798971635
1521385359687045351
3649647834983262658
734248607287006259
7608435501735740846
8488928576432526726
8302795461012998284
2122066611466928714
8624960845860988247
4320660567760779555
9124998802716624755
2447929013783067260
8082399288884933209
4500853018075247706
4523751866252548758
6775344895594465687
2688962927523268080
537763769495432047
5401740174356841770
7225544456432582694
2769115034560583994
5634640541754617780
6257577932470629007
4685641572150022815
6924428076784829410
1716841190562211961
2851277330558238765
9132165112427918255
375207488281490264
2166901335944646015
6062226921581091165
3075900412373885017
613312745286975936
1182864699674644242
7189850612653194273
7643352604498623248
5912946160424105794
5454296298818267932
6313852371021746473
7070908403474127909
651876716592597102
100540368198303200
3755235992404279999
8669213703137545022
7743832823965113968
3733964223470431633
2170582363995427882
9153953033226441933
816434039176336563
8994778982446635739
7180210752479704483
4584354126294700119
8457332747834130830
2702020751263011075
141657936022849408
4793037138087194227
367756830040743832
2232539700429984207
2581855275729257973
6682708184203191767
9007233143909470557
3710048826041425269
3036950408004412669
2208763173410247323
3591291704824267460
8543090451582492275
430737625227937226
1806780606468286465
5385529468360320452
1339631195284545290
2096437307788340549
3254795722511922591
8986614836738151604
6856701928538684883
8142138802030350985
5450201251227093563
6279719933863951005
4519983765590953622
5666447653695416679
7833027170905189378
3066229886848063336
4055282133945701699
5844177811711941628
1249431837942928032
7206147123878048193
6428300472753330546
5050898149477705810
5148718034884972589
5221223456993171990
362476044386150284
1116864423487747421
6426513231943421570
3173752173878661796
4929008729021713702
300667637262846621
8478918753122974719
3899572232983476424
1786331842041907249
653907608226369996
8960596767835205172
2263748689273823355
2953261746603532490
7292750643611292198
6333816272054438736
8465387005279033488
6483394937777227956
543703446317758548
4031771322877186752
7432284594559102234
6745562499481128690
9154454114918109599
8726879517942381892
507423572431509783
