6829326316769268474
2906428986925295573
5625853446279388170
8410249252507320439
3117437431810142886
3381382725689266494
3528006696170416764
4546415139314416359
4367497076064094056
6067942808622778498
4496186129181038877
1515432502043462524
4158130616223867487
6887954076700045720
8332912600295281785
4665495466682073967
105696972643479672
1110395436988228907
365792674946421118
3344393439935692353
5129843163716247999
5160563278802558976
1024198291304564683
1199877633655409356
4683010249606411631
7744013857494667696
3635642814307327800
4053499777643773696
2816951198965117373
7158696599177289098
9022428798094130821
3322327516571343832
3567840370476796115
5874418365130263532
5587553894966270214
7531399827581381389
5553100681986499739
2282538512956955330
8888393302072183672
9153102683007827029
170762028229752920
254300845759325959
2293285598025550638
1082364593309125888
1807991705966524055
5690643065445193879
8938395674031420457
2515798959492233806
6520158982008052617
7688905619990569490
4465162649344940755
9099169774249152528
8990701174799044170
55053931256131900
3666900249867413047
1146796162510211803
4462754770932511164
3053103612100311531
2862145973050850851
260775123336091972
8991510437058847207
5056373364568114484
8817933653195495616
2550459350105151579
4499706913194058409
2702095174623566136
3626374141027615248
8790966955684939664
762837615968728015
2837301237285063808
2613742322644375717
5920359191472856794
5493837155475765809
6348282712431802671
6428812686178247995
871035732998971213
7845386643396327907
8835566574083130910
4508207601336453980
3287286336483994092
3173189451326749513
3326327970855623556
5447784269413542945
2599818984025681475
4425653715847805561
607298398202239610
4158174256188510897
6554358026539612921
4136835787340180851
2692522350880827995
6327693681248583916
974656572559056332
9219596291536110570
1801951121889239713
5215878377525179549
2728067158570183321
4126502876351793307
2031002137983124536
6987224132877249178
1842635828864621316
3169756231747733777
6001578324574568367
3581180238516960910
832643134654043888
5019776237781609744
1150716568505311570
9200244334036129655
3000068921870135818
6048791448792116419
605953472143757688
3372652705604229764
494152530475709581
6817803786973632963
3757877222220251713
5086449765624750387
2042233240363996499
5388143316300700838
8252619138792912460
5967127832438425019
1514100319911290301
6622824879398538925
8657605960471248078
5435914151462011257
2919497244268376020
5891764879967443687
6078198736792306309
9064046233168549038
4325536766348224903
2114694474738387510
7278016583676857057
1044602023032342226
2091325524639479168
1509716170647642169
4827445729907497377
5913644891604947063
3916961803777251982
7837142971197745046
8657991126018060259
2400808449071945655
8112344964444529716
822189846057882540
8592288300219432172
3287695696140667577
6939023337960912095
4522406601479327455
59969506281632448
1085065437046568682
2540406293556775960
2133133327591352308
503793363546051260
1154045994374176739
3829955431293913560
4696514909793057815
4578158890183435717
4372092224963336313
3586206290894098720
4270087119004721697
114585839079885341
5494452153231833293
6678945797832727711
2023940035796588408
339799782869722783
294544340935729746
5424924895388696355
7203792627103531429
2986686973017340434
5045672560433978160
6698696817480213125
5809741321518737098
7528758237603916101
8169045540692392594
1266073265793025092
6521511727220157567
8595855953616400693
6987845286487305802
8656099483126382721
5789477275372772214
4427124973910724310
7369122984809764031
5592919396467685929
3158023221919439413
475139784047048205
6587808097512337933
5337351483210388926
4808131882645129171
4580025974044889023
1902289770362653936
2067289849810465415
8192464219676047273
5586839389550362246
7126350305552254891
1433935428051027953
4326796629374324954
6542197676678132537
676590785680902088
8284659402670040165
8786519102235224151
6624394624132165689
1792057353931153746
5468300218017709288
1649466588276303074
3507430234116320418
8087513923227538654
7732675098645263368
4972179550890681098
265360908087319951
7332965240406000097
4415823117811150254
3452930966839375739
8010470729395391233
2816328755745162704
5140720431111892882
8788982657576047761
7865946737084439200
281571321068516478
1669127602478538516
1330019573498195918
7246532855777447205
6742987611892593053
1852361502717918041
7320606579581259692
7316397896828771882
4517519641737305918
4888461039989561050
3761301641547541473
1149788360369504780
3325180428516856667
5291971426856073729
1733285672038890348
2262022671374449499
4315286608904069944
7292439215506993410
1712850832375871595
189034662957352140
2597596337865529977
272882759036570444
6166543104570460218
622428687360015210
1879587413974016523
8445906205912064607
3413531728336863818
5200854830039833967
4937884237400989062
1685022810087878941
8643773668704304823
3020828587987532474
6943067083833568927
6143979635815927648
6508014350780266534
5177890255498458931
8450328437357620111
7735117518249406394
5750129920116532271
1013021743962678151
2899341043037081212
7177990715399369257
572098399528328751
199455232395567700
1416042437223908958
7294973650931360164
8375246195616292157
3146621628256108985
7693490369903071496
5442482930917515164
4735592197465011999
8460744949006007222
3688815595762870570
6892720342831297945
4271695258401954773
4380824829243187742
9126870670914238329
666560318816607340
5662675536445250803
5519087673201850669
5284945299512659006
9107640730813741726
2868413704568224303
8471563283933678996
8429756261736002521
7746350457334560329
2883465547261819536
4695182219378515086
7154816235247880824
2553102813415015420
5357262086671532625
4296731582383749329
6708865534466092066
8336957900859368790
517713766886894822
7132723064532446897
5412427579100310233
4538746417353878268
2160836431191711314
7229024555413825492
774540421570521993
384914779548487927
5029304060087326369
8997920814542978802
5015506551898681999
4276766878767335744
3937249191704911261
8956782267148967322
7631225426239484708
8140654141348771232
7033656614370961079
7757740519584753400
4390148062773326217
8032627398254307331
13379416764670532
4281139677509956013
1897222640117159371
8145894093727797062
8018877578540934443
1361106521338331418
5057567891268241784
3145978575612118015
7032921710529460386
7970812253943928952
1902281146103672055
3785018534226078333
4429625761388421979
2202564053998135672
6018239004361968668
3351480099078229160
590884820634030209
1251741682331135172
3520585601794370167
8038108275481388556
4272147554902293831
5190551049248012116
6890634535156883488
9065524821892303765
511857592170376274
9186797834647639699
3362588621649991593
884015648737330866
4339008182947872306
760851130378071270
4296761550081361057
8475500410700224818
260559873415697643
8728358268354206038
7924172697659844466
2620804366517210025
2300373156272403606
6142626888022481717
4666650398972537478
7775450031208896626
2346812393264461629
6641215664537267360
1343129619417378176
8166445011018127577
1267306693514265214
8324283245780781858
2244307242570284401
1598026599276639122
4310553261635749712
2437494752015941854
7750143544795079153
3007889941606375078
4843537392896464610
5048053829174932363
6027441441080098591
2336362643035651388
3279711351049110731
1332067285850616544
5586037707156905525
9127281636288276496
6476523204395727314
1809821529563234308
4013436582770559510
6254578905973522153
633558439325328086
7416069694134655762
7643217608037933039
3416987842736155667
9182146974764663880
5502699873641667209
7861532784749558565
6480522808742957251
3676588109234125494
2694460318066518086
1965670095871195406
8912030436297893837
6530911958913414121
5958605807793927789
2596623931032382458
5228479608473367423
5306962521198428970
3264218425855539071
1364846600299677183
7153770740307289225
9046932961773316764
5643864951368011380
7531729471421228718
1773762318140617692
1305674304608031936
4569867862508824700
186060974818880841
1371277887459689131
3580624061402400981
8630288885024294589
5821977577754226132
232414374971791416
8251580324008252322
8668593292945848445
442963440893082236
2483799366518501466
9207891130009930032
6974311655751212972
4878395454886312885
81127401231614221
3788233553505788067
4073285731119110187
8683221165565169904
1213450187692085246
6759337811290897422
1775396758618221072
8560124945268652713
292560695020434300
461497184799445719
1130084707851291555
3871511591421233121
4761555577450047548
701626393610046631
1452843955451023964
815114588742950809
6290247935390306506
8956588586874761285
3792532922697194075
7205807603719253648
9110389425293960423
4433850727825614548
2759516467259710304
2591361282102092942
7793820290699722560
8135736849818015264
5733636337459750123
2506348256577055645
3301021992128911521
936598887059806346
6874345870215513967
2257751966819226475
1411634626814819077
5350746614528381911
8827310558736310014
9177699169368342440
7693944064170263689
5746974717178752810
3851488589941208069
1408070065217816919
7217672804335039550
1585813478433085840
8489712236691612380
8581218488597778907
7617477718082015684
603676796333505369
6502166823491227460
6558889754484265734
8292552493724038499
1444528199654061807
7432713376091719634
3993505593976593221
500408777351236436
6806103688628138104
2141475243408832826
1988706103983847604
1273001699340477645
8977477439191437373
218708524357627736
3286906488017497220
1953345943685450915
6688016639205756928
7332317690027864269
1358616630573285586
8708854056212866289
8283837993504627009
7565562502583492121
1931549638580057705
6118945763678653550
7321825052134608504
7928066572560853680
1329243073270425104
8862571348138916255
6724958143738325075
5626960823112869792
1355400856423687152
6316390459516027662
5780595858714705872
1549471144968947726
7486190873803609149
5581241428256220623
168747897645093140
3936480563875010592
176373337292659655
2175086617509140030
7138667611610799275
7125441604869781059
2378201308102903327
6835869272342070758
1108707366400948994
261160790222271820
4621439873586155954
7638509467423124996
6133714856279832095
3285290033919430408
7867291645115231860
563225531140247347
9187419509000581898
6956454638787656064
8551217801839773054
2032074098794117519
5729996759196706555
9002119099243837404
3082013816680062659
124401237272375999
6613984789472624328
8594328900598821844
7037657628800866854
7033835669681771177
7868084758222046095
4399056342460089386
1157583925265861393
8883861419779809071
4165167480689546628
7431711757309741801
4402079626963333799
7560154431384748876
5535540050498557120
5642062498223472512
91421091316550127
2072365015877009561
7490241841871976046
5621519896636483511
1013083830586107865
7848495157479887833
1091928730439416492
1156983275923580500
4062154311887251092
5621508878452729561
4501424115975586816
6996739852298571801
935536424940078995
1101975358519797609
5996004977804955900
3502485371558825208
1729666025808420776
7074537918041335172
813398551474507965
3750412057872368586
8627346731287922342
832472714707211875
5057972817675689507
6269006960516086499
95309124068522082
7583583273158107326
1194585435748204346
8697437318133947477
3298663222314050298
1621009532749935536
6050915147365998143
1563040527868356221
5081386853869396910
5016719256990651262
1926400119311231203
2257861036080832767
6480669156764890028
5774532291698849382
5646096287261077186
5014261035798059700
2583548862911835530
1953694146081396007
6359171011850278197
3687009871230266505
8344587895612508284
132867575522261645
919448519026929308
1722939803247578195
2681250678172404130
1564062940802433403
2755374122607191216
4236688817896957869
1887573711290156813
5182890117028581653
9052820958017452902
1681760857527295632
2664609263227078489
6566794246658911733
7798621893155311508
2549227666752119828
7541458918090822819
8138941572639242841
947365050813058506
2025457289261817605
8320542283281408987
2379400017011824558
1477408625443062451
8997983068815271797
7241136507519881788
7926793191229064682
7719966771253923914
5920461545788606686
5802910089186290099
5957013272660431553
998317931141738665
5322419909765310345
1118709048045420903
968542901564484259
3790444635662626439
741489592372484668
9171100382885391709
7414198981891503943
2633511099534715504
3788566569586114407
4051401370813846589
3068297736869162714
8688747175139988523
6796559285453442483
7658059390065944241
8824781015196404965
5440032071054166538
1456352956704967606
2083339094364565519
1448826592060857848
53468411151580676
1633099368460686332
2445304648861698403
7374150406286532400
6758589878079198098
5334751552940314395
3637372385671351210
3209781757546714976
1528531762246266966
8479180207203792410
9101553606818706059
8844392640045215964
271687205358164678
3078768112288465744
4654394802421960376
9153878077633701640
5778327964563764220
2840705062507221720
117849320289839889
343165227902283441
8537117418930477483
298579704542735950
7345800340287706983
7813979636267685959
3671288688495481626
2252060535935438710
6585064466950793097
446152453861306812
2947793837333375322
3391611746410770143
5210259277558751892
8485829077879248023
7377564019433687519
1772702571403579068
5834403545188304509
2363953068976650820
5283533539729499323
8973862771065842017
4411014588365750874
5827601371232188347
983502315552824948
2685706897969391807
5904640074704103352
7299867871625300117
6830135682708732176
900235920948751744
7120327212613976279
4685767888012939250
4073373062083255267
7206998202430016229
8197883803854458445
6584815193722954147
3069715612256855224
1641950609797852231
5365580447563929431
5936800596368848045
8832082078950304137
6413331779333402219
7845347388750184185
3500410061427864984
8916693975314745131
8296441154842242047
7360572067603104279
2633038580037143609
4539778158547708802
2983750043849664559
4375215742643902547
3762406624261682466
899859093222673910
4619671440987956616
7684442734390904476
8008347378761413972
7454077928330875543
7029320074858630547
2427500528010080296
811338843424285571
8092199057279546219
4949094927545165026
6520600081267377396
2108938443216271147
1918019526422309151
2197702823848087918
4602152296124331620
5761117513849826719
4572026578419515119
2493545051480200366
6566279472113794011
7526124494358665389
4451738560634223091
913471184241160193
651042755230873977
8306543415611342894
2017588098958576765
8723399320132611675
98091052357243787
6772130919487199595
2228449249535739594
1610052445948727389
5893721830305204568
6796213381518517757
6246919906273176202
7552941310871510859
780440519748126873
5980671331141542024
7051711641698487954
6039590947795516626
198292030904827672
3227282597596933613
5147379193661569000
1285202395967835037
2534878105585168729
6108200068714980731
7778425361028093493
7850705711660480330
4232800768048311994
3498422274631489773
6100447429247975022
5667750293941608628
4135670328134879718
1900677422360466458
1387965032848735366
9088825088277702583
6221290617617618177
2180806476631168126
8077770319577522653
2348161652790518778
5281213803689628408
6453956240059385160
6178915269960285998
8406890489181177186
1245100829262853832
3462376400861777412
142992674830191707
7879004138112501814
233544217552007544
6051915766216744967
1671177312844687571
929316046823266377
5135677435863046446
2532905955953555038
5695827267336105964
5663200050876926433
1392054324852962495
2200313373089248063
2514886400378862813
7433211952546529021
3326994463403701606
358621898351658948
599184208504635384
6154379926834927154
6959857607702484945
1207809158250117244
5943895668172265289
5079388360117448881
4551363299712455500
5165431335480613619
9159081484756648040
6951892758633111892
6389182085059262977
5117323040357769460
6459199072704841829
3875747707151694778
5371666458856747525
6240037038599502072
599541021319424204
3978420850130186453
4708308346954434962
2622417474591220217
2390489606871884392
547002491729924223
6466346192270554801
126676108087132858
5247328772475395509
2068145749387025711
8865647185360769754
8728876256337658753
4878980071208105605
6212130836179459208
4703349864038736869
8877940193551774278
8696759640009175250
58927158948353984
1866448077799416991
2662550418862410939
2132553354741432443
9179442653666955146
8889658374568843868
9034333862777932190
5886869786540049512
2611017319526811105
2189190933254946247
4388467391779454734
9112446087915188842
8812333733550118604
8643205802670718090
1295276646529692729
5717112618270998564
1094969872543024443
5419539660350907102
733994267931342452
8079005570484659080
2577588392713506752
8121368463234004540
7415915703649781774
5676609133132103400
5712105077485510264
4362526321268732719
7059964863861591771
2770797893119440316
152723539028079002
6855011954724429950
6814672525908287258
7278741928365100761
6241686728215301147
326928214733050369
8193519989140761623
5963566954656201522
8243692625126607163
5287143794834630144
8750091967482295748
2576122833441411217
8238758425824294720
2909544040287555304
2534747587094596294
5333722405562095612
5857332756427918370
3407962613335457136
2101652310021933145
4584891528789965877
475069169585984335
1157296416858109709
8395588062070423347
1137408335672264776
8279777358520297205
193506338921926218
8414739183343610760
7579815990621589884
1474590899337616912
503846345296713277
8113557317619151570
8338396805034810541
2363407488036967464
97058903338401961
7472416442042925336
5526021645267933543
9170898995346133947
5217093962878011153
2753356668130117979
7164166103380296096
2185410330162018676
3589809851765128823
851233310733469064
1114466065048843487
901816565201201186
5988980228581917685
6781384584490671706
6487630574766334928
9075389935175285445
625758286331450586
2816142050598840204
6662390228970407131
1839895324415942217
2311544990065898928
6934866918075666125
7763479956247677800
6620191373533093539
126290062013682095
3791949439882701058
3898140560725378486
2925525568665482796
569938820709560588
2601052861251460341
8581549656593304745
5465895990251890909
6171845785814564600
4606141080053409717
5379802924845582084
7533130299649720091
5719666332488802322
8666676445758677579
2984330535234917970
6544038314144948965
3532575049116352346
3815430761668841512
8577802870339407478
7902912631597649386
1996050216782461168
2464679379938145647
7688246560363679232
945103990482314629
1649960423906753243
131228737054510421
4624304905412239454
1210968022192861046
8444473798270533012
6141305881973865618
9175086157606017377
8728856579763723410
5398039111547556725
4394614140625477675
8416964707805235764
4850074983437047377
7176630280636848476
416513002092398063
1465021095022607887
4172430986940880379
5124182670481808228
6425288365822334718
3615694751307785992
8804119141523869490
7788599009692454765
8683162143268044705
1794780383625424655
7874136850709708436
2527859683006919764
6416497666874479626
7263293669418164008
969352267503947961
1784251569686082610
2235963358707072777
5446619018391010520
8370134612164616324
6459126576275465239
8458443677270156088
6089801425222384377
1770516273061923882
4262754976315062256
7665953603836333037
2856055447536553954
4275360441068065807
4965409773687523037
968787745159870006
918253689110356536
1036451557877347499
7239514129005593816
8627878761117369493
1733949788963149659
6784085401117993203
4581776643126303681
8685769004279652259
6199901376277624320
8650002638017753063
7627561382594331694
3304608090432593278
3833029171081570527
4258147332556198326
142310681039506127
5707211879059191027
2143406129274902115
4454864727581675936
4853004526978665714
3773751248808328902
3918759972779505455
5931456109192868661
8452281729821610071
5235710735449659706
3953815171129706673
2991872149602672350
5910532894216356033
6525054410023682083
3805452331145556790
3089899308529005848
7393993992984117444
4327630864464999471
1777631696823085172
3983258194829772171
8412057719575729704
6629003011270657908
3507364690426351576
4825073180568122052
6838532054422094812
1977312314648857730
837059770519281020
7611766506572853385
5483340014324024276
604001444666667829
