96462756881362276
3529238014059693636
7431343607289956323
6684468398528311850
799617209692897693
395466752096469414
8437415829126821854
902374122195444760
2297480934457083271
8988170294429590836
3656988359384680750
4204989145034145610
517927793911052678
1680667530963217169
8336032294034186861
1537261590813649467
7205555048611994158
7816778564487939044
1843466867753172780
7635333845783299232
6513234371759561049
7749544854894647522
5414466231876286387
8421710851967770527
212862628956102144
1222729834668487773
6399987868606759340
7054250622335155381
7237613139368050598
7302243058850515771
6221014018685744878
3163011175590776833
8065554943407114153
6616431439084410336
7347269011583407054
3690432435929055696
6444008244917018168
7684992278769823612
994527583279948008
1233242197352683673
9157928603963309012
9099896482709324327
2240844687459115910
8821920645055059324
2349803845342708884
751009215190860116
9152756392233704893
292638519292875425
2188675582319756061
5124441178262771914
4266414043446094557
162031901880537647
3722794662614431510
7373978964543935746
3559935560154106183
5438545867679734299
4641179139696799960
8359538965168742846
7892983656952965871
6956489442117561895
7397377168133164238
1536668740789138962
4537740090427931612
4223319087198469938
4144587560609900420
6618909431008779125
4699027332024512981
3986527501585937714
3919242247920753561
4151819035756211061
4352351506679120338
3824071705443049926
6679189657677790836
5741895674754186713
6310446282038109845
489247504976113314
5783212941891223227
3601593034454240647
4445054814540595517
8510918448021083091
7389236416669066929
4803739987239851679
6282615184873627546
3971137607157509893
3385810326865263293
200284069439387267
2942437883697296438
4567388903368819142
7352360040019495851
455618733921107922
6118709074534081142
8232362829067162111
4590827494257660024
6029097604517831233
6357726715481544718
1389650399146687523
5647366605209186099
4759996041861900165
1699196436170234041
4849523988664081920
5771858599534527556
153609286058058816
3696278531333223479
3068514595540268268
2690323420404760238
4011742419175927393
6843874988760761141
2191691326141098013
324364146005235889
8488698604266200260
1788927340601092333
8974166920127821166
8253262077592052842
8022417377275192881
1790955518935829515
4518281767923675130
3181262014905883938
9043596509437601212
5560977730508643614
141184942616067152
8063837608170752830
2086896573021436285
4048298877210143766
5935988385213987657
2147235603010542379
2694247695104512027
4309471849939854740
8676278869644645725
937714846892791461
3644747092813467422
1612894854657939296
6842194184018642941
422599254541572477
9187612217436965174
8832810124896303329
8230230598709750718
4399683310706146508
6716870479775473852
5966013316901399222
3925227027819937003
8107499683024201376
4960012500717204555
3242382437479773777
7524165558003772068
2300563464520992769
2333759399112897294
4815750441827072818
8382460240080168751
4974980189941244423
2708048385084645260
2223492077518035411
7351880304125776740
5917416248552835651
8968374725079039332
6331002158844572758
3119072038048240655
5404465186554528392
8337574982160963493
8548686704616784810
8330335538611159133
1940730472756257968
9056184081723132418
2278707201786159447
3626920956695866983
8617443773455411295
2397792442747699504
976223916608168567
2112082895696359494
3916191231484956060
2263714083555877831
4343585791838944733
10841523540779425
4266987070182266504
2262765309239561256
7725803706677850521
5789473184161198042
7424594571916482114
8125257310575330478
3613524267204889563
269821344495212416
6789651834586047564
1395828619126744118
5178154715316208833
5510307689138035521
5747431229531986685
7488255685798693548
5804407431687592186
4685990827527791539
5135204817381981904
5609686516831643237
505430434202623063
1326007185866670583
9156031323701045821
2842806819725322666
2107214864712483751
2921192309535454431
2103751815967989034
8001375527383427836
6927747658588060642
6939284192462528441
9113774106213272844
3313829206819543286
1242741125482717499
4896152384191648437
5288611595121060583
5943156986016123776
2190348557174911892
8813047852311916570
4909751599430237259
3983623020221510015
3756839079700704765
4380415151865825817
1099729796134122686
1288756533217431396
4650797398147143070
1270207077207556523
6231209720037355316
2380129101870800374
785257888135283183
4200388355045060847
2044819504049845903
3648622388712003556
8543020794958136804
5417420218466526955
490459500618434262
8302781223440738534
749798230800444154
4976180805080377328
2594648957511794137
6553062352017796872
5564529368671608523
5149805619568458531
7666625256973243156
4113790432145946522
6534294436150708010
4702188148433503517
6126322181063139341
3808612730208048959
138575825384866898
2816657026358914186
6826976767564678688
7220582000640737462
1108002169072621081
4536725390378568766
5402301639084887132
6590678313222268874
4954826689585371590
2231047863936089025
5041748322509877237
4631810787634691101
5539770720917469306
5714351590087984212
2808278085609508169
6955463784130763269
7481658911086496618
5115028217050584995
7674130343984974859
8238344494055303326
3705053005659162536
2929431022244634797
7720047615612797160
3310396791895384628
4065437564117817829
3737533558542346287
71577258734027299
8954855124749921384
7860700855858367153
8615851755783744482
9211665928311573549
6090794752855008688
5446397972784537233
6562728458030566135
4266744165738621
7575773884097933297
4746908214405866950
7441319260139482430
3141894752540769657
4461424147534199246
9183656066061978452
5771010855656356487
5101999966358178574
6396026055176660516
2589617552166273380
9000153939582910818
7098161282907605640
4706440629439572088
2375892809537404674
6968529844192220248
1829757390891527245
3270343624863132107
624616881262045529
7284705308140522459
5938849261567178885
7406456262474438629
674282461374253638
8783330135980525773
3555663194481700265
2827798965290256053
1609342689504427517
6246117832614179861
1023628221619580804
5321956279430026163
706765245772262206
3455093712635979653
4405471328320877754
8839684885784926366
4273991838022387289
6810835410342867495
5149897037290310936
5454402210942994348
2317279911373114093
6794551208337864354
6198712226134124945
1799901007613926956
6295541540011336254
1590214437859000828
2806847944776938011
2698069881178664358
798201654421535512
3390312174993834925
6054841733761263980
6265398840183970059
3246212939302144514
5737471057683282288
7465677343473462726
2572319108405716494
7654561177496252104
6117986155002378251
3197632972915247207
4383932648013243167
6914063653177963719
2436041054911851976
7427164100270198774
3519553566245374261
6824977499445447473
8137972980277314939
2207420078371992988
6843069718172473758
5747658788703070243
2360067629823417728
2628982223963654819
947766543249949549
258708475239186355
1226732599175438728
3648380466039919396
5597333849903749205
1957277190591666732
1632327505352162585
6324611169125238694
7491269442172056964
5643667891657645374
2324628965636798916
3142608256763626062
5927024899823876639
5747857027786618654
8796821227720517256
1138811799702403068
552799665074104212
4127854091133539202
4114634442257930622
2047027750795050253
6233812024974168292
4683107588708489303
374598639194313724
2496253249570130915
7733576250037162284
2381478053454216279
1462021016655040591
8323036336843162651
6863286187440043517
3079960172035178311
5145439960945447020
3003382369161129635
7338910519531667691
3139492849818358010
343111583060862893
200546626311722615
604285238309598614
8297531185184462454
5884614018578258581
8445525102498966764
4207801620190623457
2007899982611580300
3660953496093865906
3066405756099909337
2605600234135222589
7412193156836671341
5814441500311712281
1452301283340613967
9198222688467222606
2606292301985024417
215760933073416582
3694304044316697641
2650141897510906748
1732987484705382398
6024049771904756193
4350505449257064109
7954687131943050930
6674779564165832105
8571931853087899696
5177620851577705985
537048991963679499
1385682647327595809
4005752179361577276
3638329293070146212
668735007799568007
3872884120769043310
7722200977320287464
3557486740175494949
5131836219755834435
6095521863913844528
1206282192838153870
8074986302656092697
9147667361856417931
6555686829929554976
3903589298819456844
7600858299154677930
7431223682777212239
7595104528739460947
5005641201296833580
6893730024908984563
1456662658663286864
8126277595523283203
4476298080203767334
5388834005983896112
3222188590036873517
8588454823844132014
3099760360717022986
8473028839418043512
2887777427793938290
7066199589354015657
7074983036497276978
4249271956178216099
1509013966675627807
614846706205585795
5607614096758352565
7045391857699417500
7233457640833274537
7006185648754713678
2747932932951675315
4953973785571941821
6684722302257464253
8955893942155003008
6704879244739358386
9029200979335738248
7621827128706882913
5056800801443652616
4809170351336206597
3489739550313649250
7745570529280287971
5754938352271733136
8787958787678812983
2402937579682475659
8640004294527596558
274726528963292177
248792247135199296
976239290374171978
6047982282667987049
5463240414738705872
7970736636541492114
8070701133426965315
8254485825977435254
6397924378234354858
7475067340897224886
1195123674051500471
6710168239953206458
5924249985547170508
5196797309751175391
3624850230229224350
8457857572994707336
3709313346945320682
7558534519918971387
5228299699059948503
3302791933351914763
6383092704773006492
3305278508515367226
7971283221156716633
204663060347571447
610927850805962236
4447193522460813080
746005212119541654
7542678476191239171
3573994341853082654
3846721798313930917
4230695834170019800
603135663349594393
107557181848975569
1555337768685037769
1850826124879805543
2720893705678055242
5128790063381915788
7052645482554947740
7867451017482373620
7663924907001850902
4935737160778097680
353989880236304205
3165272932652136403
2908015440317357588
2867785691537820897
1221607758015303437
5529653592648842392
2321564429013354863
5517775904697560791
5910543035316065153
1590475191583463001
5260522787667207000
843064160379914393
5658410942972024368
2863225470347592531
8776822827945352472
5325946018775910604
6523950653335906445
1387650939283925453
3997381923010535394
6181297066386793949
3612345680059585106
5080023394559864322
1991464929306405362
6282128819344951074
7539561955562090645
1267580303303319884
8139248084630377810
4827231059593628300
1506460911857628023
5435337688565290184
613837711015933498
541615713062815844
8426237001694734914
5589661691640510380
5999247565867498756
6353751427548873128
5092164837180211374
7125166369824987519
4218804694258568025
3100120277561887949
8120766433250632182
104707372988487245
58729112629684554
1018971514560976232
4020273995041664128
7473110532110581115
9203044620241213752
2787683174166726335
4653162639315181585
506636289568515378
7100033970319240047
2082178262481476309
3445201276692768518
6596446334871286117
3449449743218047340
6612882726572933816
6299753612997217674
8357022789632517981
200423574365008427
8317198235476812331
3221906678843622742
7630656205217506131
1470359864442197692
1219974102096914715
1445453331239072994
1799955215747926296
8527797254750817454
3759141846230150455
4911762922893079943
2020546571904734265
9137964138107950262
4999869011659140611
4007822470751328281
5003125922072589852
6181735769553452238
2484675228286353201
4926275981512248201
1403990887355512455
1021531735224607285
3454865601120054424
6593725462732379203
2939298559456903035
5918000561776227002
7498204640724969242
1309242085947556847
3218974888046328075
291635808711710790
3370219753854873924
5874922643866406706
7155726253607032687
5235348328780835196
1527165826843723784
4659329108842730883
4108337962483911765
5026539903102888040
8790161272745538485
6325949151785256908
6934646921970304922
277318762525620046
7382353293319351472
6578566349628876947
8472290718988565384
6190897439390219729
7694960839514876480
3185599400468885943
4924032557211748640
5230390363927306849
8152324255743003665
7704688230833388535
7355668164374552909
3025048334685594435
1515230539112866065
6921440256326809749
2443838957482232767
415391648807173503
4304166079846009800
6547275998395967936
2755534381919887142
1843026016235700865
1850140665445394309
2556189409696269626
991530856750253756
7305368825424600146
578950958083119007
2475204984502719410
3312995036315379754
5437271426304649747
9028531032985706431
3625850903414863724
918035493269962152
4986075124516798842
4338986708752400063
3037719362691403895
7322994045760388970
6553278031578689455
8974510517041874739
4340716720089641346
5337364276926418395
8447015619401809593
4064690610454547865
2697348691221764093
7676841698044829495
8717267268255875793
1673215388773163309
1223660960006554624
8078452455739450927
6446933311571793897
1330346586514323405
300596380097420671
3607060202860494824
3997909952441077643
8572152716884351364
3074049416926891214
219636028915411412
2441391313770838525
202833846509882130
1423962993672395530
6635623233769118697
8374909457877895849
4500440139483498882
4196575564931336361
8785394674356637820
7332819799546003894
2767632136015760236
1911615782596327043
3965048428000872219
5012236843494720150
5413396519292181097
7247471441681824377
8575299898242159428
2363915664414887704
383259302773692835
9130364652838546636
7560718512693895155
8888245539684995721
2954634182286745060
1595995087920956717
5967469247241903013
653276146747443158
4523576493549617213
5304924895248349370
8157571215117788337
7990680799749266550
4492806713242617933
1328701741592058338
4240724615219698369
644560985358828986
5621083724731947749
2655362768950291947
4807875227292394517
3296669080341912406
8435213773022725214
4721551209743846097
8707329286059308523
4660101447173529668
2178989253079946324
1757542818749948432
5205925270736220847
612795871751505193
6024051562032106006
6255265598688003246
4931916814124875256
2284171043663201446
2231179382249259820
3955910281247016230
9128857965234854219
5607383518044812422
4277427826940625813
3490194157708425948
2611607041504401335
5948468392348450140
6358537955339709727
6386705305740113351
5761223382816411381
1518298352177865171
1078600199518766997
473137032304698108
6759675352127602708
2574476737477927154
8876413628398562266
56886051305463089
5970205812150782838
1594756283082054773
7372622011979928271
4086690842180929650
3608215691756623670
5280695069249478765
3040480260349187293
8936200367177617074
8608183260261638387
7963915310191119273
8781189237143663710
8338564137134045007
2335688820156635581
5024538167584315744
2760598631027198898
7610476017749248251
1441612294791228333
3156800946512044247
7707392658767305171
7335639225127146319
1896442396855916500
2808018528709439767
4328990387117073591
6346849240088742985
5161037490333364757
3234288318270751871
7464716134849682246
8108996657651467190
5052032962839669431
1970940979106571917
7228018961171851766
5267220350942432060
8265291009232571781
1990293621781714602
7728828618351343515
2911491315326955005
6780952921573710374
5561755653946614472
6701766679416632114
8548974531794327077
6554770183398576177
6454187911688055211
7955015967475371133
6024973430401811220
1300340456909301293
8181828283724378301
5839965743726295897
1309883213081668372
6166848427861135425
7192765685244382622
6770888408758234227
6876467633534355648
186801925104660815
5443980134438295850
6534936397013224571
2261857428138456384
3619400200763002941
6505877509257010959
4433647324709714357
210595099327741043
8174257118871942984
5934060983422407734
5271364311207986425
5110051230562180897
7921176252211585624
1365657140170667244
5342923975251774706
3527168553837616910
5425835927056461115
5001175206488815016
4267203267505747810
3747576864118065705
5008174299186329224
1034806073021297347
7501772618444440883
2806188012022161951
5804445604506008385
7071987734990912070
3601866875303393541
739063840120834396
7116147428689271260
5940768122767913247
1939844896882604081
474274999909085857
2045671784565281772
7696876556352994131
8920439875402953187
8457503243516862162
3870168327708863402
4829541991558272353
1934716849866320658
2990522346920384985
2211223603215399660
1347448498471204744
4954881496821332991
6307583109682036815
740058944203012096
440087052430717199
8792720435698354514
7697434773596963594
8636785659536691600
4263475369269220143
2257077085330290056
3181908058615598995
4733957809910199914
2023871696163653379
4719656820425603863
3620720409755513324
8679882714868018048
9142280677767801164
4400811929410069274
1138645702671882426
6870529067555626298
6950304963320867127
6887780082908724647
1710433602715348977
524862517825035720
2549753446548370450
4280606022976418974
6353790803741944592
2241453238056101007
7585075940576342788
5064397720821632985
3443122231777607959
8121612902897274803
2314048321368522054
1660551881132179947
8610997409349492542
8734888711720297160
1542566712740379353
3838188761583521471
1058470331829957304
4590935426518340857
4047300728529524116
1231353915300019960
3677134242955080566
7899920399169825721
8173801577631699665
2522683672647799815
8411968076364751161
1283361394646321999
3472124937669726185
1726327882014043600
4335443912453231953
2391420856118718344
2366624836715632575
918196083298697227
7240919579875737536
5340921608985784426
1416327890774691650
3206749784770254843
5879028872077372824
665591104669485767
3314356246251607405
705058961077790208
7766538098248903779
2917082488364031519
3561361376215339985
4622870082856275523
8140618147199801406
4572110946833621415
3578694100304314334
364404755861384762
1519497283278604686
5273842103569967238
7190747171888099717
7856710908946655933
7446060832386779457
1785328109075391374
2715818411127089786
7614036871892057352
6952140631803572883
8952215464872930142
3581148408916527136
7082150728152735156
7677112240990724647
7181645613942291498
5688887845852784428
3182429233642094187
1634916387022457868
6896194528277995831
1542652374532007681
3047408395802545493
1054463933464803140
1220803588311066716
7997276507134642608
6113236130704439420
3306801674668799196
7168515685379897399
6946706966430845912
5469761415161213646
5088318832074128669
8019304970651790256
8383606943817091701
2948988944037079638
6078686717094041063
839973808936705182
3129072256907062408
4034396685059885584
6480243623804634341
5754998591040415019
5924340114233608917
1569089123924166189
5547492906163700501
4873950424540818170
6515177568926747666
4031605751629839353
3009681791286820141
4122032874851059888
7433824888190654209
2541849596016954966
1331909836389987054
1238602368260530612
2808235576804006526
3846918820374510374
1009937442634447154
4483934891002043537
2396237568642348515
1906850961642322593
8611029492207428304
2408032052840291736
6265991514565347339
4799956719326739680
7810423403043891609
3426546182229145089
5162323975284566820
7802846483107534852
5162054260658738048
8439064806093430475
2491755999090197448
3013343776570860886
7152558717513272032
6252691438498298919
8416279690356974692
9217413398924705278
8141187179282537329
6926035591495807543
6198001805811365101
2276888490710991571
2722322857002410635
923260174267573103
1228171082095264083
5621298045978711322
2354449992931575468
1425204072712946928
5231814276991151369
4233550638039271116
3317801052782349392
2310342483824052644
110407325014984241
4727430314009435815
8071079312827156259
3265705586807395730
391652365978588751
2658769682857515170
4727432631819390735
2466114494429402706
2286963981834294690
7069404534699853013
3377092126929012656
1130108308293693657
5691567213539579646
1870536316439121352
138548287646063554
4502243788417005234
8900716232634769391
1861409935238728064
1279146825830489612
1077422270614296722
5833834500457289354
8459090756056185735
8098566694042753222
4264687671496086546
7978105794762363138
5255709779175920679
1215655731225061800
6692291076316152239
1797036811738519203
1871764532706415238
4492781543689801260
8911051018790063872
1991103525391886996
8179676243264535855
3252121244605585543
