2172651798735012298
5955009658665833786
7063004065783870358
9089947904491745171
2206905666143346650
1878022909403113846
2376613665497345434
1118533690343052846
4051696851931140475
7036482369812726225
3750823302129212417
5683077039900304930
3991677633420588408
3116449548662176448
2846525301581055372
4079058816881242859
8852412041970144812
388323340244705498
4586661935403712034
5655127811359698333
601562144541950865
2288423094526522866
4228063397636785289
5149091813653696083
5061561179615345137
171844098118875769
337315542153505612
3729570167011489642
7048556463782643175
2337895626334548685
198215274663592139
819758361845862446
6285847138348438892
2068587236585054157
2628484744709908601
5222256421354267951
6796759071585042411
2960291757059197930
6692786488107687394
3530233177621965850
6024407522403992327
4502451627368879435
350321007816787577
6678311410685756881
5943651526804046976
9114372481243124015
418358224342918776
6932840561681181053
1251124804032802324
3349705733765838291
6426352037739108867
4165245927373401220
7394005212909598888
1792583442577544249
4063413457760807094
8537113485123959083
6507877550187026783
9162397298329214985
1921958325082820468
8864768557112227747
4277689558344719594
8654760369300618230
6374040173894122835
1338435721785143800
8203896061981139073
58517122963506114
8429164301006454753
4547751276676982709
2343819047137447662
315693999140096385
1417471192545130157
8761342941829329065
8812900916919501618
3484209652417598918
3775094988467359278
1550260636153342149
453893692504450213
7211489061046172862
2967449559112921921
3529774650440961315
3941427299592586479
1534442205183943655
3033452716698848140
5287040130337893773
3610528610974598451
6617617365132788961
8390595644334769907
1963483021799498726
269013705952281171
4956539130385880984
4763007556484925673
6723434620136800540
5009207389942502890
8346479337087090946
2933627881028382155
3405295070687782624
1398667893458053267
8066258182759391759
8195617924996903392
2766899962353044546
1803232630745923446
2657492560332977175
36628492097741741
665171222628030837
2740694537631297875
280274588000173234
754884647394616366
2150718768858838777
5707685338938672081
2862773980707943151
7949628702938749370
6004916675456696996
7679287122586944387
7575796780166800337
3427377579903712134
3638537160448772320
5888596887082269956
9100193019791781909
803630611086838683
1303731507181110716
5659864773067336476
7302909202727545959
7436675008333418639
5321461968571256145
1509401218862744274
450303822081795281
1164731834902222447
2233637774613707993
1992400982115740603
8440222929026680819
8463471471171868176
8265689604614067674
1098022545564292609
9176571974573092937
8658910223667103017
1156498071252305707
7414711831501719817
2957156590802103704
5293494290914164756
4804797081618241964
8646398981483512063
3546543428299503538
5739988609559162178
1221574150680812907
6242498536648201019
4306493676891669408
5766369165239688261
8612727897654302392
151563106151160570
7070936343690853695
2815830294080968299
4043849776802119266
4525806046079159354
5224321510039916331
6851252405072874479
6558122919196219071
3770146692247766455
7237455205002976840
2254561529598213693
2773932291993681929
426251408116653196
555091175582419101
1392318627312401958
4440305871970571129
8656641871311137165
5688704045278762270
7699432611639360756
5556905245935174172
334890943005274739
4019992821071907609
3034808761683250013
8567248200646992873
4934387801963075863
5664759252561202637
2489103201459909853
8662262130546393927
842857777109655496
370902244524205695
6931908763434239991
4165958795646665796
7265598748089257073
8811470750816522645
5365947490158808932
3754713714272622142
8221659687477871873
7159711813691217259
4882875868784747691
6833083217535138235
5841250682161294198
934990870748598710
1713833768769559092
5150705526324779445
6923773515122478016
1507333406122550751
1638813450787959900
2426137397212535124
6140858736417760143
2126582130040406259
2063574893553051797
8239169996136623687
1878107866540468559
2106398269472786502
7333046649149084344
3958854339780602268
229572350868799513
1185888089458973254
6668073822954912820
2067512317962830740
266308355188963322
7902012874865724458
6471138408119084430
2735465047257011579
2168933090829479597
7988066157122724043
648586439087698858
570628875063974870
5997548174809588870
8733529619519972725
2989541284223450551
1975872487992375294
7155614089895606426
3624202342166415652
4721318012388774350
6286810155811388108
5535674792817301839
1663473741017369926
7094847508499187959
3248160383733685423
4088516539389516271
6251799966219050867
8490061248944240578
4164015751917059172
6329135531945172604
5103904428969467813
5551489790471425479
1446422603209994390
8548551710687861764
2157367043047275445
1038034553192144272
4333217506034915223
1451835017815973962
4451390099075594260
1082311264399794396
6549497369127324841
7606842526789297838
6023006123579247862
3742218807381155152
9162423203593961870
4575573031238060267
2784973131912310268
4611937413810536619
8590302661767385647
7040949455960210341
8318936300418976645
1494577430120084187
8253288113027515942
1392316788473469045
2275498330991366951
5018179848506692776
53529454138986616
5166611986879168449
924247265952464375
2534415669659339193
24878122604381426
5017269149878263625
5504071163908675248
1363106532720367712
8152175123519181898
8718962429063403597
8761244731791439013
5054301328429033054
2792460667339376790
1251325037552712509
9034348619217026729
6199221625140413665
1226267882653748167
8471293731066646392
6722833401202668085
4471535496838819985
6118050617771204582
142639879535476191
2785365610288628332
836795178201051257
1690600106214986810
4400858138935905164
348417729238696097
4406514303132557140
6741027948357100856
7585851016107769091
6353582406986609836
8667424518464090267
9043161334627854635
699177850126619698
5676486322373945774
4866577203170863646
5198083790777564109
9106213735667645585
8806649418928282123
1955693895301559417
2396345632802903262
4275385115250807824
4754674496946989822
508172528130691320
3012375476157575846
4602799635066664166
910999738925875472
2498255216096664524
6395964755753220235
2567088192901763647
1697875566776472737
8658466583837348378
2693327541805158821
5924574584847370085
6131158195673084659
1199571865227576721
345522573999284287
4642639608952466518
3521740272819349250
465367422576960307
7702969868018086138
7263187487046987618
6500171418310370927
3497986528731315131
5173550221292557095
486114745095708531
5868491958532699268
1104708570429114615
8487707505221123473
8669917080782338069
811868761281905364
3209941633238483693
6338280212632812634
5960811349832622017
7601757981101248865
7852346473624426439
1734675735498074413
244596574250935457
7946148457414190468
3773279359133190778
724885071711249072
5641072360923337446
7795026668634892843
5496217388445101299
2545209248376703059
5315759497847895388
1554721724810614280
618090734996272862
7517200475603201070
4981068707757129097
5356637552357680937
1741177146397063822
8964966991433298503
5021585044253709453
107386155232995741
904250543896679538
831258799675409722
3773182883011884353
3222676701216947022
758172457955591348
986852497926882488
4823886123186371896
5321973864703522049
3673279101238900987
8791621595279296277
7966444928796725595
1603745010852018214
8852767456174338000
632652601790885191
3537391727694586743
2347119487070400365
6020635210959869485
7765157215493438822
4947888358959913844
2153776549935190751
6900423939407366096
5231452648977095689
2076085064075670928
6421547636895238595
3682003329876701770
8077040607784255496
4027662587546847210
8855184912740580034
102894522525051837
3491828335824461624
8715596812836073568
6123754100237736650
8702517194315795464
4258074826164272774
8050090126892134593
3302937111721730424
5219789185957000902
283351048077941504
7133234874205191146
9157324737833552261
2150029835740348107
581497056647887349
1690481573816822757
8884854663238248750
8025671384342793367
1989753395823765965
2058389420593758428
4553413070342219426
7173975393780256971
3498945347888407494
6194692433102377565
7845906710930925025
7171817081938148040
8035885691668700980
1152243321396972986
8399924642892817807
7244798993868495835
8431052363322432883
1662281793238051774
4011157570798610366
1360061869628328045
9034349935445079769
4238577743577126457
4247693519370620254
3271943462110337829
2669297377016805069
1193973508221734288
7396474872904053372
1098491661744587003
4023698417676768505
4609588534676718616
642264709243646075
3944720053503705038
5143034702736445972
5080917032932985063
4263713071077418658
3973500814539755791
267384164498810110
6427018684165742029
3164629818787343579
6521137431658117297
5235910459715865903
8825116565319988132
2415456134886640935
554111596747934308
3193531248074390025
3455259606232437077
5262786181514223886
4305233513680540012
5736314622163860500
2747033891573409951
5862907096975445237
854010592851914460
1392194644998540127
4052796696369763648
2776078154690243792
8914219229566509410
8538966691059698925
557962496703183429
6686026555325056259
2770976718147772627
3170015956363005578
6030766971210305289
7697498960439461847
258172617785820008
983795476481268121
6899660300286942004
2414395472663892380
4489724084604761882
635855249325507101
2771258224207804327
7746709839514591261
5745784899859429823
2737300426922777183
9092354084165429098
2974925674855808135
7756944061085510295
5234268083979476629
4779676880087254990
4693157815921802442
5364783960706094905
5636663990929816554
2154113976322897402
9115059118445035630
2089227314511015812
5068154641598744190
2875652001067326564
2605711653100853932
320894294090871440
6102736915479265156
5402173331609034709
7909905969618875596
7441863324136258831
1221127857516825288
289947119669615891
2205245091559857893
5858848334405270852
4490387505137970779
5202234789943053659
2995265789198093651
5670342683229328046
3881065626915212088
1255380285621016660
7718538881000469227
6274753979604064
7347886805916940293
5754773198239144447
7053958663604278366
8162670367057868944
1769482450943247233
3676829354239391277
7853260718786146751
7788586124931498883
7602719769335208628
6496505764463457511
4401025932868335049
8470817699783179507
5541729123236362276
1267102176775269133
4785071529473562122
4677229349298340211
2294228956592846769
1220524600757657499
1358762419619642965
6500399434699983658
7247563790228543723
4880684917383223401
5693654912002086056
4670721650304091795
3584872982666533137
5228617880335082037
1120749576581576588
6297218695111521196
4490727210940748650
5833451347197782233
6196348081300740323
4421166539215720009
3027135564984493598
8286214938193611098
4787264464945925574
5639950675783753910
8744090702370629401
3725077360929778446
7009407580403524415
1651272646059705030
8982383973200122086
4076777771680780084
4214111817327070741
8105450434140008635
91293492139024260
939586540997468024
5852879964842923047
193095018913081062
4662613950097541080
4315632690769906753
43956288168331457
4190949234763792093
2240034325659587574
4330322882197666714
583871291660787430
6979205025737649008
9050772829732521
3774641973144586190
6631786000427482322
978840567810520486
2147386003915328948
3165271671802522572
7982355803685620358
8687256607956318024
4493415365795013643
3392476327543438304
7775260864539014466
655820672085771663
1628981032778949679
3772872322675401272
8246560689795281890
1733742321677279283
15203223784104580
5395852118240463379
1180148658425272793
2298885496573082714
6931009357583693336
4397429300613244246
3261061626951881219
2899037053004380296
4199362415658594287
7393444397082435662
5253692407047004062
3624999793850800093
7134791980922755978
6341072459726270938
6517431686080860432
7685258186801129489
7284830911304201034
660618245651953522
3101615683604020331
9130008589732455306
8778492320765341700
4127370806244517270
7780221808337449748
6512401276529729101
6882911760848679630
7853508081506287034
226640701413614367
6797213096166969332
975912310964291562
4674422455325103121
4493579414436480225
1892705644376695382
7367801508494451957
6619790291463308531
8619647277238784041
3680204102138371911
801626235504662929
7689685394163908199
7307600640034805815
7812724325051159831
5980185025276537428
2602907981114362918
8017686026420682880
8913560358977945689
324542203521465966
358319581334653476
9066582799977107805
7237798764710919210
4609768368416861270
1410277987410601710
7827594009338184469
212324332384147988
1370217151512432826
129918294823228193
384874942802645679
5762513966592694074
1505812688438630403
3119681894201932588
8001246280648669642
8371768514870643105
5819733637570936485
1158696596045758257
5161201665339877508
9051544031715011691
1498463528166768354
1906145184759069154
8164660203460317734
2423503372697880660
5915242557668001084
2701239838375939348
6165876472404495344
7569375908424668316
3594022245690136088
1502076935697860944
2417302810212825430
5684009727557156601
3701459424956582615
510532239491199316
2426406071892458505
3876487010726219668
402282819825972938
7968041052172603703
4446020811889765986
6564653437566985279
1354019326557854161
6841534069590299915
5918576813720406627
1065627990756362062
6873150370370618544
6050658268741817023
2890131547798165879
2616678559990913699
2504294699289251877
222376309552380681
9055193199288011614
8798721258091004200
6427719394085067701
12885389093729771
8064521747710945592
999918348168616742
7006195409469156632
2048270518787272079
1264181684745437373
9101164347019202135
294422404062928825
3814639347028503879
7612163625647507722
7383877615905478282
6761345962002873850
2296723307231524090
4927338309864332264
726813242191384148
7698692686372946048
6419169387513829937
4629731352350973695
7540932221239571681
5301489169220914524
1345420103774247616
7272030460275974597
311361612853738219
6882472073084936280
63542705294818222
361197115701728387
136585857848776290
1367505367696868174
8980237548062649489
149224054306868481
7365699329380446615
8953927443446207928
4266142002968761110
8014544913961367218
7669008141765201282
5372168707997809058
8333642347258201869
5399264572307869613
5931529781140388125
8324370062404040743
7893403020048843078
8861745057417729873
3080627357514671772
3294806134379232183
3473805836074563259
4210144253627053443
7413504950373062663
789546815764436285
8599088602871803651
1473290557657383513
2644451735577366425
8533297715438858847
8967991425165340464
7480174276273475782
6414615315139016112
5579444079794003558
8415787673996705026
1361593107790022112
7989758062506166975
8430841491215109103
1249553122235775729
4244069942688948120
3795588892155942184
1767573836648564282
1434099298563063402
8064392135189164451
4648033247277600373
6482125066720502485
9076078178352187920
2011357658524896695
6789027407273883127
6843807445423722432
2690500364641094312
8527892270977756307
4131423746108113842
5948283855732454304
8191424674781580333
849799134146643938
274582860685268598
4787810905334831160
9183207419229320092
7894102585882059580
1113261232271072729
8331725851159216831
151276281635637790
8642021166307014825
1995067513900380516
472457400242032010
3950301222315343043
8218003625690003008
2730383709566219054
2744297333360642377
6445449367556741619
7141199524742490370
8763368010756076964
405622989798261499
2504470673286171811
7456796319541267352
5769198081191775580
6096594091345981242
4436156802497631189
2647698912933418618
2935472716116264548
8662916625290741229
3813218814340926755
4230833773023729395
3387491872684676730
8497561310063143683
5789475272015154842
6711638115922641290
7197136882578363816
3499601890039798938
4044106985041635457
8985608965923367364
3839916026559953168
90303440038059195
5912631367760567971
8199010940209509124
8951030325120227918
2719456060532821476
1882327670554593606
6586472090916466431
5113476133892265107
5498687085323079723
5183903567064985174
540188749313195284
3303366092682448483
1288600295610610185
4519863853415131847
6942451649104641129
6271455102906356033
3997620173379223404
5998060617063299401
7472264797985742133
8622485478513275447
1338653238778704344
5153717695024899857
1126417794891887087
3803062424227773453
7518058542324222469
1627116934988640095
1834751973224086982
1744889883329350875
1880844996928504543
944900025804319532
1521479557780917096
6281624135289901481
8371758789328971957
7993306367004748718
7410724949116552454
8588345012099934626
2362028109742560659
3427308070365489315
4964219129857605611
614585163232306327
965125372718605155
1750191908324784491
7319864166421117265
2559743779653162724
4911447078778479626
3633253114996148173
8495959985533360540
3695224119384094622
6514515360627822325
3810859744932698874
1036747143446934723
2007144150564529973
3552401110491058487
1521843295159288702
2659165539632903074
2715904579601297830
6984956204030944267
6732885461748417492
100990076292050943
469611256150500472
1058921995510365239
2172570266831380025
6433886671432607651
5513366164460188016
3750720514389056676
2159027419804511788
5479740565013038642
587186959224430252
1282507542938902326
998996502383066341
1912291167608815006
5192743573786190124
8200572825088860360
696393075980290438
1729637836682031749
5884362310993470271
5502835605906564022
6380395174868401871
2155195675772037709
2131531759776760465
1298953341351148543
1830618614901932843
9145550654751210046
7833751262476436364
2455641226554121742
7807159026801144005
1164551714310850419
251518824017995793
2591110209190457149
6479983474872966810
6037528988045470833
3422382501100886315
1388296036585323171
6905674203431115162
2450719583037565777
2188735907723385023
4931529139691084420
612602817866913850
4665534982449546056
8533868522688553982
7060646019263030415
3479646389624429705
7074443477953182903
4912364607337111654
9056200238513421880
3109907813810094298
1195114759535704733
1533810869337318807
2415284866792048566
4958186097655557367
5816792290543158850
5345249920840509517
7798175348491917079
7723799558499042662
8797342813287318460
204664240575724506
6461691816719313772
7182299010812576177
7986259097372796234
3975958034571457943
8254610213683512882
5403011019644442800
3114390491347317674
7557547298142780770
4103557110111043707
6253138025113758176
2414317712889760474
1953663642763117772
7026303007764544826
6826242296593876556
5199495054472603872
3338469191302939771
913092064471656155
5291897812466608825
937171482680433514
5110630352017984251
2385212275549750878
609245583774891466
1710104104718776037
2771928645891742792
8519126619678686186
3924023092645322188
8433408474749564010
2925618643053076316
4604468887759197089
7854190744868225088
1116148561466839238
1868754998158187914
1551742735852070593
3518270292048542004
7155366839170931638
2154467016164513544
2063223603918475960
3316163460571157241
3432317942790864374
6170101375066048440
5536160571068850409
4806105338331540758
7865231862718156210
575825446354244197
1244514922419552199
5728971830028571292
5821549877920462857
1989066756456686445
5518864671087763773
8089449072697821668
87484698618829370
934000837169434973
3476265076898597862
8316067686813488130
2914814042227796952
3221166748612757526
5707881949948513245
3831958201875851177
8160346533910893759
4371326306929496390
3339145228638505326
5408875324453910265
2249670647670927154
8103289259951384319
4084544495865622572
881776737447107494
821715163250409570
1348049613628610875
4960471981035148186
6689479232400390223
3430144612446774668
8940845649586164758
6108772221322396402
1334300417443450334
3895537422288323302
8647197515752252409
1983027832605012217
7719288195068209423
5130905521363295546
3941049750946532627
1656046103245526161
1254774575484455686
5570454922601433366
4869825669540049754
5156712421590342700
492981734419694970
7155809165951265029
3063812824556533131
2217795501065134065
421359691650240511
8701983125396855488
4965118893481845137
2136676511558664185
5433679778821819689
8447136582626360120
2514877065582972748
5241333405176374897
8882381191515733982
4412204823098930120
1644944155867963616
5899620899856582313
