6332172798670306546
6740717863547374963
9008887174413281102
2548159546209586891
3815820809761137602
5140359914889079755
7046920524890445534
180429555973656401
2857783888709478241
809638917456601908
2329122762218794489
8905421761078725956
6367872622346280820
6964276844331193930
1183038488630038912
4242123921525506907
9216309976996185036
3687896652134982502
7679380690690650492
6244699117894525253
1098755230059159717
8186452665987120505
2418279011093356318
3772017801326527920
1167914715676475273
1705804757641828317
3679101692597397720
6569843677696949258
7969483789434750311
8453007129117858485
988177500272628373
7688442296523989168
940310007128550536
3791564496173371009
7644065556279157941
732591131387932101
5556425153698679710
3288423250928273350
8423783596702877548
3028758762536042424
6524362073783163455
715931522960358660
8376938219272415098
9096663276174182887
4628925348036523285
2025244269003865233
7598157832098226120
8347080373271236315
3116040012105783633
7984642963274656919
5845103666215074992
7278164411715987851
3469765150309911852
2349170191645449624
3612979781751737507
5060004198971263446
5791154756939770681
9221089079232349704
3809134568284322192
8175639519821012796
6112702246044372394
999365755999791647
6473121228172755047
8924463561094962005
8882950386910587474
4119693622216608072
268963679810142347
6315283268532159781
5513332753577652948
1789061791339364302
3431063225204921008
5876010885916669334
7855351387860924624
2223961840362484174
7361923006014322340
6539517821122589319
2455593773796128267
949306662698729270
8469072358620250311
6947732775229145333
3974769969528460342
7650061575802182148
4885009991528748945
4273569601176581919
2487677900730434708
1179775247530366010
6543614639859873853
3479772433417679940
3966596564213218465
7343969305927054319
598850250768568034
612030874223117948
3614476976608720504
3819424642069883052
1164151123809910967
4458064301852467537
224772190729846922
23986886917368110
6133587842167862994
8486036183817197978
8814471983150922076
6819563431770184315
2684691536639958035
8102326423103394678
5826022603410985794
9117193535108585045
7701993943126002452
6768057643366974196
3195015466404129614
5593425628285358840
4383670032665615900
7316252604511528430
6176177944797810262
2637719140520785858
5822689478491030694
1051039681066509073
4658307153368665003
4883291992985428382
8831185756633221176
6370705594263202968
4661099870171411654
1566174329474516418
4886672645912474326
8444348041332005044
7308371861911619826
1811258068935428307
2035768382050147933
8763000902927900341
3399057800089865421
7993795108148622738
7414549017261887432
6803712201360342157
1524323186030490030
7882744914000105326
7108824215912680314
5426088114380518728
7350837126199474150
2596557726846154549
3361197436923604980
8491787509291390297
13673969151259520
6938794154894674336
1658696000418964328
3184466447770707151
6977507645545717846
211380657389523928
8036965698240997642
8705940588688555799
7773324815836530114
101040623678072368
1547591753960521660
1153939819418674925
7949910339811160199
4497231797040189349
883280196136534461
2969594002701632912
2904691698858938417
8448832560384883390
7853644667349267908
5682294654407328123
381534458171680690
1751990380816769920
6047757148568237173
4504442562911348089
5580360155210182311
3891931377372170797
835548906173660396
4703575879218060118
3267967446204109787
2894728893300380591
6521525709182027386
8319327159715300918
7299478915613308987
5881093468389187168
8470577938135416994
1197921175215801323
3947143178848794822
3196698472808497085
4029847233027400799
541126507526198992
6733530815236076560
5954076154539270643
5500473443459789006
1150031330288008173
7385027158724794353
272131232113107891
8213066583845198588
2115748678995235470
1992824706967598785
943756843393837832
498540079612728825
5312629079659305389
5829541947810902955
971403179408063120
3320415809583430603
6731736390472444816
7444195902462919279
3754945495323157438
999518781030989917
3833413498111862305
424666091595469548
6228781283649222308
7972294905801730196
7362954897170032246
5666738448855988508
1323309407349883314
8672912844528957970
420056306529609192
7785347982945563764
350319211285504483
8903999266917034277
4048901286260023638
2002145022136591720
5277034563929807027
3888970189859523429
7377357589396257707
3047281729697896254
3777415772706260098
6788922330329573314
4515422068860367493
5826292710838958399
5509292678873246768
8065423595147529240
8144579819176395200
3646591337394994219
8451695823652297302
2208834860654169150
3540142509502545900
5001152130632675292
2436307822077042703
1280589572929731494
4696706703356984407
5531692454581374004
5339033586720488880
1412563261568553651
1114756912621965433
464681962475571837
6817423902471225557
5236971850426162533
1118340007752507547
6965682657451528311
1752239207234779611
7452262936101350131
371962701981222202
7710104544248276786
6143309555508727807
3518801825477142179
8307158186519514388
8187918954340675117
25966019143415337
127942262831174401
7359170096193716268
2475621007019081380
74448164629157653
5677326768389060960
1518006265912556532
7841744763791569676
4263141895578388643
3641885474705622985
4281669093832201062
4985422103614281127
3892619109346477111
5533899385978318021
7582535594090287095
3494964638629449599
36424140823031388
6100453022730291682
1373480313455482249
471727934600866169
4289620959761166644
6638551646045301996
832055436462235335
8783598815335450196
6438466323411402838
8278957902939375576
7025712272776324251
6228615540665870832
6290255387909935828
2872575571925639788
1798946513777186720
6100532608337323485
3756147048068870298
7979332440781435586
5729604700343122467
9180714858475895576
75272313934137761
8646126955579577292
1323422464895677996
5183815791498392535
1556317628137665130
2479373153769064916
282626512465943621
7703736925419074146
8106147178450316167
8202281591524981615
4098861023861766183
7155397267334369538
1188710755099522391
4065721555163196459
9179422063705798497
3822021710844006420
1757530260681450093
6235845410638904218
9181983055947755999
6133378618445473295
688089630978056093
3458202325309922976
6558191434583533143
1960269787568962757
1615168371483482195
3691725550537237917
3246985386816072197
9200070912582042200
4293513537724477739
6561060339422635926
605542304711851518
6331953102501037541
6015707544053204729
4894594814645614771
2646062655531427411
8322296003271259049
4974945568844483756
7259851726788999966
1837699542554219957
8537079971930385190
5324101364591795916
3255200593388670429
2477560374058722849
4538342920623050738
2561320151460003968
3734572180874341055
5794230285999834550
5584727641895868279
8371658737769715585
3892215621661545515
4530852920357401979
733964726790099691
4573898310257079801
9197199148017058096
3643615022683270339
5582204980007086885
1939073315241077921
5305328622305844393
8648741296980387627
7158309406985612522
3125538365429376384
6123185951293425194
2048320179696238131
2570329382754883384
7206058153901125024
2184594313789166445
2150399908792429917
8270574010825628839
2593224710846308516
4172356414943748475
620712797664711596
8448341416529140989
7728067665024339956
68140382214669900
5701804403736481223
4876876762333830871
8727956304313188954
5175682370063184920
3915400457210886884
313906243797692665
8605214990213031415
4357540018518214311
2449786729455954195
2623406586515169630
661005998277544332
6597523842434289468
4271151303746352409
7248240851445396330
5273717243686058821
8055604011127152820
7849423371468388080
8473067540806395090
8190236180971676353
7643700761062355490
7074692773309922525
2607891267290648630
7846160243670610719
5715884707257462321
7377828678055102614
4182897788869567944
7004844477944402175
4094212931048090685
5584400482880711597
2793752684054175701
2568407152842058290
8333749428273476301
7823546013909171008
2946492941057557364
8856922388991586606
9082970021646101327
7602239875289835164
408151891837019449
2137638204566173478
1121042165101964042
7242710197475705190
3209146934157277803
4938806606985198538
1791977031649992677
4819424214880911054
3907830575642408660
3507691327196409457
5033590916509281406
6917709028682223032
7696426304289518161
5620934476761359811
1102906575472996396
5183018855698505847
8388249961423205177
3339984049229973710
2999850777696769393
2058176747909439618
6365686389665147600
6189168909080760816
8599238152377127447
1971707258459560494
124039005579732925
581167942201297361
2681548011796720528
4503030375677708933
3644762221739056949
6934421831552410535
1247837427825379618
7369419696057252679
2411537295243957187
4147664702893070085
5068318646837346251
6768569783050624246
3227098725776567467
248751156250078405
3197762527268885388
6780165026299619597
4698559729598074050
794418138379462129
3208736334736700463
572443820779970812
1164964197638558221
4504823793761835513
2039850527583279316
6207058870874890250
3860793181639027020
7128667461520699925
3665952113484138414
5326405094468083525
7655674627943839491
7905516559317445037
6534309347237544831
1131156368380751137
1689244614997134830
6270252154619487001
6600645540728834892
6813135556913210465
6089500965365123559
5328605334161867685
5017113041363021752
5940767399640030378
8140762703978380136
2071352712852309023
7236944577283390252
1438702600564751894
7349944772531799631
7326528158892448329
7339297267437319986
4747643895354810423
8286395760314212376
8586707002038638094
4903344895877051528
8483061397301948935
8590756449173787942
1020107065861869191
6422758266827739182
2164033265941489469
9171262056200781459
3959205427447920997
3835616215893275152
1056123994971530095
5500100352326236842
1287487291688117311
6315412651140531597
8587147174932215093
2211593489958753367
398961159380896756
5389681404264064652
3972287420404735698
7122984893442173389
6205166443580267394
3670528981385801853
149468158789962705
976759739927915241
5907706854900056308
8420779966765121931
8131448069410342215
3663875045213780423
4019795627289142995
3978554344348667010
3344547178743825434
5704194267838302818
1272052964315141551
4369839401051963904
1590462664472577259
4387753251601942395
7181244783341202961
927775586237395962
1903187887033639968
4157580892554734403
7729885114592654729
6751128191688582238
3294658466004361819
1153462690982295614
979725986538606587
73347088576679661
3440025278471506688
2259673623855556539
5044353309540613049
7718067834143967717
2973967574371236622
4769292806947498631
4852108612122836355
3669113033457260026
4004760202676195377
5643055916615754051
351065329958333869
7740635593980579086
1235484053966051157
9190512119767415586
80264421436994657
8917323605251002854
5087710435899215773
5421820168512565894
3863411769836775890
2414745492910897432
6125931742913062005
7292082145167901807
1056764443545897657
5272702213806246584
7702520127116357500
2446827984545217879
8647599293179871101
5193672502980167994
1208861819196220466
5704840542516804488
6734384667227969210
1729226043875927242
1481021368111598045
4484465865909616421
1053106430093543780
740424671321679180
19579906343582642
6852249316590964772
2412723070494782233
7768865384709341042
154996477671276068
1504805742088209875
8261712727654615121
8866413913143819661
1417982006455046834
3363803969372193172
4764227197406805024
5412669310960665239
2543709731304378383
8536009913782629235
7945454205828923033
8531127600505824655
9006344539348010993
1320683682307584896
1238140828970813908
7655966793375272809
9119875106608642058
7107828097478555046
2898545173334092439
2774943846808461846
7232492957215284004
3557657704570424942
4765532807856463007
4478772678497230680
6644733909074363144
5406533567165130098
2250827311878094203
8871138913740307008
2329206564461802320
8141164372002158480
1301532869770643208
9049987114169513442
6641499497559554277
6196514948131862125
815101488609554005
6678417350530933900
6313389540942362928
62628568818795919
4883596401915140212
5760019810482376846
8579944986048195099
8810109490658641209
920281089470458962
4199318003723475269
2497614540740344465
4748566975480462139
1507828823945188530
3610674648704236801
6152173841264956828
8959320888670615111
8449250642392164844
8241707900373592041
1001016383477076253
2048198747050001134
519479864348604985
7122057856466666692
3789647920923419890
8783974937572350094
3405753468042756611
2119502871214734322
8163112511015322634
235008177582213727
264060132349631203
2807588089653326532
3267686536784930206
9012597024027432061
3753367871384922296
2224810038571856123
2177532253930575673
5838296560927412419
6726582664661503523
8837923828740833769
5271111645002908192
8807165463651832101
1643248390767721499
2276713429496092068
1236055097891145173
7407609161378309540
8555978454931228591
6074427945155362404
3921794122643159423
3145035549473969561
1302083744070321038
7070285249882244775
5297850025646764847
6241351225629325204
1044100105939551763
1393597129665476433
2930576959278193370
7559574554674625759
6448652411293498070
8302476006222101245
5356594048055540467
8565354894428746740
7626633723224034380
8063527420291083432
3049254072244102967
9099937042313787758
982677062534098942
6969868580087071226
8831924719363245954
6139099604474983725
804629418229867128
5059636852805614218
7563978081358002537
7933570674526161221
6406732465805913208
7628411351813321736
4901532148358471174
7821263056286744904
6755627509341879556
7809189871957823594
5972300230835697913
8601605631289626811
6881273120009774496
1838729728806359675
780620515157775708
2139031782837537454
3478110613967420150
2030717838662582511
7305309785227645625
6608486006220275356
7338893800847329668
160330176258302983
3665570267515430222
9141670869044707206
5834977273449064693
2937080261029173322
3558500349269124663
6132325518397235117
7633950283188679680
1064344787604343235
6974620747225229735
484866286856845958
2027324344339120737
1239366473402566927
1863544016252786347
3151482505989926504
6667653645439606778
4060940375618977301
6648144576009938993
2623627644749987444
4243612472507624983
7546452705775528483
4862314404434100122
1965472301272359923
3575688419053868154
8605729004745537622
5293090837567193173
6792556669967992356
137314531089654653
8734787340067276383
2788862473565031656
4376356421215028104
7383251266238032085
8896744561482856807
9034758938147686257
466265319033780049
8866958140764560673
2049509400274033901
5234865993987408930
2577112462305473282
8244463214304642920
5221548029177452547
618758021427172868
7964124234988869383
4254992069580094377
8956556240383954110
1969244463751434026
6014448361366179519
1297058334775580198
3417585712027914161
2038373374045470738
8379309886387726883
1752801574422822077
4549581338639096921
3102112866419865770
7752025468575458685
953159049173752261
1610981578925433556
1412630340518479865
209125671858598824
5541121752938911255
4906868323398014678
8863620453467810016
3407016772500139941
6171847939372116882
4789423079564381014
3030809985221749870
1856247087293327676
2728581849242617114
288522538298483680
6436432235978998702
9102827420836163805
1606586019764969979
7143671875218628148
1589751824584217190
1267504652361054023
4313694013712458676
770055843521897302
4865365430122285903
8688187798610287461
3759185243919275027
1552900978799571681
4116219707220449043
8469519217444925047
8006265089578707850
9174760446281900306
6575220680244740270
8598300719174846095
8830404407277183149
2366629472452608623
8802314424936802621
660066413372336327
488260156927241788
8524238190200491084
335542462704073513
7236478556115996231
6539743174011963214
5975628843533201669
7637806847256073691
4485191557772957850
1685906923929193973
6277199906201728071
8227254501850704949
7784281355422827136
3404786793835375589
8927806289808456052
1474899333682601252
6491356938812858904
5183309924009696413
1520852494064805579
6806877903812756221
170729396156001523
7760147067315345545
6194384639828621222
5879722956013986262
3246098806484344513
3758987353937921411
6967857291118071825
5661937740424858811
4948517046070033209
6141595996228482876
5663694409617639258
4346805504936706233
2206887233374114277
3287555892496070381
6812000811909439473
7138147470859146325
8842655931222373211
6421338949543555811
7696825267948638195
2839411584506366980
3131340989707508505
6041005014114856195
8419719340715929903
1716068625807459284
9025829534466240814
1896368792219400041
9067655599709480293
3755648449070955950
1559181030481724949
5385467772579062957
1559913916633217040
3731371066012518962
6758055932041405072
8373436055769139850
8430464019489801487
3787706401019575434
3796995679049842740
4417799610065762278
6928145139355149726
4371786058693523633
5664289156544522836
346857300380963307
7182920509976234513
3289633213684038072
646305793252568328
5572638830026362322
8304369706909350924
1190449404738564723
4980017553381421086
593227449857584921
3418788872331131632
4839448018232422851
5122006089213724065
2733246943876138547
2352897741592779341
8120648755850844646
6713926972225091807
3121427911049941771
4016885181086599986
517254467405214349
8984732164450063615
1786548603816999265
5137495509837685209
2965505185890731658
3564671427728315143
8925335392642272277
1334613461542832783
7835685831226206317
2355172583605217657
8269106634833332881
8660702965964359476
2302236084333819014
6715947662188711930
2650469679666147277
2333107754522110537
5296790077467727768
1353159399665975763
3704514043524418904
9165265495747341274
1522069877241882165
3249192058539896402
5120636839782183422
8502816683560746057
7694282642352924868
2534038681563375853
1625647961355978013
2881309137400670779
4082402583305102970
1218422764171347664
6374500497861141299
57934041999624371
7801934678854266429
7439482706888479091
1103784613134600902
7545192137124929236
4127301360277761716
856531271978579910
2433178472643214074
5204699981819943331
8220035479552057807
2695887522229417124
8214340618363649313
5993664832692753670
2764930911274446300
3342958850719067967
8435351942752233545
5076790336280600292
7408625830070248658
3733849882068240803
8317669714696477335
7009209177127447144
7318288717305132107
4153886786598448551
7786075018322037908
5742109414629487682
208738659975685798
2424765852990667564
2249958679686730191
8512028481782251280
673077619144593016
5679324383324609516
157508923258097971
1260694763163301229
3980291831472942262
5985939656624820940
476181514084472372
7602291540523084906
3353866917234439190
4545745330761675565
2027928068357087868
472265761254794459
8279174881949367637
426735548925242398
5903043196996606858
8232176027935885898
5172108485937345165
9064961616297307696
4771159820104626721
3628739718065526353
6068792546503554467
4583498251352953902
4175579294409207883
2642328960784087085
4373344787881223600
3664707409095022645
1965399231060055842
8884292839864636057
2943382235581596666
7462852299818475142
2332463200306310151
3326485758486938298
4170545476998916065
5120586931750637690
3270449216096396518
2188754003512400667
2572694455596459366
5354518825414855509
2112858893999819742
7121725636650690489
7612922818669669396
21011063613947738
2690442591671343941
6764263060972941487
7318639583243915505
6791108632944806606
6041484783483356592
7883297453145302824
5507409643784056706
1541186466315473879
8316919832186401562
560978155126333789
111546761575196266
344473421216762443
4657222701800594433
2648037142003832333
464335853076932108
368239644422350495
3219622888204596404
3146086012321312193
8937817137952808172
6152728843468352139
7799310014813172364
8159012929718511867
7860358949573221148
4244157357792355729
6323012319790574234
6025475148509822349
2005763554405931444
5954096835844737505
4166708475547506016
4408465834836007062
6759656154657896905
8062579717251090477
3208588395487405116
6009302600851644357
8146440065434476089
8001623082264586802
8109966080096135539
6718278877219707390
4657400667564682531
3857654200803243841
8292997169562935603
6398919855504969726
181073781192244683
7623602499371575043
2834965129182184260
616020515606030166
2526936887583354003
4537651616593492316
5124825752784880012
9120604348684751206
6364078653085471525
