3704922428204698806
8610539606116569472
8573020892534828051
2384434668829701410
9011515169412790276
3886327520195826966
4891712015252256673
6072802176795264105
3727671989379112111
2281250201635335218
4132660687699012484
6617121008498522971
2692396300494470462
2674600197593816583
2267150166639311899
1890323498768447672
8899660862817303593
4801488634944312337
4108789492280160046
61051702633322810
3383910937239965840
4673594057621295473
7285762343303044731
8215207601599813189
983754770321547735
5882143267722329278
2617119360544687035
8842851657075100500
4396054244413725845
5794288888188004836
3872667272834084380
709066947708090174
6578986280833333043
4619073119738762815
7434109018292506457
1891908582249740197
3258446964444905146
9102939134460138113
2112680676587395357
5366947231701132862
4805767245880227511
7939054239833275291
8264964945986662633
6308787253452195457
7892714636234629174
2570060678418769622
3507421663437902715
966592084782075494
261172501683082798
6422301284655870830
24377050794024874
4788651940992433401
4372741894812674844
6298826143261849212
3134823909374775452
3013279859535136789
9150693796279229542
8552064674794200006
2900676766836486332
5074421303731658137
7584051349356173539
970037616840755692
5174000155647997526
1163063198995649377
636514496807285328
304303869833469320
9106067209398338379
4981494736811697210
2559611171440116536
7318359742128072349
1168647012595099690
7934016405274255030
3169014963143118669
1944614964491960087
4567801109899131320
3036653163837555918
1783399732447987218
4806554848101393938
6189684968665095982
3267169055449871230
7130543104401131364
8313386157953683784
8759177015762030371
3643852212945439031
7419719948037989493
2673862081363998331
8148819845421461279
8660374384873055263
90561084359882050
1832106958611383338
4227809052670254503
4507740194473795478
7940899790168110166
1505980175016105100
3978351808038390995
8343757098769744211
5880978697662875379
4611320847146291532
3946924434586914092
2309361186197157031
6547828163722985366
3213893657200742112
6318201725012165842
8544263817824875450
8288128000427507496
1518800261090294074
9001485100614889743
1022515398334844322
3583530901745548441
8300425997229831784
6189841328307402878
423515571297048005
3157181329497730798
6815494953684317468
3751674761170118343
7529936799232867296
6131393502268885604
9120032829702790025
2073347774852884158
8646415811175319147
1541377710366695745
8854363787078365890
5675635715719839863
6679984026525887137
1766914586235861333
7850668004160804898
5051671251612714676
76644741629223901
4261437125754567450
4519494630292533864
1756756537594720689
2851016990106727822
3192806615731828417
2865887356294796746
6880500324560289773
5997533329150057588
7300131716188786453
6857555046739048824
6155615198919115160
3087345133278702224
119760673521333057
8014810607955351113
119529542392899740
2399505372139908415
571980857092451969
4384138188430006175
165310955484822277
397570900696444903
2570981137555021561
214174586692624134
8806914964560093513
7971228046414972492
854284054055330017
3646568385702317901
7173329732345115116
6209001669868328458
7660172129123010824
3127157871353782299
688052709441154503
8173869950728971395
5813531857744105420
7670144501117831657
1307758535879725580
5701716374586403102
1264080354192782519
5795488078173373410
3514230343164530742
1074488574046890988
6783157728626347424
4543813338357116363
6596249227553241997
8197296739062777569
4210974728693231964
3565808861558593413
552498186257631468
5561618434754161463
3557919962083664812
3014542199416787630
9006022807128270633
7308391622549080882
7884149737924415562
7729520311180103507
397240629692893626
2465670372117229137
2000740477033099055
7180924216810381709
3444164810568365070
622985629585546311
133738213055348670
2859975516745951255
8450326499089616289
7517673908631461670
5656018101857015823
7271350200394572357
8225730420706599262
6091503298502268216
3761733332814194703
2961345267626932634
5887671293786627898
2294820507159899597
3541345075877968487
5260291453020581147
6206210360911439934
3094129500352050949
6046404755815168072
5946043002670818321
5100299561101983387
2889952283995689303
2863503149312517470
512345563376081862
8669959263679520219
4404841130567707330
6102812173054600695
5626273676964634501
3195247896409476531
4018194493916998489
7065243018612354223
7647738807978845760
1962413819408062307
6853547573013389453
5737895910920450876
7929259073879480617
1613080404548383059
3538256001688977528
5679355223844961949
3644039509973959504
172047566289851282
6749483182780600416
29190432610134526
8153146081772055300
2852268321214430996
3924113338721400572
8803967107725446313
6966712813058253406
5315160471456410783
2343172123258280405
6289502172638003971
8181825812070256206
2848232732622658428
4836582377335979202
8272069650707775441
7197500935836584074
7069965018139305220
2831987251786451885
6774901563827120412
2915057478339557363
2086277815966001378
7680141297052810650
6133705842866683009
4524499727682506830
1783549317429922316
2057887886614005495
1195617209803415496
5250758355577676493
6565006551881643676
7160408701651298303
202426598527673055
4616443863290744338
6469752744154199885
2356609028009452187
928473083925646969
8383905703620977271
373813836337159953
8784281093654687495
8128981727755830746
7918619724314253074
484837670059215601
3506601792616533525
2712631626015104634
5682471326834028958
4661765972358842203
190059551221136164
1846175815722477937
7254818143535809812
5782907211610818223
8684229184305355072
7694851872803537679
1338670899894012322
1979246790349435437
2767132476571777131
4041324471179063233
1045495942649090971
844360628064915900
5736332349878397326
5835444630160429638
6104117354018464757
5917385670101143682
50036040472509312
6285233909693842333
4511174850782153475
8935402037993331183
7776990456838742003
5213358081962206255
2657682783063363996
110202671652745698
3815391191941076679
7457628048142769823
428934334230268108
8740756663252686969
5010218460790837972
8193213640660297280
7606730688155300346
9151206046696987903
6259807576129325878
2398534257123537727
7014945009241943181
3248986503834371277
2507588915818152170
545612263547747607
4927930801839962016
4215634230347953373
8157491408943390150
4111110050304842829
4185665065764248899
7072057995967112547
6315873921632861009
7674625875172995631
780725363103573657
3135824683101270414
5141959995165629130
5698883620520866250
4973237903755883451
5070769997221344193
5760750689744747792
5457271697188275896
4160024564809680183
5573746868641980699
3986344031043662081
5039812223516232137
562109705236674023
4353263076021259092
6774234241083019850
7916221341644636162
1700056906976784609
1219452062437344
1228150634850967678
959089105262693319
2498504565935799714
1051487605328385435
274472428941898594
6334213056044730629
1251179019734672636
8541903079091867933
3849806368322207349
2284759719037514121
5721132321118823774
5311747569819723210
778439543353879964
7559095515476678830
6053757959069858195
4368756958125079094
5400415488031944293
5434241081428462883
2886265228547489305
5932514583261801641
4676068517171287069
4496098575612470361
2829875364933403898
3606543101646226706
8992812687292236625
593881820884516858
5555627424387997903
7789380762724418433
4452284223178749595
4123268357627166039
2840895401911749441
812199966319576584
5026690449328832186
3959745621147415502
1541970159988634046
5813791462699355574
2875537504484235253
5706956812762056007
7932344998752378798
2112095283684980860
2962166533955770669
3189830392380591512
6221901124109406676
5420705933773913968
5348063885992546834
4716537442456263755
7341015054183280669
8134665896378422684
7414104373663169655
2281180541292454331
3282823085132132379
8768410552530090039
5030943441096977844
8737614528770560862
437669911723415619
443180274837789219
3704897156308212031
8901617916173963716
2723440655933589544
4737961010193941432
5084190505782490385
9172621367669649767
2747371339706176271
4126523301661508342
749397564243092770
5800902080362168937
5293549814997272702
4026947937453215126
5909667834839589940
7354508161145930691
6491161168812907120
8832189002105454246
7901519744543740673
5926252742170787492
2414803427299125866
6343628898903268211
5907337343737738026
1067891253654375078
4165819948603165883
8716171610996467678
6340755814974813876
8138756879915412423
5229444964264665816
2884146302525977577
4108774379510916649
5819018711076131617
6999259012822247902
4187235130259846914
3860946296120487835
2586845335228772045
982835121362079453
3128338129523308878
227091478037465905
5519616898042830674
3858528447917456835
7582831717098415645
8083059108844125797
134282878348909679
2719960490601534331
2479796077941278785
8048155158433576462
6483542363183470959
5200774717538284530
1793016378748925203
8619251846300396732
6750985993529793308
5496950363634492990
25853573074101261
2198850340580573769
6057969224333410332
1308657657009418786
3987602432752821286
6220419815776993737
7889550164332353384
2008277452270015952
6470688433606739048
3314021592812251071
423755629102017691
530345810852112074
1704930828569477933
7798518841644658813
7044331746525909850
7459917095551062061
8898087710451078512
1663822112558579852
6428467411541786456
9163896584514826302
4657254721070770698
9189670644431364003
3267442962445766108
8534368623600875171
8963661161092352729
2642314424666934631
8696889708213215778
6320385690981773268
7318326698118065942
1637735813497098169
24514286472429401
7488095944576297180
4544259349608032660
4175295295956716196
2122545778590888106
7687328961939673042
1043578928321152316
6597754327152753386
2758728453713784776
3252310649810530547
1618398101601947909
8347070053661203386
1637470483346544261
2810429478291417072
3520654774521607105
2087492558801488307
4808988554762924414
5275249863363327241
6642769597879486730
543399527669818677
917931404601021695
5119481303287133211
1538662295388171374
6501611424535011058
8077589640393405024
3311587605313317879
513506761225469660
2484455795647766445
2696464436764121823
6022224096806128486
2497784945773619960
7826711653085087279
8398663372269378597
8835783204932431547
7328894024682293066
8952677029129422046
3473652879174005917
7783149190015800836
1380704125420274570
1392265476199166165
3098343656297980074
4406666363800341545
1722844141693886862
6017671344415533408
6848912121577334798
6848217829863204134
2254094446870503298
5265163710978193031
3589543422598686383
214762955949051230
4661465738632406605
3096792464916755846
353688370281185894
9215517271280642860
1917996378879638227
1394145789988782481
588304674763175285
4691406050566542762
5742409965807622620
4155930943586948769
136801405308213727
2867423486497220559
4151546962005296100
5636172478535003197
3694026758129298151
4793622223672109918
288817250076344204
5641687814497337768
8547339304544728394
8811044336072791091
5217605104697451477
5802976257105801577
6454167695206636589
156647901798093906
7300280654118376928
4515927494128606343
2590781708966461988
8407290081312065878
2560217678279496972
3723136130941061032
3961442271342412625
977953045275241831
134075346124288692
4640663244531603909
789411610288433263
3839980843742819200
2647309130155732192
2538117868132762272
4471521614472554518
719462844411227011
7206959789197216727
9004309385122016292
4055158976643748058
6420145847567043546
7760704955297735115
6614093563417229253
7607476407253817650
6743174159933361908
8807787832215966544
9139661115368291860
692992180180699727
4430982998253579358
6267251784904461188
7573248874186770299
1890746769728085815
3410013535630779575
2053711245189408608
372241477535356866
1758383963765453953
7237129622260036546
252226523749136997
255458557529886098
8045269476117376926
8933808680310023357
6989880826155917131
196675555007168180
1123349919218800150
1548938731590849607
7132971107522806411
7339408674703520935
8640134912122654160
6841741115409324311
3475349400475389868
3016668326443826106
1935435981502160142
3093167026577890435
4157676539667747895
6512392085767472340
7680913358451198559
2040150620062869036
2681946625760472844
8850263462072554228
5828541397930926473
9079726839631959075
6412015795975746638
3706141880267136150
615318204112761342
308737960942745562
4882939234765501124
839630737886399903
4160799949137725560
2002553034442211494
7323981196529936741
3046203031616204236
6131056569957542567
6417420406736526605
3114881292762570937
8004143870314193672
3453039740947696547
602873645261214921
7944081457838305867
4045045784087606879
978532086121480822
319658536853847121
2947316931180812115
93053483646991673
126290537937806734
2558488882060739284
1821710929678441279
4590297871967774441
5651583918159790095
3211001181429203893
5175107044608322595
2962062970283368470
1023201074511978623
7995935630461250419
3549962349619839615
7391186247152909627
422391532212819193
2170482602585146151
3433878742238374243
9072238427144260720
2755104602089597558
7819637489349451364
4075920193598735852
6917862529565208371
1677848736934270152
2231423301512478337
3307316340706826325
4090048533153767334
7918124564411316456
8223959105894166470
8307607138965356163
8395838398061505482
4613033621464264677
2305557592086479205
8071475026124565780
3917780410487989075
2106397547504051248
2649066401290560506
3450949771258552408
370502034262242953
3033589794247636229
2578922646155674240
7797861959665247681
3098640322695339163
6054228122623246077
5123249486462871485
3910434538701825648
4763037798468793670
1053701434076562090
5683597252905731508
1051672514954194104
6586559108893331662
4004655540112886481
8523155173741030381
5201805537232386342
2777831928393797107
622762672180924952
1270681815215143004
5451456591136681784
8127028631351255429
1490520154984356156
7257576222319471060
7432989004053037113
6623342678542823234
5430769936073721852
7674561858822666986
8873297177210104847
1080494213709191262
6782636460874914980
4744466519642817088
6436261360840527357
4277796214619728964
5693053254731871173
6814654387899026548
5490575315835874931
1845865882836643236
1733071653053571005
274596669226445861
2978913509832425238
4240438377906515216
3471007919135641521
4081207312935823771
5029321676798691362
9027624241664264151
2038676778779542766
3578372051340860993
4521666498508384172
857772342321656891
914680070535914998
6529099057289907243
6519465761969337312
3609384474819649702
1275904300955629745
3024438515786037402
1732173228306466791
7144783762250552084
3812542732606535397
2417852888647695919
314842214648107440
3378709899020848844
3210682385660265288
2497103403954901849
9176761622027431221
3246308538936173678
7429510591868248895
3496595425390973905
4916529085222173390
1441630259832164037
291118079864608942
2256766626299725324
17169289289274395
8918691846825338148
4485793237869122059
5024199500040486797
2162013576852827185
2933095739969405338
5508201780961731377
6354017995918729743
3094546983277055048
5395086377452076587
8495290860236146993
6180129485391544561
1352069041000223596
4664020023129365717
2966733867057291501
2242075320983787846
863462297224805649
1615559785413604285
1758520478727983753
2924039409198607053
3649881550506975450
4189379239156969470
8561244640353827520
1221013411051861966
1558285487851613756
4374938828576937122
5734060944503806208
2758946250253263722
2260879496376879891
5079569690147721746
3670557399023600976
1605984114042176198
4069979217161328798
7352194153132276794
4948383888798066907
161976139418354796
9013303979899720981
1777587115418252179
8279943873821139855
6210694779928652565
7096712670853019474
57570637545191576
3147152954587427834
5771540562967844786
7809707907140433308
2316496716520749222
3295113853833239651
4026151065431637385
4121395587915186491
4938624087503939382
4406807675615953795
2880994426571474899
2491685949494646619
383621842763526616
4523819618740861107
7246152751270228424
90516165125657463
4254834923903602353
3222715890933798932
7033708233167051453
837748585534597541
4795203951687755275
5956767981662707101
8804014869370802183
7509819143057328722
7574014480736654050
8665495990383354838
8814035095469774547
1559537312214035170
280771261767041515
7117276211213881403
6024472699094841625
5162243993657120156
7692892037883264587
1673091894700808536
676865082185962277
7887751724024160867
6335222005891512276
2364358780313380281
4424266828791935973
2477624583213704586
8081108254009968947
6315321820481883439
5900754922031381000
4561489032365801236
4179720790318201815
918829134238465036
5786029605375938519
3202112538374288559
402088660037075387
2147502902065130984
5923856090750474932
7831500618288631284
5871971257044739568
3346550281556308718
2402492014836816322
7378236845431796728
8326664354000694141
6182157378106721776
4643569180762405800
7468946027191827427
7236150221807351253
7934083430039295784
6907427297858179054
1120887149433668310
7341300026168405620
4357434339620706851
3699264841855452625
9086346283191642313
5873917967999194707
8098114890583772258
3541224912803358155
44193338734782752
5315949398757460821
5547377773168578565
8960711787867391035
6242000787417231460
8828612809016529020
3287298955874914229
3844661779731455331
5693898882458071388
6385932366615820006
4779958285212392928
605446756692523434
1768324530069253044
8185498035959332627
5447433910584844673
7688356471100443826
8709347433242147910
7335397706050479466
2732480501139489465
5886515619422078237
9198350143418776498
4403822484401036837
2177201993210027569
2309249817839320095
2654076083377802122
3063286230568802833
5207639773226949606
8165751028510414160
5546752412679402561
5394578251775577478
5309362752051807378
1266935333434992868
46414353998319431
8258191611698224575
1737587986948170154
6398225415723579565
8992967145248100634
3354419070714262995
2178301637780412225
6140046739487160997
4769685511013988625
2141933630854224166
4091698974265295207
6975417198022458467
2930380719760148123
8950325922923000575
4884889187477882621
147053374194064421
652909685733724233
5005943330677372392
8556220634869760354
690562087260036197
8096648993692589124
8160675013143018370
2750736266710355669
236493209590552432
6373880074001815963
55966940966435294
5019232206198042549
5168968544557701256
8221219642220041865
4144948648413844067
1345421621583893008
951035084354190718
5032371169735800489
5948496606743377342
5182759219540077000
3671378036047190470
4678071518403298321
3979491005786121850
4776797192129446928
6970738832437550931
6753756861438065706
8187030243903578681
1880155558474681462
8749906732901382699
8547297223145339346
1758570179025046148
4870773896257340991
1830577210657811062
4142547064205019792
4783118722631446605
4145704264962613125
460431581830833062
8066308281831226997
4305374686458065868
8077804975297669258
7680144416146031947
6635410432334222587
8490761994774784545
932611739498916976
7386852870268895321
129784850383918282
6490711264455108035
4798697229672123772
6055447574685683421
6351400121313839163
4869523643964518967
7261542364404593384
2105189039404947525
5958069681847630102
7385885570998924733
7837738128628004298
3323186582349978606
3149589505208461922
7486565256269900463
8498964249512620881
5934510242000648162
2049121358569022968
3787180069758584806
4957414553566337816
5859277113109435250
3434619673496639545
3643858048626724188
286235870235536731
2139912482480747685
3127258339139178247
4146023715967799400
3910369578642595160
1165807525666365878
4513907170080277905
7030143181725044215
610051602152951059
4259061980601513798
2043566574223000335
390471636608265162
4686761284748392677
2545271619373147589
5301287118555278047
6938659130979840740
5782408537895149262
61427344980221287
6956744817420059024
1512906452705971561
7736597203561867141
4150772062464523626
6540538585296631662
7711496890888975684
7079673466431063567
6335386004309828966
2653790906427678269
2012631167570825259
1727027492148154563
187198160479276621
1215170852594431249
4013353769598921122
1204234810527908655
3357581248281849628
7448796329744673763
9052456743418668302
3816379810744264463
3653862660498054507
6202000560263113880
8855007501346619129
