7960237170088696859
8567018092003545388
1926898778444530472
8278899182027796713
5725181476363050925
7558233336963762510
7882859463254027415
6511701097983673100
8635891726712823313
5052270145093676084
7562331878203935586
8922851214692193848
1989673083232934403
4649313050033024333
2941106226575102581
8245336389602372437
1372153552295458345
2874566239339322617
7353596062553257689
6295910015258085074
841168314897970377
5273624559405033932
8858671010519596646
386805680423068990
8992401883688514701
531111462926423452
1634439464673126324
955880370796399846
5264244374741996782
7158007631131127813
3259516569240530112
5923058336597935298
5932161548822911607
3015576088848882395
5442156561471403923
1182699616714904759
1171150354501091461
3665081096841123763
4822017087990539884
8459193645893866828
7265438457632964052
8323801017020217934
8023095905861149882
3913737099965024029
1027512710920008060
5610021070308812848
1893849751485531974
2126182682435980865
2374966845327299190
3626962203266752538
5089719675665404303
8110431374671909058
2925123167413135897
543511001798177419
3391424312101807894
1127980686455638572
2962358549156247630
2567951978482144722
6307740423956800264
3649233758349629009
6903236446074803368
6495684137704512653
3472967864725066909
3129588499896977605
6412293586956243570
4482236783449681104
2983534505469108704
7020922912479288755
1793276877952863437
6204359206101198381
2581061824756990438
5672103723020105997
2970506993622553027
3849326074285104379
2324232275379996188
3687042725947873340
7898448540625031443
5688437949293673122
24872779964003962
6522202476620840473
1076010990758040373
4461297399072670858
7176913381231458137
69380808994053642
8074828150627157440
3907356672917357707
6757833190682754902
3255924961755411757
4193402475440688397
579402458813948789
2726623883051987986
1523634544250790432
4196501845983061699
3172677837378763661
5391559567456292152
2398297153200705609
5616646668811963368
982362640090611612
4004588201918076259
2581480005968350852
3182361300412356365
5346347562943385935
4511557594559499728
7481173121847370026
2359122684964824857
8211281120473444797
8913715805159822615
488382105325103990
7038248951808570816
16986080248578193
976245327521771999
7259781319957289527
2897928273738944014
555196234625039420
7374027150390539956
7562484300246828540
1090331128353055527
1137934799909511675
5140428667188381975
2949886477289165819
3192016972627687009
2364833965132321151
3297656344138127016
6632176516831421821
7328167280408091899
2283911171364438202
6687811182753403781
8782256331430168294
9039570866802240378
2108438145121369858
1070307110695113181
7070193722877686634
6250427311887040379
3780388805979662210
1053884729333106424
460682248194344921
7881987559957308999
2319011767097346221
3194561248974205598
6392517984471458046
3328544440562665428
1217599405969387065
5391005016821665769
5186835560280631007
4451945268687474308
111313388160376237
1494133206135566982
8867493147001306062
3382862273197721407
8261200155847413701
5447693640942599309
539017569733622140
8219096613187023580
8517725836210997821
1856876227228234042
5996231490737159329
9119486971274031174
1440310246206827519
5457223610331635526
1305115353555191919
5808890143182188173
5111047323756993130
394603332481172926
8022662190052199518
8901435745619909906
5610973074482301508
6053764385456639810
2812568542147754022
9082129733054479535
4875958729919562424
7756744388684288098
1737152743802091801
5136667450108517282
8879362400042807438
4404078317745052089
1955270459540128392
5451692753469798449
2474523986371688916
7632117146959177971
4752625677703554906
7821790973279514137
813477127525166742
9051545906016980406
980263294617561276
4584406818767935936
5518562429035593341
1045355460795039768
5715483807234078335
2764509932321069172
7800189173143678890
8855912562247250863
2142930232552101026
3679773791816965461
6225988952502111057
7408977200630594789
5154236869534104209
1306692716697120402
4454713598371501682
7816436810278999401
8457552198762295410
1879215864481133962
6382137617852717027
1836390023864267651
20649848483325431
6428961934727757283
6388779240415067791
529603864348945580
4629550371903101287
8720763899114120909
1873400705278522150
8355526488944501141
415679826496698319
6252904611938077131
5081623823821276828
4797903453117346261
2873077505292848045
970321235596720776
8709019034492547374
7494806451326036264
8706965848411742954
4571526793712060337
2837853337887324178
9194961685362130550
3576469697396167283
3160218190777590594
5116936476791447361
2434574027045344090
112122734225265153
4265334965085021936
7789887697188958887
7167850975421421231
968131363769644077
1607758027308441664
2009501553136028695
7955714493112043559
7791209154913528237
6737110327581742521
7006896909662207375
2390862671477921863
632656944072575559
8819344776747175175
2445591316658924029
359486123815238816
6472822198234335684
3193164663435748606
7111236100684172106
8359450882206423028
3732905382254827585
8467998638500680950
6373084736496519631
6962438473914199217
8657794370648115788
5368902854354533320
1908486432286965855
6124167962073223123
6552329691042403612
4175688554101364641
2566416972170251597
6547548413712997649
846231663869232743
6311476230486427788
4825250259861205879
7785448848236643802
2719247383331456388
8067145273659545970
1711365098418191874
8069806645164955873
1054820936672728919
9187062581381781159
5979534947435774230
6096823942383752282
1478352884726548318
5363863181007428664
6972443682406864117
7947956826881611656
4529072865046428072
7380749026586044697
5196272428222664049
6870647497474810096
5586255379944419850
3810481652247622666
5106794513394072428
4776458269564382655
8163640986520247684
5030172872154766245
2282065960722695246
6573346713460983033
934963809793481768
508752521751134059
2888580008693594653
7338327911317710448
7885970961916989556
7058653902559842069
5048337275750158583
9013512260999785596
5635483039448920392
3447040556330833927
8663491464991561612
8602145620785216748
1889016482565465162
5245136624118392251
1144257329819195680
4371911625138144477
1669240209103416701
7811503764042251778
2280863299792400814
175760428389792690
5908260889886530232
7451559839198864320
1009024582195968095
3379590203855998523
1256004330197188355
9148814772141013047
2840122022025514795
6350094526774888938
8369975950335135657
3729004565731292540
3168821639506867387
5604695479553546263
7582614232405913087
927501302398821982
1320289101732051986
7212121827102659072
3072949243453606466
2542435732456920460
1733154298955931714
4921012331873619135
3129897266321725377
4448819123727926699
2395221655037148698
6679789427944348794
4241744946959306157
2303263163089618610
2485320555622977639
1558498303139322542
736026275197492600
7594568982386760181
3003002555345470357
6203593603174466336
3371457109929885371
1720791422463055234
1904190835574499329
6044081285988667895
7782254033592842177
5498591530267794695
1007797460037528930
6173082429727663208
6465048640382524351
8219136138925769452
4232695997616983364
1488828876382917007
6579625761568822993
1674711647541130050
1459363256111125189
8662264196489761725
3690133215230696542
6348736669977101026
8484285976971469529
3938538506472275728
85230488916973437
944099549509801676
585235142696201532
1650948096765768525
4952856952992522934
4744623997755548366
3284100269941926055
1098372431909724186
6152213251215653349
6138061204038887002
4554032743103197128
6477174441099519100
7204277311279412925
8361939932334717289
8518176707256139515
6031719899341327118
2821622995659703963
2127822161841856151
2641988897258157895
5793442244566154659
3282265181008924698
2818702077884978183
4660864094808571418
5287755182097038484
3705233102387236139
5440361878386564191
4554703667325682356
9169129024951047867
602820059848961760
4859060382057785397
8543106565433720968
8895153871239620070
2079903643876316012
2053162678047579635
7578211805059804301
3248270948281563097
6648245064655306931
5884370831083400977
5500197269488305347
7483486885991923539
5117186345508370018
2581266391803588082
4376733544298265905
4958256197315861738
2928195762037255459
143989101589374928
6885251036025344018
7114962330833354114
7213730203210849815
7321605384087646668
6941286669366771191
1420163705494332935
4313840061096478782
1628851701042649303
4428496997596893382
7051091833392243481
6753400124094048790
6261546040096523700
595755343880372098
9118295312006759608
6062765289213580970
7932307470452705840
5203004232954427080
2251162467612045986
963714220668338300
888099068933469969
6445485550108038951
8826437621126846766
4226844239970863237
8027243221681485601
4966773081478276793
3506300245164897334
5696284202383745753
5908500429203654105
8404256689350677186
4219951147129773629
796426627075904818
1831321168316348900
22843116403491008
2124066262171432361
2660171435849333936
4095465625723988272
9134114358829332534
2174537831581797102
3527361727667098629
7268940640606836902
8548634598102021900
6144205760282787485
3010286813150368286
5834426857315039719
6034762052702232069
2767967621689926967
7233415872871124644
5333720913283766522
2684143868946490182
117887117792898406
5106579998378835509
2297648832834316587
2943673002937608725
7103776468829422905
243692965985244292
7382267531798769173
4623830344486236041
157311527092481127
910478240180158145
5674808851224218953
8052698831297372341
8032667865344788122
3625842559302825075
5667195784720013012
1793803514114920891
7336755368182924725
1294032127211926764
5116721400243723703
7510168811805822249
3896176620432430127
7627088178029391684
7107790721049643815
1301521773984043807
907440881346260522
7610826643512690352
6043350283949380087
7660193601597156217
6765572418400151460
2049787405503453635
4524483363308044719
5137639377592544967
2358127710315819259
259977863146853991
1700102066330395152
4659932390494003843
3753140631234181476
2509919802067949258
7211365407731006756
3357739810555037119
5606225045887703239
1863450309307860853
5860055977272988150
7891586424422512678
600048797040279561
1665264082125481542
3842319185111316259
2267450891687961679
3911754239907912259
3494646394449705702
4504049625260097146
6865211754675540896
8328876889139466709
1677615982909565588
4394198267962536543
3597187094412258055
1985939670075313963
2971017740276734147
5886293048752651182
4139913728192406574
4876381323098933761
3191217365983977939
9148927696008591780
8809913834075465331
3471120115735189100
5598296455559233356
8311032340296643025
4663640698108654948
763212548642538023
6689202543146022618
7942644007806236791
2853498926461254914
8229899725044096608
9006540595192154883
4898234520089375531
1292963866252312404
1862901648703524440
2429024250071111336
2348652208244686789
6836894053856865699
1228571557559441870
7587614963728462841
8134747326321394769
1727053795892521225
8196225453874419049
2559623256873613398
8642201463086951995
3953526913281619048
2662031983138952588
8175474512466425367
6908424521063636402
7710928733914561544
9196054510917415452
3447747534242016385
948229240023733420
3701329557510335097
25669409665176559
5209934096545568847
4752356081184318837
6559789838328332132
334037014543371887
1696375162278011483
5502826103557734546
7477697525918587883
4205309265788780945
9133144903894378372
5240383898447283496
3092312069883950417
4704921835477513719
1637878690935527627
2700553419185861244
354677725050861258
5790916307176862989
4998688385951624259
6900781119485796760
1892088886041650022
6360143177637539461
7493941821868364441
2952887384996771116
2925389883357325512
1801737231184423115
2948518170786504116
9091933000672556692
2789120058263046652
5093823628904071651
4585400777417346726
3915660768017250283
4043440564694359762
4430741329193581890
756384913164130368
1296441508940424553
4908495268042262107
4639170344717391662
5803631974550613360
2842485408940008834
1157454171714194910
61147109574375917
2022691302630732007
3513574158799199362
234295740720384772
1250764425342770902
4101009932286645564
8157708944392750266
5406737480802425017
362938369710530416
140155142451278100
5677265396525079782
579578394552130072
7873592171353967751
4912220950065745927
4563861492878877175
3415826705887454215
2781482715866893231
295363436373243593
79672330346262180
298095723976514845
2058529700518491262
2705403042682741453
1706318410038872073
380278848862306841
8415891933558172429
5456600975846715400
3611152141831742453
3837551371616954473
707276637874946970
8162755512960597611
1890989653560772876
1936870328646096225
3254660350364579993
2860982428678375352
230819964053369802
9028307710094387739
7755273271369210263
280060474532956294
8963757774635730474
5984035643641921864
8871091657394538519
3707568353306014621
616341951843396889
2578539014182928000
1541115513492601378
6915192471507765307
2887492547268874939
8004140566996078478
9207158606539861353
7030533980732635793
9167789340064535744
2356845728655515117
5736732359818101887
7648324795600610561
1645986371265760880
3960584983470481365
7753998316295230535
4073786320119515362
1922051975825146089
927546030848230225
6555725997223181924
6820954955486162719
8892286251317737546
4712551829370510157
6787046777244552283
7662722027424337674
7332195305653988677
1306709517197192686
3441763005142815606
2870880155509407956
1146331061647139179
8250484694159593291
447715215034583732
2634140383541091892
4647855622358460734
8360903102004379899
2004073526554657502
928135357501590657
3920557165505043776
133966658953692078
8629785769385282952
4672408436093391301
376051092103275314
5564800897272696786
2174284419922778852
6751533075268725175
9132554968138453840
2725050926346365366
3333982722190674207
862097287601131333
1839684240641178386
422465622612867048
1404957358459868723
95240209264588570
778905973535376096
1653724481006653265
1727327437362958047
8127102824150283854
1991325486311943840
4215087384473206029
665136152874425740
7969751425779141240
746749925276162869
5466768624280684934
8458929194709838837
6444564943052734383
1543116679482287089
3614722951985457955
7969120094358829383
3799567430255132657
7399522077349626898
4195430752283001945
7365070234678982402
9122946913976860702
6678646842474357365
689716594266954556
1762364658464252230
7402312447542129994
6142774190019290753
6342878762875848628
7504016238250861034
4483188947136257218
1648080519468002925
3785809394029035079
399124427299660716
9212786783390367918
3544347807915676822
8245185968128608901
6585043881204535619
9042134034021731499
3565483047775407706
3985081970850803867
4373874316094284801
3858298750042982494
8371350672780636319
1250777543617372689
5634030346235656001
3309904090420585415
7471413963511156660
5595305176972443603
352477482914254738
5208571712382738996
2527604137349682494
4846706677697397146
4182714639061628527
9196882393894721505
3018916385301528003
6745115961919332134
5899520517320283167
5059723140377052693
7406231365282487285
6721080514053119436
2254485762309265812
5995370891285457916
3613043894309272985
8311282649217929301
4679314759422504487
7224721060995095555
8844687583998778749
3275423701016533776
6488357334264674814
5359386150033734830
7722140031673066589
7537483490084947069
7304314711743686471
925062654743097059
1087615524496091528
748804967395868220
5676656947326167107
1353852286648067031
8777703699357851812
3556978293558629194
1432791844376387364
3649255565653436842
3950230048274776777
3445216981207866474
4662855164110229038
2191743152215115604
6974497633064853983
6254659309754161076
6690876577619936388
278112505805413659
7276237156607783050
672711533713180261
5080019433835715701
3770511936107615986
8370605124369268126
3037421977089609436
8602364498477632697
4242172302393208183
1333606346097597218
8798276585707588632
5552457553952386447
7437632423545112412
5445541726648423063
4295038158857053345
8892539405895961480
3474800259523672090
4004694493509144681
8977101565170796378
566805091838250799
8055526934503125036
1893486847740050889
133015764236906985
1155752468487957475
3527722480963607195
5266019679434925700
7575184533198711846
4996429159013355940
2686301480006286261
6009157510839490132
3083839683865194512
6447200735786416613
3169594365400644842
6883737848442613018
941716981668910382
6071074215764385301
3107787422040575832
4746380544726404060
747765313330886612
1747703644375846656
5401815351747400524
8948402497288681189
9171805327435897575
8583077285184720335
2159423845398297689
825503180890171709
6040578973153361735
8126608560411259863
6225587086000716775
8529371358063293213
5746132693141079681
6574407062803183142
995990645261897335
4695581094183340413
3023790495655579293
6043383649885299278
4905563808255432224
4534228500165335661
5474415752065089288
1830795186459979358
7365527456566371539
5026709343831049925
7674957925492627586
3204434804109215570
8970256800562535655
204394351269710706
645032357752506667
1322809088820505335
7398674334485304653
7008189939087652954
5633123575743064511
459926004100402451
3873881468364506174
5277466694675796008
5343750056474692979
3558046827429901071
1397709971076822482
5394109487445428145
228047087633019700
38570219642606528
8286988292339820257
2473264841246743024
3051739613368897503
7776345946949187347
3675367930839487032
7129469649660649999
8258879982854623770
4342917601835602087
784701162217149174
7712118406837579215
8966653371013231957
7709783862756598522
4236835663675740558
4589108274800983604
837750535657421203
1080527404589617515
7562240655829198690
8926260192147851443
6719785755774618260
8125984864133881405
8430083643370076386
1851520240869469974
4523700004835259847
1634399331224858991
7837282715880973102
1668383860646744349
1437313398407853649
4894179590614002533
8145345896874321895
7267807118780107710
8027629157227873836
4827168589022942917
215906690249760151
7901675470905405502
8576965907513682169
5966534228806726691
3003001548951019287
1340023452386012020
8387610411396125108
2777820321282426349
5737449510029713215
1221449436828517049
8464336367021755909
2871834138439577993
3763412872115714052
5749562437371970005
7569147875371080250
7690906635156601487
5590555137074276524
5328397750283114877
8753897998780740262
2396146646236066448
3094760176870596638
3147687781442800425
9218487572628613637
4467555496748393162
6786252137610993629
8059449801326960987
7259404172407019416
450008739244719371
7795290333727337323
88025243670260799
120177731599552626
8265106618542045349
3964920162162190399
8657349377796578656
5025576575121759403
5216589313667669720
7679441051581467774
6913908342145030157
8272146502600035027
74149944328590074
1061358526099698656
766404558138254298
5273609694016508001
3071794024921647436
7714548079643374265
8983011129156389660
5320945095901871941
4379658760650799152
5984198737599736066
4604034454465339670
6067343393520758314
2157009923626542860
4896534338762510431
5029362038578240590
2104273013448033720
3379276012108910248
4307336689644276112
3413455913124568296
5479055468644366318
869992934151184678
7000982714917267325
7675410991438861658
6579644695277741650
8936258007202582157
3895075842385834086
8655723910843224504
5953264217272345927
1283932923084431735
8832574252458468902
1869894747638660263
8012766670368841594
6887514262995391399
400721460530862367
4327936206881571934
2267734849918293103
8233350242575476258
3402039084904088097
363094043406633235
1430217645946929757
7905220599703902571
7013872822851526766
7230665365895834961
4685288431748438597
5551999113197658371
179656707364864705
7029800085748935915
3194064776248055614
8567579904977980889
3490372055259601941
7083667700197058712
8497894509259351084
1124271966643879486
4279759401863093596
4453607620225282022
3932449246719100657
7893993905546367481
900932553944193711
6697117117943493701
2951122052505842063
9164501758535552591
408466363237941377
7125177844394415113
7441522764034157584
7068074575037959777
3217826505184638899
4650278841344163528
8832102990012715306
2727047033661069232
2802033722736324002
4373465664492638047
3511240035871679765
4587902030699765627
9562661297294390
3178033278621927654
8043132507165480581
3330681187493688701
7687193024283235636
