7895177544928763312
7245302948357346545
3400094906789264906
8677075262166377289
4007205167056332422
1928426938548194990
6926438751698953109
5343390163654206756
3947252733327679469
7602488580262227750
46925070117717100
286909396023700029
5974986251513700586
5969846273269788805
6102420928743865935
3533676592135213255
8305188222234771777
7374344159830711256
8592230157573038350
4678509551812521913
6700870649650337522
8456452557616722624
4602846718081554364
8863725524231545273
4959864111427013048
4435366531161400534
4039221628396853716
4010435514497969913
197876274226793554
5600811423658327825
5890989525300010507
8054576965689760797
8662486394597258665
8445524069706173535
4304724560295286803
5293111947732539332
4364621960256459148
1723477006343410902
1020578262612575558
8132649148248340803
1584550761164372851
7119246691211622562
8527882247140423188
5356371445688789770
3295719218796377083
1603396725334824896
2045565499729492414
5489449635042691471
1092436484377719429
7328899085627748028
2402731206526470641
7340049839374266773
5486643656328744580
93457480620133320
3184117611000391947
7501530849921912281
3172607154616519907
4869812386932155515
3671590155265681979
5566377852989193577
7760849227307708392
88242296477902684
677166428409663963
5701907675109489209
6488286699530365724
2191413889859459051
3494775104850857061
2703984301022927671
4356959381801052184
3012196521651051415
4713286757897675719
7469535369428438385
3579533344639201946
4659398122684508890
6397062999590626349
1312698161881672780
7704685408932283292
2702434879878312826
2158693735516754540
3470895043522924126
1545196102408034377
2146708028965508551
6491173831077531731
6264478061098203015
3305161344931949953
7696673394884322569
3104966637495329351
7942073147219252670
7313328772433733491
4950675806757422649
2392025787747591446
8819662284104784182
9003315945216925474
5537449627742680837
478480435580766422
6770239867856230408
3870366444774548112
5750345587515289392
229443981120269663
7707015868994547303
3896449322133579498
6509942270727898137
4971257162580443887
3779102814477436096
9141937399552339048
5989940000181904939
208234808106019683
1525845961633919166
539013864908041982
5364550248927892046
6418268336324241419
6613730411422299763
7409279700618698570
2055576672595141461
8580340885470511100
9097570931873663297
7497759855402842719
5700294432217698197
9045268709312102296
8153188053202808782
8805864319010779456
5585318137927114024
6558627681229794281
7836565989312046515
3900412844647880884
5580035122772748230
8710509176732812977
5655485722571292571
5157867968503708706
5848888935207302
3124803329120465905
4165233828771671586
5594945346073563612
5871732378628298863
3689372606038199318
8775323925882819441
2241632044425841320
4668924748110162147
2955686207956270765
236633294018105960
3159193136961439272
8090061050210933987
5224407739627013329
8106577090656981193
2686084716302704355
8807313926235031706
9212471272181240578
5681634301481515165
4799725453697487361
6670563580806364315
2103805524543931772
8025537314941368068
506392001473779108
6882096989747206359
6061596873787675222
5014610166886816415
1349709931356649653
4007398569023537044
9091060444108552489
6290344331477525058
3869161490374435245
4243828743235244636
4050219214417086725
5405349246444963434
8234016665946822052
7801943680326577195
8579525777010613047
7648055403673647399
4541681198629481238
1170593883102515949
1190520983893094196
3110451732808782401
7454039069117774332
8036396343197127359
6944396353532625719
910300823216543012
3402091823984634650
1144943407081702758
1528201838756007507
2211726087897075068
1181235757833955902
6953580920387909526
2162672413396336048
1598048478812524841
8015500317957131751
4411059737753827139
7600403907043970628
2174489450788706328
6800032124204856802
4216421062566406980
8336844254343176069
769279420014112058
566602055185128128
2653369864002252283
5169707480744137636
1721012863326741660
5727451803617362451
4129563305614954016
6400424011066119160
5886010994093997374
5686849074495938409
5232533381710379463
4169048533903879434
8025911644518489211
1316564048879211440
2180328094108233108
8326914457929574614
1251120398514802051
4603741461181071748
5600680733717618473
2214920051897820781
7194176346603222192
27614234473084271
4127834505743074206
2312790418955496031
2980984509364178379
3067737528579310779
2443213906034902189
1499027470055592578
7582244505785142913
3535188759926396112
5240126384803823295
6518911885369314896
5102318527224356626
7078302102660986759
952691885016436310
7968273123584892596
4404093991732263669
8811341559943783198
7965680474019340828
5953370518477977130
8485036303905834272
6132961421913366116
4096301059455335452
7148238618390071178
3105564782316930093
3543295044218936664
7519793023478210321
1887719935045307412
3412230392689667578
1026164669752449447
557129466590285392
3379875229871648606
6225400590652203873
9194489338292652193
1402329833277748500
6043101973936855974
2874064888228567488
7994773219528057084
1761482302253762057
348766832050999236
130972256145925130
4823768159549886379
770963899217733770
8013970724249989469
4428483914287371050
4015016330123623101
2242940194011115349
220940890354576637
2736760079467508778
4020992138714956695
2676408300087900819
1307499870101335038
1161947057557365621
165412089134234078
450181623984419912
1896091748790852307
2098217665558625724
6243650691351016647
4903999175797762511
6483542211580487798
5336286007186758041
5531180611994434030
5221436096674923923
6213655420694367485
3145261922272222135
3986219823734857991
3629096960856850365
1876842946636694621
1929075703089073442
1093729212741841899
6080795053796357714
1351599136407446443
760449673217288972
2302632295491164488
8992560509111010156
3675579697871659826
1592392973571072940
6481893939563793562
6753057433932525920
4709451907079208687
2391239427138860011
966571239057034677
3464104038538129792
6954970043847031397
8814074719919744005
4868200335417608420
2254917894046782430
7806905388552119559
1818466172667923451
3775519581463964025
7585546496903726718
5614317859210872570
247138935650152674
924895157762047770
5267356390403630255
8017894842586819142
7780348505378647626
8197138423297950414
1640377042358432663
7860977147907385840
7283856548814528927
945913224099784708
6286247177855395940
3077054744622600908
5188644918982427253
5502392394307472340
3448706706959088738
5954877279183948999
1176281609884200572
38015690957788787
1509112556243953973
5389435646156332154
6783959336980184723
31893242843842433
3184448620904615119
2155956168875164250
3755625130771160316
7993621758123989405
5117631886954382998
5317636700637335350
6482434351520473341
5342293928772655524
1411084041117256624
2853022289682148466
3568703039755749372
4007919308525511700
2649463348382571787
7465607549166805905
8376415629321413477
4332069932792060057
2897278038601053923
717523065102730920
2374877493255236184
2270780473585400048
4074239566037655068
4288772223293274790
4542238668584704443
8870562770513537425
5559398736364125781
6101557603183725498
4530146015038311637
8580436657269135324
8106591388677599295
6778797757904822702
9208153361964611280
3605450199970800617
5426051194203714826
3842484872245257286
6895318580284529549
6914013861749271903
7000147960334910588
7878241598606686331
4337150037047479295
3525171938455526835
9203078147691714532
3409094256797926171
4946416080440534536
7336912866507465907
5021203268141883025
1773138889348793305
8745076127402646527
5615115092922243744
8193866628027692785
4878379268950716258
2911672597674772933
3858708035612232409
8413837932791375804
7531479525296212911
4055078990694221646
3984240216557714783
2598784626831902343
8272551842284135557
1133513762653784765
8220417210001488505
2168322227137231034
6768021794345139843
4301275295428159484
7243822770805473056
265749130829960803
8484236312806350239
6913940238386263494
4618881489661957233
8611514305353309905
1727439953474196765
1631424199874179842
4848262573437552096
1837209382997681618
6841314005048811282
4384994686517339992
737881409351940504
4427989854522547911
3625641483977709502
6046532368591606170
1541184426823748390
3029563075459724971
7511645649674871612
4685425124996795472
69056578331756116
3799930841798740446
2842123587483256350
8086468527744434603
8957955769279785148
1600747924132825000
4822965172246420876
6063371302834320873
3176808156685760678
1527202915469513556
2306732862057272665
3184874893990241991
8585464672553286659
6982883055000403929
7675350993241651946
2750473055085521735
5850288587901461421
6947142089068216406
820495716652320490
4631873767113344085
3105714184339610496
5088718868942254162
1942076739911989736
8073735664632116568
6194662678877552822
8381736700871359853
4437405214528356463
5403758633425006591
6066421318556850121
647158906914340620
4972403457375800169
6112553484486480806
8807228409388542291
8837058676588483256
4861376619139177071
7731160174046092664
2655448874598261483
1134773141806931985
9052319743533815191
5558124209816308649
7809277233057790559
5699397522691309661
3082961805876325550
8924924353924313953
7957710474638812873
1246920961572362345
7556898088177247334
1118155958704457891
3481403232309354689
5741557234638067946
1691137882850219600
3192134827270493268
7421276880744664563
6274678770540571836
6396286219270799868
2275302444633203960
395092370126294026
5858966843852972550
2337599714346361114
8269090799956113425
4968963056919590846
158184946443986791
1462134441946397534
7518637235795108069
1896201183819887297
4745327672669721581
1597911613082116982
8062187229607728135
2990293772623724122
3931693687776621148
3259818657699498292
1447498149988976371
5321285389921594662
3282422581299180798
1700431895461978643
6738539874543172027
4880290911435346674
1370249808683541972
8608459503327554872
8437526141111395393
588771280371720201
2764308256911600469
4409522862754096158
1009032462546223466
1984080395360141444
9047882108698617600
859744985836935684
4272217320497889038
8788340586319684935
8979710806308909144
5292043964475867568
4609079184705634713
2341820287596468258
6656871114967071957
2494049437363580012
4634594911495333071
7382357871776527943
3243843039567555975
1494627431259609227
6363280561609732367
3641313985031969216
7072861182554688171
4521869053284596639
2204746629365457157
1946945422634371297
7074524275702162473
8808789145385262962
7550731300648830885
6991858835490876456
1766502056172366550
6629902115080697469
8586432735840871902
5380607619992554302
151141410460821467
8691590369062988699
4017176494089880762
5601275166716727756
5385968794075445095
4542253939148556722
9072600606254513083
7324236328769626316
1961211954760649457
6448471871314512121
5000682559952018068
1433580198326448063
4877578486958685791
706671322274008261
2659222873890160735
9057947808119216761
8846475061016049974
1511340692315528982
7573897524793305401
2617394235737787832
5293430783037607937
3422583424241561454
252758853140729656
1913179655521890976
5803804921580252747
1136039328610915655
670480911827036866
4467746690393525297
8491610881255428123
1147258048873060458
4748221655086201160
5187922820156089331
3260719369459055254
8981088688606129571
3655870332844456329
6378360640861585284
8163269014373656045
192342882485654818
4259866728638877183
5521653742158447930
6870816717974017632
3227539731121345019
7114254953076989089
618954252281740734
8154953906853598438
979567072744509624
8016673218900042916
904541749134069217
5052475436390086573
5815582111187473691
3603067965371913777
1874022775517116971
5380971232008257022
7510093824067887598
4546409120295175138
1525709974015629282
236728391521295206
3684944656577111527
8945896255155239030
5519654889333910471
1759812597594492392
8801780797537954440
8185398382759354119
1261668596624333605
5735170467232120820
4316570931907874015
2856176273704535262
8244593575741082787
3532892196502488155
1190031263360747123
6829171479517888480
3290089615377795900
5967944388477882197
522105058324858191
6550321998745347465
2328196807550021463
5339266524097597882
2122797587790689173
3295659928000023053
4947161344763679232
8712852484805721893
458956665283060041
3945925878268622054
7302284967930242190
2120042666181859860
1257584367288572523
1524827797756135970
1590633951258320109
7408014215314776606
2103166573694173268
2249440679368362519
1081470531014832659
2035136647636237358
8240668202255260679
4664775798430410389
753994036662688126
2317705543703117148
4361148962061355097
1040386437952199568
1288712904999717440
5749611662402627552
9093075328499339036
5183373788563721467
2681118138014247085
7949294777987397866
3561728903635345400
4256296370700384416
8441233882726558096
8208296918052354981
5066404681580484291
8802348983672270334
2107313074591154275
1729863453291349811
1787211437978104693
8076117872833479885
714589423851031312
192789426900761534
8034283076526699521
2848208614540409028
4168568113291932263
2418265389947976902
1090943179019646549
6137760849605252453
1245181096891281621
6635693355534819302
7103143739421257780
6462930030115089109
807547252031619687
3163218245897879789
4546837341625389766
1603826707237814186
5658475716029046542
6029805716287207197
8088234261874593814
141616289807079178
8462412848281532793
1399776379673183338
285000029656721999
3031293413819108615
4394732776048292804
1204568344951089195
7767279980751873084
2433471430568094338
2560380588463643201
8290471644927639212
4954520121487727674
264917143927129349
1719666496352082526
5525429001847216059
7539117058107170827
4106228667724401198
6576408576376799043
4232656514202797565
7131974155545475582
7982600865778761686
9058728890242657585
6254471184721424109
1275726408033387548
1867806957459297750
121451210826528554
6466119577922382465
5112629003680413226
1323436959560763834
1565531370767971621
1893277467941763880
5071642967655749126
6368161274654455253
8210079331799829424
444609950908516601
7791680976567716571
5611894206989222618
1658176252019788752
2467059273193840202
5701584165364880791
5765307728820609629
7701148861842944384
8242314375649052867
6543432336318224780
600439625014470156
945951358001249114
3584194619920376918
2635586699943708762
5812443184686537848
4600709215292630152
6424106659997822485
6865380533011131348
8333854536661935961
2690328867298128920
1814306444282518200
4426261721391776716
4890968820073363409
2879121447813609937
9015463217494561974
1139532601367626614
5400390484047219053
3872338386119208902
9073717210922502902
7748503553229231748
7238227407297737953
7613700882411450110
7166246081673525851
5573596417710197150
1357349624424392461
5401846749287236342
7779607147096139361
176736977920395319
7139390370333250982
6703474096631571915
816658876684373162
4354751187095338653
5591550727498100484
8772169950043241498
6908414020622701732
2706792456257088599
2330782150919732766
2281151333568411262
3519895699246759931
800828635769868328
7932545060419924726
4917451141729636480
8658335662957790164
8933508872326806232
3703766486372238854
2964189947050494408
4851887391776158062
4981960966687827541
4757104750043556254
6928876242963886314
8214701512250737451
2814898741578826533
5945903374002202647
1031440039369232269
5310384625248059432
8964056882780695963
6500157349159466004
4185731418494760534
6984096435979278446
172415086770134232
9114851504801333980
6096251094003825944
6650368154159395423
7778918423798416884
5759232794110745811
5016431031569760510
1851768802613918125
6114854403321366850
4728906476211370929
8516046063733133674
3615187763881995852
5161688015899096770
4302688593567913812
3187650828177436100
1697974027752305497
5081554481785943548
7035730635993061250
5805188794597849020
8572878855669622139
6354294772376338376
8948666500377383559
5176304867952083918
1362338301709819127
7983162005771231183
7923960877269231289
3349690036447159915
3475147261390378804
62878326744461733
766652866364443056
5280940184181964603
9154531248887212504
3364550534984891391
5422030396183053412
3774120436739923233
3757639490181749122
2325630861249527795
6268250456413069693
8233597556656287742
4714747384205128017
6155248214089557153
5108855994333684850
2502598433401989558
3270571772658988144
3682224818087391117
2952551638077098764
9130245865566972084
7834004209392567223
1540217444197907357
6393520396769946670
7891756255600540198
4003624305168320387
7649014668679763377
2827904741194740422
530853582046762701
1720936656812586638
6544551181552409988
8026324885422633202
5853439586858348129
4128099707419711757
3774609231328699131
1163653563083999926
4798315417570111072
6780537109349021328
2249223353764830694
4214995577452371237
7191435561121103349
6686950290211681909
1619591838389422359
3292905411677749875
8895996717648279624
3673900489376124372
4042215504743236863
7270644985146641577
5212558613655313493
4266554828888564718
2051538672851505493
2815509254210352409
5856563390241554109
6572324770759717864
7416618173904656902
7112528494657875740
2889602241500602560
8052780367524140395
8158040218707016666
135505118551634547
1899488951995348290
3761742710562424383
8793201624697924600
8536258493820337045
5103538586885460530
4905585203887277888
6462128982173499079
3656061958014987912
1124854051578211722
2339384826415990637
4633877485823059880
7573181980211235716
723508648158340368
1610435428675332841
5866142723378045950
9140339091457760394
3627140172922269032
7035192263136296448
7961376110789859205
5205047593484370224
9072111673529003829
3511030505732372537
8704704467945390975
4543097197039814886
3358261978472476
3635696677651356501
6501213581654963503
2288209676924923251
3745841551984442965
6843253093554531539
1587698113509571809
6702607356634076688
8849925054066384565
4562455142655954180
7456328673368617901
6788764979283006553
6746263894431059893
7804289371952687594
1329904100732222933
6089386397429031259
5878537640225212884
2958313477651527280
3964212350725310800
111025378142326770
1522198815371992295
2105593173070134569
3078155216920406120
6663781257552519585
809574910208433916
4964292602871377266
7342004635973700492
6351597231208356790
2713059185641471579
7390570045093455772
1117162168271482069
4528300142692380077
7720400409238514208
6172831889718813685
7798999601117323178
711232980143316903
1833894840864276956
690846426288498026
3548329625959273262
5562731019442068718
6438292332882430795
6328907283061903882
439928362550914208
8959178234288747291
8115565004944039283
2963090919023975597
975241858471848720
64709565462821155
7778137891963685116
9106158244798667461
4696177867494572421
8049056963521042488
3525805171115709241
3884601996654220595
8351863164880307042
825857699078086298
5052533414196902924
2389980958358219733
7206087326171407769
8126249952832382601
1650728846051033151
4628476457583089139
8183735716653368061
316893272500564432
6215742034723723734
6550688944923457054
4960193475722249511
6537529702021086681
7551103317522477336
7878017289100978551
5549533959593336745
1073442013405607390
1676001185044385973
4572688786034230992
9094132041602965431
2323664329777906719
6755692016106972985
4818644088688829140
3385700106669435234
2240672051482759831
1656506867525039801
552879918490612697
8629348677976660293
3546506881618787596
5942046523496952818
4410223434119803344
1784986209652311100
4759819737339174843
6882835695924889615
7667088973951697119
6423423482980075517
4428707588070108642
5251380626477278740
5765505052849876318
429391276018352073
2173759139683741380
1814573364338161636
5500661124265046038
139005816623593943
3392225990259376886
3542083652300744409
6356018423594854907
3356092375841756354
845232237918975807
580145735851408880
4355045614799175285
8530610700360911454
749127529596398861
1610274415973645065
6373848104641423457
5945810750545693204
3257123589078599284
7304349127834852938
7568708136248845178
4725979041957291133
8284969757004009125
4081434716009963405
1187228936255047040
3847170171334007812
5123772817925341397
7999175110879121396
2921518191548568651
983858936721511859
6745548726375944445
183177597580193179
5158350639901814145
2244149340246909527
3594047151660894398
1623098755254353264
4662711025238810773
5470175348627627047
4795618467582352552
