2961570866476365112
8218236411387095010
8172500824414195524
5134810013601425389
2797490169061454448
5534016197322877090
1300357339427605670
8236278277409920245
4171266319115802646
114703801290412890
2915612668115693961
159206901101722587
8057278258447602256
4235761172696106200
3545299371577370667
7314402914224644943
8291824280623943164
7938244402822862998
4296847244228432385
4770802161904942484
1253719565784997135
618764049873709361
2336314710755980491
2718025146315729519
8942820796717675640
867564569154585257
5648162168166062466
1385069699908671558
1847296779381339767
7753674641792026000
5796449237920539562
2168073339568055046
2487197778404822655
1360160369230728158
950286548755087101
4381261935726163190
8768535510195292207
2955430455744504267
7684418017597865401
4046073272432082350
7457202292287526719
6171744552131230589
1937796578045289367
5584157399692483578
7447418334312322695
862220703089001359
5279639206123310610
5063664504353088951
6245862062913982673
847820450540534492
2184185739380413280
4845646685925170350
7703228990532734577
2799805037804724153
1249570417692139880
1874154254086170066
1561933506859631810
5354711419481579403
2189279347951281093
2983733739312654130
5683343615466779889
1059181169423054722
7236839249367114061
8860775777761000521
1518302996740843852
5795101568851113287
3315714428675117355
1156072165025502365
8697305559427375684
7116654195498690665
1554342393957323400
5843766508948334603
7731439102227548310
2529041039571927849
3315188880345241328
8272175367104784083
2569650279898069644
9142093803151407784
6095927731423801044
5862687640581085281
5370585918383110222
5673180116660696166
4549448917295750290
5255120443967479526
4101512432720431754
5514161849285421104
5414841863111086019
6182081316650919074
3847810864888654212
5791482051583226589
6484958464927157965
2016858834984568788
6793483768612148750
1058088023286077242
2629097160125649151
8754047189912461548
2861538679732076040
123147127934557531
4190377598327293683
7171912784111058984
3651457714655084478
7188462685873574722
8022551690669730910
8956102925333939100
8712011470901365427
4147903425715267044
5739401612812661839
7880870626970004613
1450516638563654512
415957343102817404
2294920719334090425
5800939327176096273
8069656048425200550
3025592786251550346
1791704310552336678
6668534881874620885
4312456795599429185
8828694563572305535
4408397666937454623
8904364205909443704
7936334941678504948
6882151915166365299
3212785835029987972
1466294555653621191
2283296340640827832
1341802025470142439
2058341619319737031
4683548838090491858
378490943982681845
6878983473879362891
5073051299518130835
4719590567451644132
746076905966914281
6959370931525240317
4033963790414062755
3102129281504608340
3437558197093409615
7305743977209346458
735372256225706002
6129823251341346068
4347110207131109066
5767601210227642385
791294088959825446
8063773562911182381
9123523900752076823
2346589208139538792
1742707541370648096
4256178050601326731
5593324980632900753
4971419475763070867
4557219797378707335
3662121510865146353
4946733570002507632
429604657865281792
3582537387487691263
5536121924610074078
608941767799918442
885506416117755523
8425809993436060854
7441259873891396479
1400140388393473050
653762620165473454
2707520734242336968
7203358516120936333
8998346693005649457
7193118978769559474
1800862413701476518
839712722538550634
8035503317815543356
6621066044637636570
9219382975365735454
3454160759001912724
7063101003675847033
7848215992513060015
5331771002620191378
2199918563983487952
3353139618519021990
898760497425257950
5036277538217376616
683786608761950741
5966291893184859193
3751227103152839124
2257725092782669261
4745829097310700620
6487660734123829982
7787278516573302386
1736058132079103605
8466919669114296853
8747830745372338446
2908768251642695882
2588635739048760518
8801652328037931463
5947650941149965427
3703728536376731313
3612923980760648845
7209786314417694589
2309389782102189788
4609653730436026692
3325849232263741732
848743254640217275
5761150561168046472
9014530397652323047
7198471758972173398
7415369066632022649
4018316079866527970
565048998068493452
4504025152750466179
7732815830749345230
5725586936700390558
8503461106864473940
7816287901826106759
5977050253914305854
3799888425829428368
3103390589939418645
8972850415363919820
7176082855153476259
8276280151163532459
2103958307085477015
4058523884352232718
6211911432826195067
3374759245698647265
7454533122767641074
1146296627671054238
5825984978868378447
8209438238801523026
2120800374903248487
7892209109074180836
8461179585490463599
570106855693337888
1557165549688553278
3637148937512185626
1306043367252055416
5825252362030050346
164548529076289633
4236428935279268112
9129373832606783581
6133642963540811315
7316929064851941469
5648575175411548489
4270333008475875755
2107315277522008287
2014257142901507417
8780633709874597617
2804021583968412323
3387684394971563055
7869269119005024772
7829294494594752489
4792508534606957929
6123972957550442546
3307836990754151473
7926241506167460631
2989073916782838615
3412795437394246460
3728308494306613950
2107255733791250091
6396206224395041475
7573614120514247649
2803622268734738026
4331105965470548295
4751844293044758832
7095240646040322708
5667793436227165629
26972765251407452
7055112050632405952
8506953223132043154
2543776115969865237
1525192831824436188
5151995065220919573
1980596223376310538
27307019061090670
8739195020691755798
6832737841862029732
2493198724649409365
1311422920213396125
6743633792965095358
4548670799287276120
7323467118676704593
634412706049441101
8892977870342257117
3158159223315428205
5767149364568320313
58118266515635812
8545428495485399917
6645672986977375832
579619238869606369
7836664960400425866
760188345960771481
1915054816688505494
6660407117598361552
3831470752857537105
8463650586484374731
1568299494442436250
539419809828355152
8781812825170324681
7963545030097063124
3355561083549619871
995195912277645584
6100111789052938865
6415283974622053871
858433874736088718
3827762928671569658
4377342354751803672
5443271890245752346
7545443917368374323
8892491454625872266
3877976833697357488
1880533682964891014
2762002244646591278
4771898160683099789
7555080552257099765
5385046937709219818
8427958806610215956
6593669052258925945
4005547699460327319
7092424147645198896
1785104123978432292
168828937160038318
1216002416994716135
6596498269421034391
2078516672757087917
3711161434126790348
1113980739711778795
8634020742624519224
5642701771436609113
5484682289748505130
2146400600314852298
5903996376710516881
643187745024808113
5335280281314802106
6315505834253645873
6712693118334693617
1515441270284016582
9090739513102038837
8376670058454533639
9127803390783852580
6296322037394548866
4826573746912115325
6634307577666475323
4648169242147675237
5654042312376077449
574625156411834254
5787277015714581697
376338279150520464
4120737352627942991
58482874482584536
2802023443649553248
1128957053282602030
1520207427957358010
2300195388090774519
2045798917410400576
6947808324667827399
4851420526932251051
4423295942439628086
4782210821637554750
1873044884044871391
766571998981633403
552536102657655566
6255005869971580441
7076235905369003676
752413427002297418
3179162039776540507
6009517349943699967
6650110075578203661
8614361983592810932
3848744385617519603
3932350513519712317
2797831119346036073
4400217753189148710
4561824183666430803
623804616513125224
6414679978079943539
1764603412763171432
7732043144128222637
7224972319483323885
826626775232029517
5505414376407451812
898560063967859272
739725852335673967
2190334402095443796
8881888218914239507
2742794601468556375
2717844128514539146
387257295378440798
8118982257624891052
6294902582869318211
8165092850157612953
310619753435990976
2397207055869774922
5620661802511539318
6572861476338124914
2757580409938891668
1255220410723101303
7293487384643982714
2620814873154906280
3680253653226338837
1413247546969584960
48847976712435082
8660454110600060663
4008734464880388777
2665034780372516482
4774799320127976566
1436965575864601137
8227055046808202580
2644622738422244518
6870583464134380836
4398581243322739076
6128316920530218822
141790445867366794
1733352544880592581
8007691896017035950
3128854516227745089
1922032133156376289
8867341979628467681
9140171329602269332
5429536084550840934
9136439102101948338
1277635393670805575
4414997346690675550
224374640871487636
2494971662802416528
1445092056669103512
2907798090161895482
3156546822048116716
6820052697997611338
4668982538781020244
9179703629804779972
8655981917544906928
6089961479827512303
1343462832184909655
6195919783724779539
7259375582395439659
3994596743756589571
7586944305824176029
7079925754719343749
2959957080439267235
6800282052300694372
654592029732968882
1946251805108820193
5528707935329268182
4704023801472630456
2774085060984071831
7835127223111114388
6212743586658354062
8212041002271591546
8708113758238272109
7286606659960352708
8236045663902189725
3194660168484657356
807511607356227614
1719983201667386296
4230968091061347166
7224977285457373307
1613578290847001589
5520947277058017766
6780313117598838747
6113796688609085840
5472311957727079058
5266068673178873645
4879836815767424290
5208997168973985051
1894085898545096182
5808510780906189476
1944044296519562758
3411162413096040558
4848816474867554778
625584557264241881
693494094888100265
1659261801843064265
4294233318417157257
5130892403958630582
5305951492010163354
8177366169571478346
2770694291378720220
3433601515675026837
8978763324950529842
3928970200315373448
4342897608913580587
6104717648603701255
868140560652390669
7048629798522103095
720248868535237974
1075651580220288076
5500249601381204211
580495343161473950
5779081971320415028
4361588276519595446
5726013493272618263
8752378401369035468
2421008214637843022
6759106923729994452
2397913030548836665
7792136077938571858
4457542201562537404
3664851092744169738
4362205339949149105
5470681154260517747
7544515568496187738
6701384508267496860
849978550279791572
3458660367945713725
2035504989084464019
4337308933557806738
4551783835759591612
2636195216343519904
3136137917057452545
8054043921414499085
3318440518698386405
3937983392822448636
906589147795037066
3638976687331488903
8087345373791616960
3101451627592552004
2489112500275157152
911292403187904092
1718852689377695239
298015820657094916
4518532216821498784
5958920079192089446
3515310488915831744
4147211327929351535
8240221006128227950
2251896830736409527
4444204166761909238
6984285176073621123
6330823394297453541
6903372658113612490
7674575588451374822
3680855669145799215
6610794781450147863
2298128481642153469
7146589512865878002
4332319913701900083
8151531863090423317
6205797080529208381
5047521772539944719
6271166306257579448
1513465668853922976
1940890679417042411
8513724246437813352
6338714281026316741
368371099212022833
4573284204202852166
6101999246650727865
4216857490793819270
5208325679129319644
2860284395690726783
8156964102079912650
3139357296605313401
6284931456564478896
5289638771721986241
2606031499428271486
8117528553541867345
4695706158432858650
8791562741279390681
3918194454881556409
9024687061564910409
91641593900416824
4823385460423798884
40690936715200402
4525805433727772438
8293780784559594894
736432461682346010
6235018227614587809
7566077616746827244
107687462538152806
6411548230446365167
8835728503969814328
2086498603806281011
3000713035882952542
566497341080367557
8701025072951832931
6792035688690022210
8818166395010467976
3260962988966343463
1997213564108560872
8414479672644696772
5214257878301931043
5089636050530005071
1181649402568526518
8042854207268146768
3211898556177624382
5764697373873984480
4654269709949931196
3578901889170184850
977653197748470914
8990192272544567581
4150578343320033140
7423506365472161437
8252761583901943213
5536051380881171716
3435504854737689888
76481082485433702
5320671700378485330
8050829396426982160
9179234687069448248
6320697611403251252
2377942853142931784
4181172096426544603
5273779338002038214
6429201091805975408
1140065712813662053
7664946944060142384
3782062565127484583
1334333308729934796
6858505507461390394
572341258258760655
152291941694874037
2866002220405441884
5291186411926868068
3775702534471535041
2545745554413124904
7445659411209129685
1964686472844178731
1874982495839439924
4800183256269726134
4547604598266323110
4235441153918355881
2974095542598278497
2961230344751275835
9186235311730204286
5755968600653464210
5845494759668145186
136829794780269711
6016260568436994755
3566292892900338241
8720143186668060471
329640946687721426
3126764449829868526
1385336048855342764
2888850813413636057
8973031016287309960
6795684665231903508
1619977996156882675
8827324207942602973
7394587049852371525
8497406854959543428
7144664588530061124
421821586683283357
6100423853087767363
5285028897750858728
5760378122419876868
5512110732421517904
5005066552239288414
5959843451420459938
4720033868507675699
6193089124871312230
2047673555060630427
8283829067519556236
2453786891683906593
2836356642013148639
6323883252028157545
414380699552990683
520736885148465058
8022433807591866985
7781508632867628097
6633119358292423471
8966802708165425544
8479088322249731491
3787367499228007495
8013848743968725553
5197012093674499075
6870232220203679198
8447015730424294980
4319513916798523478
6609931830204680706
259394695740487999
5604548612467560410
140225231838342918
2472428716392639682
7285687226079549143
8297857851506285376
5527037461621232629
8460136349223629769
8090513748803093921
2593037740890103502
7700988569380802456
537904897066159375
8424925858091704236
1018975715416297871
4636383985902991324
2670831485439294643
5048541425225833909
7056495226267044225
5698504796125814733
1840753899453008265
5739897674197492917
5779486933328578805
1576749966079175348
5586247181907868696
5827084310966555865
446745753803379268
4325887073591919390
8009133512087837632
6859933919780189531
9089879406812814556
7004357686936770928
3388162712726062119
1930568966853402401
1973190427934572952
6226093649302279870
7148049503113589545
3972559992310558806
5726594936782465279
897542225272739891
4117743871691147102
2553949867296693904
5028466501975626925
6611414795094351713
4765372701319493286
8677143720402699792
1678982693587983485
5017347369375857801
8851927227187897500
8513486673796733670
6492625813226343193
7663260225222008574
8627998345374408950
1779662440717586726
3864173950281673173
7082329675472614467
6220252954736207702
2599215917908564292
8388518083542007181
8543424886660776351
6830299812174903034
6021975957784456212
5201939446112685662
5493276022422567887
3772576566920675331
8685097792757067030
6732363228832494836
7163133156408252122
6550799194444127490
3952427517864833213
1268687582141905526
2322535240502244603
1066773850120627641
698495737530909805
5345175124715886013
1439571000855014546
8618632733368304582
8328197108831220012
8233021685463238922
8743509689103572969
6259738109926048996
3506066547604426222
340052730161597097
4102501495226863100
473199373688240025
5134191697873406033
4945119174660107828
768292424549691684
171846969806866079
2462956409905886070
5331829630821614807
1870202545159329156
5551914818924544817
1112929731844346555
8023709787384741799
1449375026420350087
9181983059234317260
6003545602125534285
3071856811485292722
3006854798348755107
8677642494056327381
3659980158143822450
1882738929780790409
5762345728342622155
6124443774425991201
1028664265883748898
4681370987533657385
624953206430665221
1428407309860497391
3836367402785940537
5177021656096357372
3363915116720359160
33889224126380666
3132148855568412191
2284832643561636001
1158169485519457630
2562827348480732843
6238360150415228444
5838895251314976855
2217112955455863142
4000212125017809954
7525390038492533768
1595079011949854833
7685144582562554432
4049242923809934040
6776257309604168045
1481377139648014258
779599186184885918
2711117807647878113
752907101352555747
1495444462995930572
3968662875279471876
669681390861541197
8919459133346214059
6481652949296768145
4398854492746564441
7384584205522530528
1000346725356020900
284542759205072250
232607258113291982
8941973644137926775
2254009058499389241
7054540335169425656
1585300296853215383
6062324667055126687
8711937427826096374
132887709194289252
3308668289449565514
6903763279094810193
4872396251962489012
3082727998097421588
2604214146496342615
3496946560803517402
3801241544100650595
8837334649605032637
2733480491054565210
6242747886544732046
6034409835073622908
3242349590020686692
1658939613737028137
998114823772568552
8754230042785091368
5780102137250809940
7292953700580203674
7255848147477775675
1237938221571471062
1425998402437401523
8250129175516723428
6646605808631020925
6962617856778999922
9197612047172809609
6805125083307925697
9123243166435380522
3744836400050338432
7717591597698420583
5437608829145088866
2251047132882570644
7237141971162220654
472499136832375330
5611295999637868438
4885592716687187871
5243369533567240657
7531295997442219218
4104528841630569159
1205364778691428381
4771519551321752852
7893657634498417394
4569333797540089573
6688751289418395732
1817821013917601063
1333833871626166601
1554870630645597934
6886738879924336323
8903894703915931545
2755894152472630388
7563373780714279600
1928442822923999579
1136645280838417496
2708885568421437383
1785746938397161729
2880103351220171728
428405628994257817
3579301652616965184
7051103296254995148
2765119010775641073
2404915618394339236
2012912110204174747
4557360524279305560
8972977207775840645
2665258544638098241
3593569972426286149
5762658788503795121
1361640327791025466
6374328491298370384
7405079100120790387
2645490666344283402
4177425140618838009
2811448168037187618
8324373333758811161
645840636235053689
8080072117258570786
1634292306331660040
5033141719154868129
1343960583983270639
4605722864781958922
3557497612548979990
396396492720878521
3540849583620882204
7799528235275854344
6516156946614235691
7760549576356650680
6797236912378631263
624359284439756052
2806571442529937164
1065070644255720913
869060756516076578
2685205238145417399
125509042097630080
6244411896963255928
744854891710179736
3672424417430066565
8035261970778936546
462386045823915883
1998977941669165375
3651377172856571292
3364564441921037662
7967265504051657680
5769543270858863821
9163005731448216216
7640911805384767882
8274112977068109182
553592676067612395
4291551966822783895
881708769362119709
5397675894626752378
8641342607319556372
3066004730125107747
322839002474329681
4621460765991580931
6492712189188195863
1630383116547706818
7117235154569499449
877578443494179094
2269298030139642637
7747100098004202266
8377451413935168960
4898418056831564796
48677752121736817
936877307428802043
1877636433530240148
7513419965228487311
4558923974884321278
1411647714197393543
4099252911684598515
1774835966024504581
5471916088714823439
8516895290292876557
2376860070321716454
4358637226619322201
3901059561563624893
2937973002432932144
3884933554516529198
4521184024324395562
3167662897301937756
4264893548240608345
914243176216679839
3322291173864871419
1077458589898882407
7438407429552544572
3799788538721896673
6568748853183191919
133318577503042936
7744303713536215309
8788562224120835664
1367946164274968160
979410838913431083
6358960787716730098
7459292065952740087
6593656309948189268
999281856461034834
1357520906708724023
5861997380602065500
7612347346782486949
3045669409734579255
3790503000025695087
814900751449489972
1321558913591437525
5821934813552092555
935072125967216379
722508585604849810
8372777745499707516
1065047083594120274
1521346841785865115
1309051812916314833
4318553280059865336
3537137609249073754
4613015077722899790
5591999476551522803
4959186059955375796
2577542757555842757
5757073221711531768
1818889592428565488
8172002855856197369
12048377840123760
1157732316881771912
9015255640752849748
675272661487701970
935704496296215576
6024050488775451612
6530872708172198678
4996422973778339214
4785807849198770691
5892914326144125457
364508185259018894
7277196368507557515
3272054793901892568
