3417201659049029027
2138348708026874439
2718926982237081316
782780967518349500
3522334509839322356
4897607778797732758
5718543949666866552
7007652117203767482
3927983626883041398
79011099666520444
4960369651808879152
3881295915395318942
5137880456417939244
6446492582923842051
6954837197532260609
2005433413761971793
3419630888852538580
4469167126602358963
3339575684526394194
3578650027664763411
2530213930380545004
6530162794833367154
7020485189873119313
4544125896732784160
1281378956098620737
7893340795770469647
5081711060887142394
241829082109618612
4720603423947138865
8070328696148193870
4953065012168176078
6357720086181281884
4595066872762759980
9156607224402572058
2946112507064333758
7670536599066463250
15340575848988670
1873319069061756503
4464976498849027613
817052835035936698
1663926996636159845
6374604485303865391
7073631357914469340
5374931518523267983
8980875018362327309
8458446115055704298
4636498269878300626
450472267953411736
7091164915552115440
3393588646099893866
4537736770711418652
8667927271270856626
8064436180502770069
8272416995294434093
2461913659682330206
6858519299803156835
7249000161524324757
154068065363773086
506666468114794730
5597772917660361714
8086046821976558280
2848812626330381646
5595455347131586205
26858948715586368
3072943379789389870
2648407437853110436
8622677280071734868
7248011632677456485
7170547902533294955
6504596736352250694
1549691619200314296
384047954802619834
1317365139062832785
5777511602775138980
1606926792451160238
2476740504395405134
2646337027642411961
3821333730815114045
5209876805339455898
4715393806859399252
7277836206703503452
3400010941304958252
2267501977268498438
3397618709694270609
7131434093610398430
3913451061338785673
3709382159670274450
8987355199896420525
4433927807013669270
1418584333064437240
4781736316308246491
5864975587646747174
284653141948425050
5363032668616739866
1571048169553926495
565462811727126415
8148332891515065452
6402290504451232385
4529876427146067469
5091955124207310162
8293652987767504022
5122702360760011403
8906794101625264369
7668698022888357723
8816835872479313220
1835309600812477769
7400063093687264075
2065951063294546193
3976666569478830890
7993556515208228837
7233696958877728686
7137668367596453753
355757333772611585
3163813587876187645
835259170931460595
5987212950308494909
6023674418244921038
8676348339034062983
6111570452955936678
7147902540627471217
777804759668483669
4648132596714472675
5769352753007001823
6675497346135753123
4403496170482799980
4116383937510643526
3002855165545083753
4486489001691081605
3147329875730593482
9075245052380516829
4276061385359269719
8371145598609057964
4247452038095623790
3326755549137802407
1513881397300523261
7903171151019839195
846944539085985885
1557627219168850581
3329503191416505313
6971703189784720436
1624026817910843402
4009474188660481207
3487893592644971658
3165427983068893392
8754077611994319070
8352827694270274703
7381653337501013499
5555294731506163587
4675930430915714742
841687648955449885
3290728321635580172
5340122348663650733
5013219657448951927
5520703740506247141
6559515066805072707
5056580920826676634
3435717994108240809
1668158807153740873
6078393537179931552
7759473173064464788
94550467568314450
9063615046047399719
4010805447474404859
8887174882774508914
3873725930203939406
5928125871579504646
8079886326939217916
5724986031921722402
8552388703515548374
6099862420631639559
4462331822980368313
8600461411219305330
5992999877061477795
1480415205383798864
6221457814490216083
1889978849218099030
728960158750814934
1111627517302653641
2481670732277787310
515116508281458117
7626088078063627162
6335093948388098403
3249982000602865889
5150282523561173750
6500874350482538576
3651599887931786376
2402083752766452749
5092686231568779826
1446722466829809339
2772414172925583466
7441856898103183929
3456740092327464427
8548079650558360834
3222599009190421378
6509968210544258760
3596943168424895128
8067002207272945420
5792436118540869947
6905520535338865822
6760854948875496246
3100192080256836318
2910098129667069267
8890708981629593313
817975700623827682
3568495218320968168
3946575521715853947
3830738413175966983
8414021317399015371
4413732607898709944
4913297152005751136
1412687611033117300
3742304686641258980
2434431123481961225
7459140757532476339
6553226963308862056
3389989354973899023
2219911204952320455
7921709346468930699
3133286298531191787
490860663069546202
1517442553655510597
8196555727403378046
6754175361559684995
2997830437197323350
5662718705009792551
2516264405896350946
2636334632967885475
882793473571416
8162781240701885043
2909390868965883203
8557124120471529573
252491586941317192
1876508646669694737
1590592160588076002
7376788058666277058
4116295988835791930
827681572047124158
7708686948739767576
6294718624586258879
173864097581598681
7836657279704980706
6878564747948515886
2569703086044871385
5860408340064120731
907765255311358333
6798647495360589315
2898365686628220711
6279989098554697948
7664620778474851307
4547514913975293560
4750268014848231756
2129921835818270609
2780167702533071863
5012058938386603262
3063919077849643557
2196455273282057799
4345309848698055331
9115869757147776992
6651465708455259776
4268105166655698151
6258423304115199252
3319360750799492627
6136319553210809481
5853978114061136727
6626261614039486137
6734722266996033667
5638882219734839445
3198085065243878275
8158238569206630052
1822621527067687149
6713849840778085950
5244791142454438276
3511142167878000353
5012983638319729034
2387621451546276393
5261120073055683408
7449496547694365335
8507848744778332107
2397686539309881329
4516128186683728078
727394733414551435
3000602488267091138
6885113283143323965
6007693266657723114
9200782131847187379
8626989106261010571
4784618110924032800
8762302921433877913
258448622930205753
6876638391803861496
3475955982400259895
4143266847728736250
2752263824910489117
5624555859805920840
6879017344844371355
7236416347129624652
5470851652254791828
5589238517535733008
139729806596236874
2208580985258981569
7535851844357608818
5770982544932404368
5404813758589283144
7746714357141113914
8431247905776835917
5301261326160788578
5564466510478973972
4966177161819806972
5692069440955903746
1271755277430863
690685089637770607
1240125826864740716
658116924479616534
5489203233728094797
2926973990990383219
8172498671651361597
4223741277164766258
7852361288329109110
3240977340576106054
2619359167572857663
2592383997690774764
3260898909826999201
5746242561370864793
604862367165202529
5992696265555008411
7711126627715136540
6497276777965988265
1181402287582467580
2733079591389436900
1090751692678287588
7924440906740826323
8543927189924368189
8467319310459572949
2513028902751147512
8749931383024623421
7634678352504487076
1090460267285084691
2857772619380246032
7039716832676630575
2439326711571784372
8012975009859894285
4587363969775727589
4258955886796354259
3887477188870058002
8991870463758743396
8802200224442358864
7614678379764813195
570683702854034838
2101951323526123798
9074928166840171667
3162703661916386823
6031758754140041493
6715099290778861004
7690374573949179858
5259807576074654383
1927914232530955790
832890151885233706
1621904275451764492
2328646515355093328
5951135944877267777
1736231476421017854
9206910798772837698
5554918559426680449
5962715856753818915
2514649817732627485
5709138452777392078
3045475814293995790
969214050356406736
1887831716645916026
983747436339518532
1356888688638739908
8090408329016490893
8780710331156096549
6726963748141892451
7689039239235775974
5138854019893929589
8396634261464546356
201642185883374006
681522967640778803
6389909182537252008
5133000485143164658
6002198692356061797
2508721826698463363
36533522707436597
7020597946125488123
7288379714479363503
1449475913051289323
323891451375916592
3798981339119762896
8657419931344914108
2795020990397769243
8172629330887567260
3306633275174705091
7914432829670139903
836826068724799272
4726928399567338750
1078631353841539691
5309097297783126992
7479825593357574834
2591919162970238822
2610802431072085879
8411548685352435089
7515696809221170125
8656596816661723934
8557582837315218222
4469393639190050905
5361571900670679437
71079950426902424
190565259260615175
8547528055682534098
740654649435115043
4671824362485836019
1042794968975797411
3885529988071162126
4430792604672613813
7945830433697614230
3026481050175597526
8481404292710539722
470611109839275227
8794461770870705010
7515386186227403694
6078229385784486241
823017645627451838
2719814645011177134
985468415529528558
2189490349830808106
5559547603968782964
8256518809404331349
5701499596071880311
677495575309632776
7400923300716308237
6497403543003846238
1341866528978600205
5000531978177172675
6913790222336586578
4158016834897982058
8440887260352352100
8044690460283452622
3552947875360876397
116004222816409897
1383923158140743435
1990661598767415267
1608772308235176096
3091427450759089626
6434976111655813266
1276435181533843009
7979452106422457247
1288230507060458147
5483868936733499623
909759053009296672
915079885017924953
4958948455527929037
7890197480931289485
5542761209451269630
5318988972953723281
4567836809857319581
8010513443053305814
7804586024896357940
1544988651420456151
9076064705572235218
4471998421931220866
6220590948524749127
4200438484291978162
1134954892369402597
8212906581628369193
1614998499563094659
2019109499075044389
821108691154401536
3006189054226887166
8818869022924819250
4221240265384855518
7447508465392931115
1171739630297641130
8600565711247186029
5640005215320480358
1795139853853841603
3308974591739148093
6163886164277631236
5200314586913357694
470827123002999427
8682441318059877561
336253880219361689
1925675789946704860
3732191365036373770
8880512669236379924
2689169617135744738
3633961738093676474
2305775035480898874
4063503215508099465
4006660592030538134
4307487815836177949
2083961685837025818
4914546871395627954
4677116330884896879
5748142465614602496
6128159105957505102
2740649760247649112
4410800331280749178
3454150226238304567
305206955557308320
8927616144868477822
6708126565391841421
5618847606163837058
8827868338488621134
3795792808850209554
4027398517330865181
1051415100488239921
8937840449412565074
5082560347716140028
5934842878234099430
4204374107760242358
678769766267623250
957376738339191241
5467386848331015650
2388158424603841548
4550420804527103215
8386109456820665358
5724160086791890084
9102675297214388361
7571826600425296936
7936806211625052763
3032603125405198606
1692905759597779467
7123700157273258916
8484053732981236651
5756337282181238628
1836482534238629550
8904629430398654872
813346829821151749
8692264100799554138
379743033300932192
6503351744675053620
5688526222906205309
5757035998455360368
3117134687060118029
6192516742313245351
1956932487420826257
6080496341785000864
7082038400161679413
8730841726360261890
6445877066705333189
6306596966818781588
3421762447637613656
7965265668217610521
8528128356913680604
1095619852002274127
9866139244407447
2392382805416470756
6228287256784968346
6902808273761653760
5979854049283423283
5624622151187130990
7161075409310721800
892244706317424434
2058203591462234665
633167056276170651
2109838414373858203
5891190996335053440
4229451984981850096
9116045642975289030
8536242856077507560
930722556378384278
3629078625712612553
8324273763910149931
4416771315903834722
7356601187335381275
5552779885253573569
5731975503044450663
2393977336139908295
1203231705754608674
7351614331155927913
7498835192459449298
5828176876093161432
3125763528209224903
3076282110773100955
4324580233931435782
6635023169555342709
2875871602283483033
4041739600203400909
2942518165633354787
1316674422519960939
1461141844387439735
4859771371173109102
4827516149161467567
8310196515947135902
4910482405539179987
8496323818920619003
4105697448811212464
18395666783896032
3693680806907430496
9007406792291746542
5417729815692606006
4091795104908117004
8482699753410485495
6957281186923242697
1530734802389234283
8881376462249722257
3150138184907213975
1097072722542211846
394556557254827733
1671675628832352976
8970271113684009470
3371129276066730452
3383420071288607096
685873188174272515
7594420811151463600
3464662973988452236
2943761005218876640
549655023676585707
3809387249522166007
3640553586898595532
1338679305661177123
7336934490369517130
4508146922671985029
2371644050124719263
8186939513679395657
3966488288536578446
4728868078712846740
3460124102982901998
3529186799327976631
7017176285777876889
9056788521058384407
1856989543747367652
6582334550768925403
1277553843887624648
831302938450479390
2045652564759167461
7790021506455199387
8458077027364322944
7853375341758353019
6166030172184548652
3610025471453714065
4621104703792961616
6817942537308160248
225367844027680502
1052149946519043506
4809672516047236977
7467714829900803563
2843486502103898154
7640542687056755770
902449237904202986
4833944223710249784
8654284035405981782
1372229264487728578
740355361223471588
4022314793150348354
7544016583177829149
129594199017160011
2290086468343019172
6246893582524239888
5576573704406641989
439025949148330304
5624983260738180498
546126718166689476
6452670960309473533
376514705395802995
3430122168807330463
2334962679982130967
6732934948895444321
290540056699283584
8596308446670350685
6260894998802093102
6292567194293295135
820649115067318192
8326697396251340346
3813299743289499821
4288833710475725809
8922872890701357552
7575741025897720396
6674086700973125896
5335956246498713360
1329396936292188896
5240326600823349258
2010107674289044939
6436188281175115766
5462872674899689272
5937821516159198820
883902419660756710
4853441593992670739
6678937039733512222
5848591553202041404
1797492051711775413
1800896523223163424
3386991677077527004
8493158093300950064
6252671774315253309
8600923794930561378
2485256774521341457
2122469338147796674
5293983027444095964
2655650965550034523
7602045203449673657
3484540795354714875
2001396309042902336
5842212548826130958
5256945452641121108
4138398978075614374
5767204731837775049
8054465937477555280
5844200745917208014
4396179441166295407
7272547765625806806
1242958387036759191
6325884155376597881
3676322010600302815
5871742956124667674
869115065529707029
5984071173249314792
57347158803217653
8124309325122840661
6490016446317034537
3146411710985413809
1951313823628887666
8783986251828007510
4056612662061961460
5585438877714006986
1861611929112542655
4445301033678766144
8414103549130296762
8335209440195068832
4452044094936645792
6319128107664960218
6896972003317791581
6938754303262845991
4411924757707216212
4778395897032450355
3467291713223965039
6096793732622206950
9215969406571792256
4556494159205531829
5256711334177335255
5948484821903256131
3969076606228102936
7474853587476304619
1483707913361054924
7347768360022571644
986827907895143618
3265595930132863104
762772061317376815
6266561537170668179
4147864240292203943
4520070451527410427
7498668137089882637
5068184804470841403
9005135684561781696
4501242821714146443
6348896864177130657
7264032033231323760
5804614042514322810
6796868184384119751
105942110491748820
4731020162052900956
8823654817273274130
6840722618706115252
5891548611725525276
6601606220862419602
4573879013991823655
2947868954017184288
8029291965799395471
8647181395542628401
7826478775987146015
1399646245458396364
9063241512857214768
7743205809944418758
3752120492990766691
1769568371720783698
3213217467094585859
5842692933182916946
5968402115150129013
6751455207722053971
4074603177200482284
7327876156442243973
6233332827136812966
7784130434952919930
3209740560458788015
4947864272824609624
5704358722265484885
8258124631830577867
3404487891695394703
7044414977549717716
1194883617941588130
2080646125351580303
7824821727452198460
4933334266511057292
1790397283570276891
3439047470616978551
5982503356612473767
790874465812692902
1662142716060425810
2412719420568755439
1651070573498288026
6380177610842151129
2000054451502307504
1115517927536729704
8125289356973978432
3139628226427588806
672742293344066574
6702538594229644772
9213077374508703055
1161190147942214576
2903856402734300442
7323315040365410509
3065835232369673458
8446745240573877612
3072415826361147759
3370674721390295323
3294518910476080806
6217326767316954347
9102614871980314618
1624269432195643762
6898472042408828546
1427161581627871773
3454045211221340029
1053243443026524364
5497246247363021151
7835495055536323600
3655190783368585849
717443931092022096
4837924538643533107
2444297262726368672
628151526094171287
3558142183239054594
1069425591880776975
8199765254235743738
4322959460801285881
1070989670987137779
1383105369386970636
3575646145117745262
8829722783679548697
8864013775933543198
8889021433532376790
668798653136866839
2408938012016864168
1949205452190617227
931605349851955694
2568487829559721788
2010292596021257326
3750523399520588487
7609092774276698467
7429288531923268306
7322567663632526665
547393357951409545
5319527694590400604
8179295903203052071
5984150104344441066
2899523463824644503
3299627625790823584
1689567353623305853
1979772945025175860
9204726255600214094
8736279942347603764
4949504855514759242
517793624139168294
4215040109148181650
7741130942942137683
3301020112793184601
151659026281985319
3837092493940591850
7040404241357450596
2053119484598915058
9117756387197815726
3082314744633539589
5890136080189488295
4129344604135026065
5310227535985607190
1519888776508600972
3527432883211407838
3992332454183666141
4850095553188726910
5794323978605755930
9004116298968350702
7723334336581697983
7129278824250861400
7310557848567192421
2944984142073111937
2305995808418584696
5206041598356294245
7399723028952358465
3615839916751126068
6975805141866452589
7956744643538605674
2937276475222862100
9070507322577849415
1866678097738185059
623156013584733422
511248992824622651
9024275109355713107
3099038783539270698
1964169965091710987
1628229534825126603
1513189308515794046
3437534197975313569
2932803868734211394
2578422359847133881
8595719405637486512
2115438166677573405
4235600905718011091
4753509826287884543
4974569786179215640
4797916389669656578
4191205329406344419
6113722335353918491
5866419652033201863
2413509787584564672
9199263988989447073
4760834510389198490
9026523522567141817
7761219688385289320
6823132491451447874
991114237781744313
5991057150187141669
2051362371025958263
3718431976362768540
6466915748383176958
576749348675280948
5122981439507109720
1373501019765159441
1431040450861242195
5262440620015089070
8202133507657445683
5618797432745254808
5217060459333402391
5196020217320825677
576942944716632439
8291387237477439414
8865960601314286552
3165485885739547139
9045054958000248297
3637413615222802196
9176364730178195256
2939825047147333496
3502259177595676924
8001666684414420124
5870213187781563142
7442297286384560682
9025646785682732035
1911400807745605780
7027766266137390861
3133854896359092202
3532780984080522950
2212529756597729256
7102300372067568009
5085393016622837164
6426416513783798051
4187169555672434928
3056671396645204025
4449434385860829311
5225791254180234243
826864607820641053
973405366100777271
4771379608530814712
4621940020896638327
6257765227321095278
4239897896112078791
2368175754565810251
3902847846749287222
3238547807062922863
2432489718362561079
3061058491600518994
6092651048854646574
952259311615745507
7382276914222451057
7221897259975051754
3488541117435268229
577442046662341
5813187310709808203
7952532253920170113
7578444025247148812
5240484214559182998
469945500647519015
2506548551736818156
1345743718355406957
2329967161839824284
7441655255460291197
8241761815982213542
3130790103682675217
7309631591716116413
5033210699239042723
4738779248286382759
426453359831027770
3487662884536431435
7746386398038993627
4039791308161994442
5663278670926805085
3348053896868787815
2632836791269666469
5950523397510483710
9189613147205126118
2364265533215292975
4370333755811006018
4481834556386202741
6211329458401009077
6400217117819656527
5901520007987935115
6643019559040876810
1472581305582778669
6372802197752984291
7206945748104985455
3727653191065241807
6773924988398670130
