5695785765303257016
4318995328769813882
1560787108710569514
9068965765781965170
857548461307067816
8267417351589521133
2817804478996000395
7074339456368530238
5704254521416024853
776114899581545765
9086574949482198840
1165350723168099161
3224920441189427155
1373514223251581972
560267696703066293
1842971049617451606
8555874566402836469
3796414794290037043
5354120873436677143
630228345968077913
712178488022473734
8508678088535719692
1281958994628306726
4174501235394773992
3475985101005009458
6677279081919889577
5347239997349634562
71791161452151844
6025875857190555042
5993562601095480122
295050590948180078
2737945144722932252
8444055886134339647
3325491555069181388
2074303587405191085
5112179469298928772
327729691719040116
3694494365190478785
9091948202929156916
5442507755130454919
8806715111859851867
2984023908117426598
3388461271115895447
6994353832678440278
8999595958958830536
7711422095287313724
3500874121184638970
3588512463095981996
1242211755670550712
5332918183402595624
4078685036866096607
5088967127813908194
745973202446387787
1881581737905996980
8628518157542356278
1022210595154165723
97761510856459679
7048649350474989329
1124489427921831603
176904508127108944
1292696737544039060
9090883496116886516
2638524015598146164
3933938464589580082
4620981778558735691
8802596817689771019
3815792024299890578
4535383793153368879
6870881977099575862
6923189092875163310
9054112485180468350
207532188481786189
6927462292234826528
3943580373621245142
796581511523423488
2622275111882135589
4829674793666130694
5669505877848180151
2344050772427777144
1044993703647381454
3463499424661691803
4772094312393291089
2228225457470549678
4487775891545648499
437028187144878272
8130924452536102012
5020738722190260344
7555088662500940617
3091151651238982139
6760142322943695750
1744930764057260226
5378171007136952872
7177103150663390559
816483530606396842
8746154710112224071
3441676323168120252
5065160881041536539
1472917101700180344
9090248148838883521
5318998413115815185
5904604666476692754
7347311763629009623
4541662583649727637
217157356844711608
7735244527456470658
5882826870534257991
3653115778358154842
8048664962189069766
8919474730817431809
7184339466553170735
2241716038950832269
3362726343026473309
1787228122434698533
4286443164443070479
5850596693016990261
354774695321002009
3131128662183415211
2239910391487436092
2932657279487059601
5872831396883395907
4386689811742119756
8878365221240105353
4853057167913826543
6184182531218537225
9029353287260062807
781644440079720136
3551205812535729571
3702759566359738075
7594724208426585323
696542919405822865
5564396899958302026
8054819297556941487
6363048207725424963
4926938884878451910
5898647323109510594
5020215737467053834
61736775698809320
6790929360951024926
7087141562109255353
7443387759615185568
244090487727202387
8010494316745154724
5668855472402683856
2087356695900555314
6536619723507461764
6110222469024890419
4818766995260614790
5082318269860789036
6420541510355808507
608853104619633194
92738922494015122
8763109372432212591
1606484922144869098
6998726074241560772
1753285375168172560
8113126414861618728
2726113013653530356
1912145487444738555
244490713167127495
7271343904610215656
2753288825125525035
7002374436569791692
3407625753862547528
5937009804412180668
3208793140720048818
2975008993584841276
5696663795630260806
2685508659875566317
3298861557793466266
8720227842545746592
8559645144814290202
8172284937289466576
795722102160840073
8438901415894158547
7237230863057419814
5503194778954110202
321454487896146004
3389097722321994827
5262214945395999414
8905918394041657476
5233671154781817662
2567491149214044754
4018858807085386791
6984012956826128793
6044520218698019898
3226989512334879567
589696313879860782
7000707446223012097
3217954690163917976
5547100429617534576
6671747776693554258
1524943544687559411
7379994323515866540
3089953353429814588
5130667733047361777
8829780941240129266
5721328805976947276
1575132664594909184
8283186902522215599
5755739404585727931
4755840606500135291
7957105915655996173
6159668291257128342
1703630132929788374
2804518083646139326
6244472241065975438
326201662997265150
1810486090738858574
1503325927319269393
8892352859199403258
3378935873970486228
4981780558648744644
8059394147691276669
8572742540338208929
6487309598141363624
9066511216425842686
3594545973009709642
4094746641791768480
2687427213303983223
687193527102394607
9114192091257498484
6994652708268101303
2605155709402437577
7456996193082552403
8026483939857446320
5619965738647871443
192037281015205717
1066399987410504236
6770986183731714345
4010855916764491415
1113627674380830637
5860261356710790045
7033068539608576240
2368209690140666220
291473562314779464
760803968720589885
766846224311095818
4417555179788282948
2236948539912723366
4281803007544064024
2221816542493493497
457613156821831427
4986754985771907149
3523917272595215267
1463405735511122094
6858114366244822943
1870455422623501687
1808211247306232037
2867717548449496856
7535033214103245450
8639698332174646996
6452232938618095384
326291478428107616
4063144150500421615
8471945770943343977
2129297475758349838
8175148077087270162
4931760055897118512
8436203294166308209
5628418715311559318
4073237859540374617
5016761140121772536
1585617351231308443
2880417872057424585
4615429402822242555
6922052819474681328
2309280692773647035
2543214956709210529
6948204847275902930
3934190231077203349
6643059672054217198
642961438580878251
722677898757750703
7933576466315378690
6269695885375288889
6149658627637791956
6789256371091406533
6861016607051731273
403694364195153294
6062098553991429951
1986198521636792145
6606195832388909444
1895184247998197327
3872453785820393796
7191990069586739713
5044025632415194586
1793908747354010402
1005149642136183160
6857522706947995631
5832452430822569470
7122156996517542451
1517357279238879869
7953736021840683685
5636542957146904578
6615122694706207139
8996873646320706475
6134059465871482093
8142449636430840660
7173574292321326243
4987595266021331238
5838984014823222901
7485397044113401970
6457986770823201400
6789471202006667584
7208425435343147669
469378957246811779
7853860405666305442
9098170880611121992
9116589228196493630
9099913862071932465
5686595603189885138
5382361334309495048
7710798450427008883
6983684536347570251
5612864118182573213
5048684555914013889
6333179770827781787
7687994036582647753
7360844353361949001
8113802830459448048
5854162343605616302
8083463826921958078
158483496017615640
4636441914338016527
6414375729373163742
6365690251764952640
4031163347382254112
4851196105507912857
8612143329438109739
3862910685356158388
5660476973899474286
1577431830188856057
1322126684711500158
3227451347479762182
6911279330376964007
1151882726001503498
7761887879807140248
4939503817112979450
7121907855576010869
8991602930416635978
7643404425324401084
4728617133606519744
8100729321548428312
8711063238216614145
8271374081426807691
1973490849452774525
7144424990054062265
7125985320282304940
4183279428576734889
8625147815623123790
6937970018664180521
2302317830675894145
2006660122243626929
8291222640289727524
4634459086630813872
2711734392025109031
3122153103206114921
3052883006148840314
1943583218018535119
2794209437524200051
1735295073995474929
920125750969581088
3368661369726479137
2386894020084714968
2989362291039810950
4953127675794483264
2761638208246439225
6438834396796906941
6132182785171269296
837210004916519757
7243850179718246444
3434093861763673983
3355209975665780391
8993595117206440816
8333247263256501151
2976796110814067680
7308056692262557005
5746483351743298459
2344536920720224062
1231003863776236514
2321953950624122727
2734955909915336438
2028848037629070963
2191278603411757977
6752578232255466097
1164434632761754006
3084128561830322644
6963689981444072640
5518068563088399385
5695675395286697268
1390314956566483861
5014363501320338544
3190922887138978956
79462815781352567
1147968665640541498
2721245605417027772
7407720792255550963
3384214568798881920
1345443031363485643
5791616525214078826
7018488739439129289
8404691284511038620
7953024967585559574
3825492168199277143
7135580547159343114
830914809783751243
6690954165961611236
4934312219797792827
2292144755906217815
3335921665397578341
645935456877011526
8605252095746837385
620036997637591370
7172528173708227572
6111754713968363696
7852825446491776919
6794473008533435239
1258082831409456279
7394348432159004769
5930222620869318730
4823013852665448051
2375262789465372946
2884324662048770492
6689292989643557197
7319207894875382424
2625375530152339213
3053958860204902096
246165886667284499
6886358832582053835
3125975931341941656
2956228301206584033
2323838294425571269
6230980257093715819
6609458634813168027
3482016846100110785
6521372447198503356
8687995642138257531
2968028219771769951
1716562539923224341
5126071630829822591
2500271393207838194
1051122814450699334
2787711566256960841
2730236707029250259
6805968292422117372
2708181601636563678
4334378849411965579
8354884371193064142
7205883812741494991
5939280024136538099
5106305861344054434
6651340384480043516
4757965627252942345
8874336529275700300
5838554766364834367
3125924731947303288
8380506450987398985
917752512378067282
1818210469191260500
6985765759387852436
2660420742664358641
4408268485397638775
4373555661026115398
442143376908686131
845329573098319847
5267292991319662047
4223818382801521112
1693144141869168977
2158865427150942439
2066585895905342531
7097068771742543484
467107720196196645
1382565071789224471
5574236729377731179
2191651001099154059
7687786498205893075
8740426713600842003
4589526629195316119
8092124139159856490
2190558700227031432
1993910948874388457
6458865583805603999
7683245624519106798
5600273231230683380
2451807954651567732
4141160666615614900
119642880129935150
7000930931966114859
8403265876008879744
6811464090948355152
5900163897942720003
4992225811770392585
6142063336880614850
577330760685237057
3378525801288998014
4339437420325895247
490573790038364976
7802462091491253646
8729819027753962944
5556893745672510421
1535241758725403466
4725428645465660927
6756218949637683831
7726047837156119838
2058742335835117098
8356495619797131555
7382136055920002324
3981521863067817821
8265165959731453169
2008385009804699308
7551562297004780209
6511726052605515748
2477359084120160606
5886159983054133887
9007608680271879807
5561583479978892027
7081885531074350294
7271401900722212614
2955461905466668134
8762659307854638701
5347857203966328040
7779324629749600531
6975018878486194721
1937907173139628076
5548708482048280896
9024942025979792586
4201275273268669573
2728462381446169802
2295754912480239993
4202104819512713539
8964917097372540128
5093176031114694082
6297345856386508279
5216805272636975416
1013258703236762260
4090734132730634631
5495364138524217022
762859118565324698
7469815725853253405
6829096420123560456
7502814056480319955
8880620556233780905
2068062304813110400
3982468819572454808
7764683901854494168
5941190473020358103
3340930252118130586
4653946609499941278
516679406647488478
5040915483929023484
2129072085169841842
8397180972593981217
4068941484901903145
5975561763496569598
6449684404993524552
2684068235801870924
1556411614467612592
5801028100737804676
6730611241831205575
3145051154734534216
6115482141318265774
2558188491963582556
5364325757776014040
4556573146036740451
7141889786914757187
327939362120346367
9044061271407219813
5374939732223234512
3756748693422048470
5399896152443942558
175732327656423291
5863096518057497097
888372537901470921
7941279927050997295
8148944087198619284
2762144402421173508
3729031139922911567
394333929921649828
4601564538121048304
8583304502379973928
9049104219525085920
2861163667452838054
706731796335192571
2549681480127867704
1639496783829363976
5436740694392915614
3991985803385258019
7752218763039565305
526908756689022551
144334211909072888
7011466744210215351
5485585609345198132
2301332967656654636
9167970341746652037
2283368297869167769
2523334804463125447
2159840537181146294
907133321596518690
5124998605693545509
9058453530525487623
212252270241141666
2842144879373443879
4860900461746759399
4983654869456811061
4650863856906657066
1351827444336076157
5108715778231216391
3383693058825445215
5470878054771317380
99302951662933954
4785097546040168812
7979456316883078685
8035648245151381303
1237836867465625671
2579584553120274174
4581611806109677357
263806100943384102
8134576994054230723
3138841572620873686
1145973394388713612
8499499543533886912
4743547125279801182
1244746828385799588
6270472548212241182
6098732624965931188
7360780995680304072
8921450986257805437
5346637574653287606
1997040443706052915
4404112097834421647
7227384241543614306
5419568319023544577
248116482589313820
7082535071345109491
991916912421732932
171165190062258371
8380456621180195090
3284412881987991028
7691072820517415516
1982322057526003064
540953915011312521
8206486372576460381
5949389474215448529
7571579871437286560
7128588226954152768
3223786141740161499
5212730835482119927
7916590338261577210
5960820018931494278
1473145926523676644
3517465147566962929
2120760842824278790
8942425959063550238
5822828071808761697
6323468373011318434
3271059793299621675
7524196786814353601
1607891232266786896
6253401760575662200
3830101764276710431
8845271719350069620
4923214683775979855
6717885990440862991
1488076467422943540
2839640814940552065
4315412315060810559
256367323908461511
2440665403184580558
2588757064679138480
822872770998921319
7318153033388462002
5966424809922221334
5370841306049074037
1610908726884244059
3716703040809631691
5600534907830359628
1525309224219664645
6966320995485035656
1038446998265537432
4395044421341661956
8877892593419037969
3088726267429641303
5958196777279713930
5475610250543142220
5051385936740241728
2964087770065368514
8217521877355609026
351882101775279691
3401547722030292200
9022698466003984917
5745858722955104778
7831376619303883041
4837775036550644934
620380538000932587
706979415111537755
5975476313287752631
4226063275732477139
9064138658932642650
8003546537289292085
1007689974013516847
1062649417273681341
6409141505839502098
6567652254510061908
8021389182248120572
3796755396125751613
6097856369077823532
2705085011074207404
163249475722027731
4645312173972737171
4006286188933209360
3185185576616481559
228435030524919191
1785526464509304774
6153387171565993036
9099787776639769100
2483814260219616842
691204136727645186
9047684331372949641
6070907944663036987
6121606971846664112
3417955498781358813
3833108468903709444
6294054719457540108
8237434523527469645
8891250775967479608
7690622906740001946
5523795889304320399
1001872541252178315
2780917916332632833
4010191582046449720
7101935043596604507
1624191719596547499
7767410199467572572
6211626555200088212
8111028051757376850
2744907832597924913
1138686296314508996
6409726473056621873
4098740252021827726
1363494553672170267
6620083026747620887
8057512750260453033
7086801633372396365
7158805547441352804
7258037081147221571
8469706633898479824
3794252452138140939
2435741488826356446
6474908778096271991
5185910149148750051
6676883325095871433
5405371825812542446
8300781169251921851
6812677944135003247
2317811816811617227
4880415098020139497
6209126335850316574
2544546877145582854
3680898002193051683
1726127802274804248
4776284969352899823
933179214322276496
5701218468955198072
8626276911596250359
6904371299215131140
6386554050047742345
7848674665295452713
6131814626414523049
2118439820040911131
3898199543900912504
4516099859048658506
2715240131619235954
8531902739257351697
7231905554355664272
7410937305341227244
831708470576374289
7222903642847090622
1395015443794631492
7305408520231822323
8177858158080842397
3197051242107200560
6279024785934097175
7511579788758809510
7873016784900926213
677451738072734767
7739574029516160020
5568706340241015555
5017907798198921661
8129074629192936781
1877372301304961277
5032042820693565599
8999982124164688032
2766276783334742460
5937553517846188822
5556660039117836820
969601531795336889
7485007602757162652
2997084221887059346
1326513533812576189
2357897559929760305
5818415734875984390
7426422645527601770
3808513723898066997
5462873866494711596
6668308695709603266
5357160722053948070
1749172640367927539
5769099309736897551
2824468011531854996
2431660392926569556
2466489251495113072
1050961772644616923
3850196624334760086
7829015719477585105
1467734610117863671
3571388232132379793
3651449641917082258
1920247738970204588
1699598994814326939
2176952362954631447
4003317112983374399
7003989004788852102
4884054663500090362
5723618058179551484
3268555577530973889
6756368698205886368
6662755290598964205
6340504459396247228
455348907215196419
4161567323870050169
4034652256965581271
5533723144833876087
8765016893382405659
6307519422333471491
3624588479374086792
2911939904652952577
8567429062801231866
8255517461295587824
6188200718831136412
6853757774161020245
7743149422363900732
4048222255736827934
6160700121164532443
942578551967519109
1057279660991004237
3125321077814194287
2999710897740285511
1147388592837336973
3219757559243004935
8715786125694818716
3918251202516865095
6064970273632170398
6218046831770021063
1696187605293811799
4669374914759070091
3574449344784689427
861342657376337346
1055823079149235164
2665601596156235190
4318277281813365635
2591990876685211112
8998854527632366528
2273631687667422726
5963242784442709705
1193973628387540836
1514164224968187037
5573017020203435547
6356606157409542386
7540095944584897983
3745457888412454737
3787551193653943275
517055971661012256
6757134313145393143
2521532963014788701
5385359836082654408
2585733272167886521
8917845100534014410
2070551492106098456
1994788882916954408
5831393676988967094
2093897488286048097
2517201903291830461
6248961579300725910
2350981880276799537
5617100887080034150
8439342609346534597
7299935421457055622
4565783074757066319
1964435601643810993
2158990348941581429
2783658743019848711
1107459605352837591
6189999026803908198
1070036254033121506
5748696767415984342
8102269535333795219
2879552942180034844
3997517584628697831
8878138274919183941
7651814971243713314
1759808494945416376
8612163138412260054
4177613707300352314
4138071670560320591
4338645918599609429
7421690774910640063
2846758300511664921
6830900927244955833
7656562234175660341
5615071355148620682
850512047139882804
5676126219005787377
2451701014772814843
8394814320677617963
8081285216332806565
5842606665557166351
7448121696654443217
3591811793289262098
8606147476049656547
3700157249054353002
5676902837754371653
2350312100259291683
6521830482437690533
627272881539968908
585382842552150735
7079898275570723431
4713258865413433937
2954258679762158928
2131151583366803945
7682680282831969241
6244333146604803423
3444405453094050134
972419979186887263
3653063029877547924
551038752429116904
6106657283024196922
5350987152779101928
8500117788840026351
5892844145249666616
1578494008619961669
5668116750664342740
276664358201326679
1974755497000424817
5856668876340826442
1682556590180424976
3269377124770309098
1379139620446104229
2136735429279256967
1105780004582103564
402666508913317149
6454012196846873993
86449042837569315
6368535270794436481
6798945546618324426
991339550857170435
918104169001673011
4877386029311490202
2765983918549646441
5266405600741262659
1000809962744460147
8643104742065007215
8036006808661106072
2511060821174318140
8868011826161219699
1660887588597947547
6781358254569180053
3414589975525132638
2442274489107012684
6895602064257333719
7594724645458956276
2227660642162581810
1769536791474327227
5960817649808000111
3824287625520120566
3624603865781633231
3476463002826555396
8858599187164640329
1817233538989222249
308578193986721707
6060294986739987795
9156844592928468547
3755187400374462514
6983082299747277040
1269870232024262756
5974918382268217650
4130063385229528836
7384391035342229550
2198369690409116019
5218770170134953280
2720052174356716149
2015590897929931810
3600114140063727276
7286041604608418118
6502084060611681457
1573426413493006276
2588751245691163685
4709737881959391105
1058193695679187661
3481614371205564682
8714718776443299355
