2231141303034779634
4621753327031420379
5486674486556244801
3690519525890626573
4158389879092238023
661443125769786136
8524319932870032826
3220368166040413256
5078896525133508344
1441753478536150680
6010409615263248448
7378175988112452765
7052763418412002540
2300055674748725911
74514264556342470
8677357401789397830
5496960198152523977
2013965505260969316
6660994773212762643
8698332795318845512
7760638243694806964
7274730745505659449
435838055280342106
8395300024939301938
3154844134973288603
4621173672279520279
8078423456237198095
4474314703287279662
8319643144273473434
8802529240803455068
5116516937168050884
785067555009611904
8982432091631292424
7349190547492036483
5035851838411384872
1329779420507899071
3121282190734047286
8000190778650696249
3028414476022058804
1071660734616653849
4675449818390217324
9183418041183027738
5154006999563155015
8769082872295384457
7405874989433810460
2513235985360366377
4358980959520711000
1818849590594729776
5754351100771801010
400336087132615163
6307790143271971598
5308146425929854124
395234922277844014
7279329281342189597
3219192905032314595
2148860383805225874
4475934064649062328
4915791830867639163
3494464971259729028
8344121701787137333
2415264494258914137
3715340810499649788
4580811403533920341
8623869765494496136
3810791179853943034
5873743941515027204
6904814025523941104
839651906010162733
3127572321457432347
7773907367251745142
5937568164241748678
7838781562493939975
7923501269451686567
2887542487811980506
475967257465392433
2317834007790447979
8171153352393544841
3111215330369239187
7193657920980395541
2254781617233834583
8860888043482261009
5028435776458533925
7329644806040039695
1633364333322899208
6877413162483915116
7280902100012555646
628404433267085291
8764223242963391683
4225114267977665277
5423534320730707867
3287441405242526131
6580650719548551094
8885872576820229820
5300670096224477303
4960477161081027530
6054190947028479812
2913189506680162281
2429552264202150098
6741271720780734554
3477938768410846648
7202019365193191439
5329537766304392601
2726112253029642545
4087055121263531856
4673999820005805720
4932473294502732067
6893153201523745753
7745675022429658450
1184389412545491500
2759068889287220006
5549001976662243624
5580207220247925597
8346088486791826595
2767577156986588003
5212898298475972215
4964931043808709046
5082481542700153872
319920766605768250
9181822341814399055
4351292019051273155
4148170520477381534
5205148001991135957
1528458342631763773
6959761182019303616
8892264119457151703
7542486660843520313
1050591068627544807
2092444678516883878
2040886594560562763
2346751133904294935
2425458406119543338
1273318987092816771
8347450163330480038
8946200600393245254
6110104096791854081
6142085176223902146
5705048444420208790
4520806912344750150
4705161769846213717
2944127331392469430
6862467670553395703
2954051425755261727
1626371712829379906
1734173018942912454
8172666699974385837
82006350741328306
7121078603685612015
6526931915503631455
7676156609993356134
7491082974449301495
4313289095574702124
2157057239939420281
127230644743138486
6450545030422750534
4356229567742705641
1125576483488826514
7254926034220470704
2513179322087699443
6842808517734260847
1729017623726795581
5132530997083485218
7439504511388368345
250401601656223031
2778310591474944203
5245505874083726318
6453260312283261376
8546712187294231117
6306252344785396983
4567809210956800585
3072524318871131485
7382954936277700445
4934080401626572856
7825028008529158920
7638079061419268496
8559835676130025336
7577500879518520946
4724183293071665508
2658627495041298055
3914108212738195390
6226317752697552755
9070197879754592396
4887562925022693007
7291408185314268927
5264458221861076718
212205379510594586
8227578008884777256
703363205954222178
6876056523710638993
3919732902415549776
6954094449142642860
5774640353879140007
7749481452942463343
1002435856232377064
2319396196681690136
8632781787299339352
2458115076837852208
7184615151738774190
7710388011647638977
4200533186391184631
5647281596089392168
2242407612852651004
5327305479655444057
5323476847283681092
6589610388304430889
4572618102714365651
3417548029095011564
1380983237293279160
7548444301978994236
7248204360060757139
6717164039098716014
8008873575796495348
5240670562932238949
7088680498440097706
1027416061464293916
2466588764786992043
7303606408257236259
7476285844843588852
1506173647092888302
6325672361655625975
1990352089399635099
1849909737508596921
7138797065216511767
7279165376366924100
7999439004451137717
5359877310383733024
5073534656777418722
5305543427022562230
6549545958376592977
8175937560194244452
6209916000903441357
5161928951158228064
5464659519249771648
3094588164505055836
8103069709118892380
8479666490957053881
3574142931085600328
3173002758422666636
7564126967141967608
6240485764852028114
4959574959736086422
2633152950478505250
1805602925209409787
7459893797540704105
1860387635528647191
5041817758655247395
5511782590192314802
3382974158610054018
6567800707047713440
7381069709705086304
3087364069851967401
6755810242925877921
8283342087006442156
8191376363374614129
7564085267442973548
6252260696945665740
3632091760363470554
6539044902173011103
6555593966473749114
4556641907695557928
8463820929031835075
382564896951427302
2347808862766600336
3913580507492841042
3363102742934348488
8741724194785141850
5129910041747360046
1906859574260848550
7207707646532811455
4794654733859189047
4639295477297616039
8151735712091856394
7330673398684151673
8438729983948730040
6518930066326153074
5348316818837364617
3531504770324101020
6595029067521918951
1222294297751390191
1823777449103884609
659871276106562785
8684241229296006469
4335112300354129764
3502538358406651022
5497143734023229283
6366685316822328201
4682309667370257987
1563160390246822423
226211920395231581
7535505827565621038
3342358855367766518
3609977198469120385
4998862477391934826
7525904692782027570
6343311881952538295
5122846893062077466
8400946605050963184
1966932565640243208
8774686941303071916
2807196047246971091
4910328354737923609
9182076981749565063
4615886846611452331
485319876290003941
738088693853177172
6692084470966574222
7396487328168518401
3003708184833050379
3851262362848616243
1220254901933121657
4695553897175370802
7592748648247239913
7091725304034772039
5926382842526907167
8770100647884400200
3842553349964319343
3890089003825470283
2050699103147356191
6452598848409138546
3196933020316771787
8926428527886493064
7850914153371710857
7027023849493648603
6613469226118270823
8487086808036551558
2331477315872866051
7189094795621843946
6347900981788347506
953105012848403299
5303741223517992452
6052798200444594692
91887768719490078
8482431026899619604
8560229176253354347
7144184804598099278
9186533417424504019
5146631408834982658
3521247161296209880
5171262423234834790
2275284613477681768
615106401044376483
5100832267651962222
2740392712214682603
2615660449999094014
7816633132060270439
555186385802761311
6127947342756478737
8139119266335791657
2163455789091960743
3262083828415208998
7891568800867883574
4752068113876897370
5403972766743402364
8847255021703333522
5348924046374779779
2751720023821134585
2904193136591738539
4450899132842211036
5068937687822043058
5935161656202993780
2108590877846272818
3322795808096624841
2527174031911551297
8954443594515168294
4823541448334056132
3801393051699057795
2118435315141285378
170486269647651238
4627920167891140195
4026371856472744151
1587650913161908300
8802126428028706341
1570512585406270329
8076579415819751978
9034590521223978153
6915750110203475728
2382803530492742048
8914221197402939730
4856298537554880577
8819110970805323896
6655944265213027767
912894105725994088
6019802665882201218
6510468909648297448
4009739145808360393
2585293776080369708
286719706027192279
3273021880880932569
4393715701570656195
7827356230566719526
3712071040678903303
2012902484386425916
8100316447798577262
7194323259010893688
2059533600981471666
2959211487579771929
4651587276971361832
2173075463325562522
1946734355031449793
181363145224278813
4122214056081010695
1454155465503766716
7627022332317247405
2930396515044672763
5168101678569365371
3096643387916890516
8867865923108596925
1104006038713237668
7173259982349493059
5767975557764661448
657541586382269714
4286219370875187240
9102481256039339891
8109661467837644651
9106289975483649018
7089447033940481479
7326907159849402001
4767546521473707504
4660550684609865832
9057763712403627910
6438862391925534391
6605651307225545363
1833429240996369595
3410857610788040597
3553099539405027119
3120829162055520282
2769970889789922154
5641864372733835324
779863488523696749
8810602135758994469
737692545036006601
2280628365450914255
2157021106284150369
5101421166924563445
454799441078983565
1222470906305395278
6894732283147746838
6102648877190396947
3918839828239486353
7517475082695860697
4787595047369648150
5929853650566813523
8858814346461342116
8900924603585237213
6921327335077373650
1892525360825200679
8500127254565417587
989830534162991742
6577401674716590126
4434987601129607878
2868402941675716701
7386466907862509114
8943753003746527719
5630938301617890778
3707267212774558898
3071814670223294921
1990774744816166349
9040938222646592300
5190191043678630056
2719880691028302557
5806853888769947528
577600829216472463
2755012360061011091
8723097562038202587
823734055539188218
1492382376847509618
4706607061535345967
6944504035870547558
8730372929022579055
5596840428535001282
2081816118877029365
5507814374257748086
140282807260177249
4138019058895754479
8804759900210927039
4085641819077900846
7338558520248199334
6580001183466489440
2405598668506981169
5552177562780625698
7778814163104112343
1926518622443368232
7779431963011596348
5082450145385683225
6281259108346875404
3362984500059349488
2587004161255042912
9060717569833238827
1271118331922570666
3729221722611155414
7489725153879363877
3065139540702463435
2973616580531613937
4428351227789337320
6797852482667279232
692709014760342804
8732155079374050625
5531647840759024187
3364810801933762868
2790352991888501749
2812993503382724309
1455997769894250643
4377774631050336330
5005567552207966694
3447467418007085000
3703116720291247298
8713191055424372361
6729813923483608363
4581815871732753412
2639787252012376
243302271021143419
2931428715139393667
7003874126990460288
1970318109233682287
8232377676900266271
1377372938932815478
2540700370313622684
4899010086469328199
3592973117750859578
4554149987847874004
7372383556679033524
9065562888359701921
5381724004752713485
8827180464273928047
8499559590623742469
2833736862358693129
7020679156160827162
2942260368935054914
1784523024062126431
8312042064875652476
743318353932576275
8139261600783133782
2050718263103421972
139714969570828929
8613277422955935807
8955919715580018363
7436053139136338799
8560519896221524291
2174400646740954924
3584671705074384209
3292504143843354278
2909697138470312963
6824596032747992264
7887767572016670718
6848887614938041102
8625719074366730942
8927277298375319118
7465350794894863818
3733368838691940946
2362338282401518244
3591485818943445661
6155231544566616795
5933603357694982185
6313628392041266426
2626351442631523188
6439198354072303939
6588461709965337742
4244921628757958868
2054927932228868401
5892375368861323361
7694898291359344571
8370445661693604433
8639957136555460954
5673910849999694837
6632524936914940297
1473446666778423554
1835732960483478365
7494871038788957921
7220053438500482367
5772006051204225082
6126642773451770705
8554430569603885089
6289703889521394009
8497781650083203132
7325618976358008695
2502061864154843227
1307297406673244280
6716767211008392927
5320391083278660732
5532425773880583275
1684656786312940055
7968922530441208138
4152964865112646213
9089602936741926213
8668245693897335561
2086915878928978009
6671322647779391655
3144481715350048471
3493413018183905054
5799607099250479023
5021265453842714393
4102338879314759031
3815858080585942572
8669011198498044665
8978023823541318021
2071890429395595041
6929348648047402849
5234966137508424977
2513440878559127002
2867872187000439536
7126607964941561029
3619069970190421711
1802767220215724739
3907424820461503206
8019017294961186500
7606580909402408023
3353184604337029775
3054480647790895835
2194302683604507845
545012699011627229
9007921647852454681
8861781949125461363
6433674492569919791
1276549526814162619
4401780163667219240
5960760878255095859
7694556975132602358
35014573741645311
6565596001066009759
4282751294014155694
5968510647893018389
4463511463840686654
3336598092971551468
7345554165802505596
1025656275174645539
7417938272004371680
6284877758061320357
4823884804838849483
1288986230661165741
955551845242622180
4886737188122553142
4240865675906569188
9090005791176282383
6729764550125793097
2177847227479047128
7001488735198830959
8050714701933865920
4402698652282735392
8917909988867108679
2903502870150897282
9152918361278943662
2753738678528400870
9062223694884129023
2917430333669807371
2700036581907977819
347331327202190770
1881621854987034974
882879218985856194
2367827891738917244
2342849534820993978
4844856160111318937
4402009372995489226
7001613923384358548
9169180250573394144
5271875065246705088
7838652256476930994
3041447973565322650
4410075232940975556
8893083919352341306
5594866131957046403
3668256803158776583
2449672946058069984
1823177098744258313
5860931424484129177
6488836549035488244
3792736241811440617
1465416193415846908
1180283265913833191
5374475981838686066
8366928087471011620
6753886866859482863
1347232083671170121
3992154325078221847
772585960741262091
8358969491027707820
8466674238327410138
6057968836502105110
3718637008966334705
9034211552158639194
7483275448747761092
9027507308164924235
837430433306697757
6243942815230053881
2975375594172717693
3234000686413956273
2990324549553803270
6079947351963264384
2137699555862707793
6726963040567966680
3131970899453160118
2873819290658971391
6293915017932765040
6711804838032767218
4496392455083314229
7234055740492630654
1374280447104985470
7635971878765705874
8976633860135734986
6408270567298046413
127249572483697440
5304364912699289336
6080533584748174052
4547707259985246191
6791883492064486413
5193817872131076536
4586573370486300467
2619320850850522191
3932738209489830213
8424490271498586717
3000898012597363631
8828761130220039492
8005894949503018209
2968102865846890609
496696305017604409
3599634815235783468
7381117332036224758
861941979275952905
457024187509817848
7441527337487444303
4856962437958567376
112546984100042529
121606794848402321
424513862750804285
7833333985484425747
3245576413707887178
40301733497520161
5589388606577514025
8058559231825832053
7219985190700676455
7195922746807302306
1346024528423580265
2926580188843157864
2388772773630678452
4125968512758692033
1628191897844017270
4847457038577894969
1540612119743989542
3170485189443483153
3917840782967052956
5979926048628162738
6068582162346251788
8453201492561048501
2483572488472079555
8223901295100931511
1989490781823181068
4661089719604927399
8843180828741968196
2525515194748620661
1724737452776520741
1069237909148685253
8206372896295869346
4139771687449893623
4501472225900235727
7860820513845440649
9047597226128980247
5082991841660451995
3535234718524263551
4548970045941401091
7676273595634051612
4744061401194463193
9187948214576377313
7721663362345321200
8085451290353861055
8615301637368190391
1096693538068158331
5486795902619313380
2047787708668822359
8526870106394074813
5825240011843828022
6948287553907643162
5782049442415247218
6143121393408707071
8035858865972228067
42881778811209877
779337920333705952
1460654938980957505
350004726309991471
6519991736878216485
1862699619714171935
4423899420196169409
5331469895157991475
2996522896297246100
8562475463382037712
7820803150539664365
7655612008211059175
439129585176982535
5884426321971877677
5235323392743043218
1224198781832632066
7428263295336315691
2967046234928821318
8857431339611936296
4766355367358468590
6376589528709034972
545554057459148291
3034408491608576670
3523541329834702015
6230282002911609521
8608377216237833136
5546788572248514697
3944696225167431978
4103919220743816567
7721451815320216020
3201433430770428483
6100504715667132164
537734237896285141
4340248155962013560
5037186982190552167
1974955291577893559
3539986581937007048
4660624706650429575
8764011035045385813
8157289807788749860
6710052172938365842
4290680375763592123
5149668297872210692
5912599895222652049
4342679617181981308
7411220613308450482
4944575824452782259
5330659256480185716
4760784900156234862
4828927047188510287
1671720190345906112
4408145352555429839
7439777004787870487
3415928716842116593
4616703532031158287
8289108091580900860
4503886738327073701
2300714968270107160
830994899825230310
2028880642390280577
3545060911281987485
4452617051861390855
5966131058077278123
4626476373339163481
3619068900963605846
6635375617936651618
7300392479733250013
1366087166439237949
6099751110764598939
5028300505306503155
477413667682595225
2504061291171775917
4630458819808585809
5514895378080455438
3061821899239319309
5135214814633348477
3112900331882654067
4953288971694321224
7180778718807307923
1350871495681054862
7196439376505254857
2128524652196486348
1497393535305583845
7247300609592236709
2532237726894527154
8842726121854855930
5731292697931058003
2112486041869886792
1834126248772102794
2828495759341368955
8653357214206184947
1418011744632994326
1148080010204915878
4002281069338826785
8218472715718377288
2454455326347022343
53785473959227377
9148546645001266019
5876543621493475490
2386224344930805578
3033145969834145267
5525929544451270261
9010474866748536194
8702079554320692253
3434940735404026731
6534944584639488609
1460485966166405640
2269838594884850067
8713232749930660919
5893329517848991846
3316054381321779893
6233438979792604506
7655968790321309982
3100326975918047228
5061651439773782025
5421630070696326520
2806297238631956314
3537552932148296333
2839367698234463234
1426064573981708087
1427448278408500568
6026671854087509077
3562810013366783049
5657687956513350826
4368015130542412057
1804543433618716257
2060368198598479375
3126417460766101245
7632298112613704036
6078398738304699646
4064311756318740518
6207798241546812396
8641320695624578491
313588560517988380
7088175582216970737
6960193680093620214
3443229511690542443
4888018528572739333
432626645865510043
372215304262695696
7326033652592686255
5757446863361451249
3690114020877969458
4137685235602929028
7395590479083348621
7940079975449430683
8973347159021807013
6809262061512763361
1914556502768541636
6185402884785313321
8734945163936789220
6452708476142845417
4230840734938721286
3142741234035390123
4974931556278422344
6466194372993866043
845099786204195445
1800172422204470571
8156798690534117056
7926343447829912454
1633979561925844721
8797573927846417490
2776282111592661612
1941300611147345821
3318262712625307128
3884624010530930695
724475183460690704
517140405312411730
3295288749582009536
8330089468040739831
2677146238839689713
4868479244967380001
9163416748313056637
3047870574218943859
8974075892072084303
4344134469124596552
8798361548716787713
6334297458965428719
7627472647364133825
8038461834550522403
5932082614066627164
8976549699642489414
8407398604322014624
6237459422587926691
1902197450427064039
7742392663430700640
2260548081851890940
1761582540711265507
2852515050087970651
5883690923274294703
5778012427250709930
1521442113920200268
2557370489000034468
1208182074431532201
119274581484127664
4697076255201610311
939773873822481363
8707705417796127472
2008439978777326737
3928642624182755235
7422800227840574714
6251019854395825290
9175627427876386386
1594883311682454756
6781468785292984836
4165327761660231000
4189833436256792520
2785945588454806383
8235708755867789062
693276085946063551
1988192623858005732
7696744110051182131
7824401403401771186
92435238968152497
1032207043594035427
8294011437762218846
6881744645158154123
6967493097158115296
2227894446441028888
7442256214038937084
399266690127234808
3394628675729334890
4818229564321460480
6437318179196369465
6957647454386790481
2053204217883946077
4466333017521315479
6029510453981949933
