4086898307390019210
2529291022951394643
757235234355297205
3195756604542663858
8123685667509942853
111245191038806780
5778334870377170069
7275544849825806601
6342325477697163853
5542654824637081291
8360780495198713539
24220821060767289
8056180471169147973
1191456689829401474
7248912423559943916
4548222552648334044
1628873754638219343
3270250926935367999
5935588515283688131
5578505247911128039
7602851619771715858
2809820262185934139
8831665526820795651
2834970104269013696
7513323310916944344
2378200738336863115
3756914052815157951
5525427889098991258
1514280582787120131
6847542740144269483
6977967784019958001
8157546936618612030
7182672406030540188
367391659661053664
8339990866608539121
7338558248652842267
48036957219669384
5848354477351161261
7513300237970057081
499677317194818677
7126470750092872410
211874588701114319
775918572597854054
3836805165546745175
4232800068725662711
1716566701854592744
1107946003227014656
8540067580405469667
40057645373081836
4799138316082032222
5971239793287329940
7392406650168484982
1972013342114125804
1805097121070260774
6958698601840654089
2444788497977574995
5439682041708649319
7452931030478651596
9000332347114264252
7352563133366139589
5084408484641798775
5366485707487681183
981947421664574865
4261675428670452177
3322073919303765660
684242502267551703
5160051529143035606
7617752617386915648
4766869809653881716
263651674853999085
6454471395294832552
4072801405256277723
8922370594366302791
4561415814375078102
6769675344777989699
8151405325337926982
393404491097800720
1054297263549993378
6116686105880267280
3822510448264424101
4086935045981809469
4891734297146719590
4743505611885656218
3997822642690802795
3176166506069846558
6211948417155127542
1219414928629634450
2319765057301160083
4291116058874819318
5523644615796910066
4076581389126390244
3527349018553435200
1914048653093892481
8978740692183862611
3743846255480677996
1444892687616700998
2187199778391976891
7628555554431849121
882645289376622055
8286898248838355784
3938024457304990028
3570932434095402534
3033228639949490026
5646478043449175887
4388312575946186979
2664631792024779745
6018062793684832647
1493840344010567433
3835586298601272663
6818344911595558112
6034340570317875663
7251132210790729258
5802457321563801880
744271186885975090
1629333379486977660
8919515256629124397
6670218189078821032
4809327988861183842
1723275199216373937
2699219997058339692
5101172967992774812
601179653381647562
3528915129287275200
8917098996932948291
8743011363860185964
6967044314535388825
222301220075342756
1462518308999316412
8185063012558417720
7542221666656050298
6839687549552650074
1021170313604721437
3217640758948105711
5643646903475995500
3199469786663547635
2618456909906752981
9043952510133230779
5855046513294363456
3995803110484886323
1114423952463528925
5972644958689133083
4069722092810833564
989242526088596851
1057857771530311318
4443641765250493561
265272720517999178
2913019625567483242
5271754497901986667
6692766141649061914
3162717691955279494
3799689319121746879
3581476014261241199
6538342777731977579
6690365392228887359
8553386637401713841
8901063198172055689
7683272008885236284
6091598805075555690
9211411699073964340
5148795547812148807
7957563469126188292
2978912730403946626
8310648460298218297
5429988453004978896
2979180136443955089
6892014373736679426
3108103779173156632
7644737167816785500
8914230968923014136
2939603443986041939
7523354646489272285
2277273630975869104
6442996231355485051
9081792116385343106
7213978720499192983
7646155560376580883
7773598558142258416
5480717334601852145
5718298897232339192
6943363754319417687
3433105206997584733
5879011384416464108
233276721524079048
1341247074574473983
3603404341257346126
7121342861638484131
7300728277343200914
6935414121166692742
1002246609570852402
6837005965288028014
3540536094473623940
2455428481691979238
8838418350913753691
9043619051785371709
7437632407412712721
1873345640409673541
133887463383454967
6488521983500609626
5611578574046062099
6994866211586982541
8021607166225181735
8309420064020706221
375484450674234408
4276638069725881216
6660531438919485396
5739960539303134798
236836923814205502
8256350872231440889
496514449212776258
7949330849546374088
8793055338160418105
4159083707806679264
6870440001241938203
5962048756322761019
6020110179325088205
1201227401675655555
4630966746275295276
2972801789630571021
7509548177844244315
5517896911972109280
2531909880441759693
3940835082565460266
4985581165800380144
4283825654182736672
8525587320377302167
8964981950362468475
758796341205790779
6869224141017435799
8526381872943132379
3291793118171621636
8001759799126827771
4237483745848473494
4388062435883162450
7329008589892346875
8601165750516185897
3283437694658051513
2066499913891112220
105650042447117407
5152282776063356352
3249792035428393791
4132290543028219705
6328936208531442428
6275123782107786183
8866059821223079763
6824009596206874891
662763002206971416
2890538507950825172
1824128788064935353
5936433129907710312
82992806876068374
2396361735569225140
7676300177040562079
2579287094745318338
2647455657186561564
2045873969099769530
4666880482892879906
7163173848741943482
3870213963190016421
2073113995713491943
7981915848098663895
1975679496718297008
5464663331902364726
7752352773917369348
827519488846712215
6297094679174540540
958686691463609239
2236222123153814826
7560960257531647766
2197145771140510361
7787375010717014678
8136154300214519215
6412107098460012681
7443324862397094773
1427569656720989755
6591977252067022568
5962222052056608045
7928003621124670072
3611693315083986267
8339287237552713755
5324600456842921668
7562100015019036588
461557051374559519
1405305267179355502
404861058514352130
1303456528844860275
3650390820187280453
9192441529505252475
7316630075158865671
5830985733523569287
2649116280180015530
8061660340402666899
7852542918250680951
9084314071030723814
3001709339626632907
2483887380408099395
6906646683239355411
4156978222729302170
903540250197633102
509023317322428752
4905837589631513260
4048064601522792021
6321683772786498435
6618352922963196199
7164190953662248340
5391449411374529119
4697259647041503097
4574579095294618617
5490654232751876437
9184610662589914471
5218869321486338049
6956831770666663982
4735315684045500976
1792742645405791812
3273504342197095259
6797064952552685299
1698783352789038688
8091545227209725590
482928872470247064
3219678645105808750
3233908252489165752
6291945913817453568
795294886921807408
3700786308715559738
2507481066966162065
2466534058971599654
6537250365827573194
2887061669859113312
9085442273038582800
3434732921157261665
4054864259666574117
211795412813922336
3094263768852004490
5557499991021045183
7754161555069121822
8116116535061887989
7066773184881953475
84618046064888663
8616703924939429259
210372668214961834
4773033217238170296
7510940899824868092
4040119614262334779
8996370664003522615
7260457813544412317
7115385342218653681
3025019613711782432
7662385163499122803
1179905699834167689
8801136674415259125
7658268392178794176
8290177969839933442
207341024701574327
7636445576832370398
6885407877445118141
885007987433508451
4059645525405048164
5033734555720163013
2064804075621033090
2532990389130643753
677426019839215694
1860859970226979175
7419260863783247215
4012235155234202273
8407327803640688904
2537128154382095646
8888952036697667550
1448880890278300542
5355716286487421327
1662533773932701845
3665588350726784194
5546688908600786684
457086326719100828
4621924519311066658
2582452443458665984
3945434151170586214
4947777913219582459
6263830963041647348
6304619566176302294
4571705672566495657
4257265901272443513
7793528579059104590
589009365451663600
2471068902330657993
6170587497586645744
62116298568026209
3174723130031182094
7123846048596548397
2126559877845381700
3495871824775044375
4562848006392207156
2176192010838750209
6466583633906457442
8337251523199057680
8066514645150111086
110167343583542355
2654114451835885459
8618900582316573955
2327763052518241076
4956041147837711339
1953678890876427322
4651709691470042678
7453105410676587670
6325844219149559787
5825875261673250080
7579488595671942755
5257600158781598067
5836642734994236621
7998977920192647419
8592535093406461668
4867946089669721948
5613631922469881592
4382691529786496926
761976319265750123
3360768679764249454
5934821247827095926
4968351089472657512
6456146840242818896
4914530365496007203
4153892824136533545
5186195897562117864
6496470590551611718
8456998934328672665
7033615350000513230
7372906685391611057
1193453318832075005
8727398364893305312
7679036152287043147
757650111024828143
9136749988689092717
7591561855715295492
5030634103811590188
6263031729321910672
5210639035727873486
3994820696949336778
8502988047121327183
426946498458810042
4370637729844692365
6886150996687718236
4391306791745644583
1480087839833505793
2048811489773895340
1699112043106715074
3044784028617471729
5261608194704805752
6063551167264630710
157158642487141849
3817386922988362377
1427070599215207216
690360641631149755
664085233060057361
1391043855495304287
1037198498143773718
7831737162155314021
752126984656259014
1645423183494306232
3298580554100018393
3543551721852581636
8625770327620877808
2757263488438446166
5101818930099794807
746551293042334897
6775344213832611833
4333207012105444230
5290226049594880606
6725095431006836112
1261081964981855499
2560547251444351306
1561540713241187633
7309850272342291968
808012785349164242
6890730281227759513
3576221315759123601
2135754373686258489
2322469431575857301
1328287863787476468
3208401992032747066
5614923115527805911
4448605745018108014
4770573324119108582
7445468725345648132
7582493998038138729
6545144072067592667
8074914386929169936
5607578761004102708
682216901313006468
8189659738345605280
6487066682938322585
549897940460259657
4544867080243047699
502197766769962816
4327892958842743961
5198041290727895794
2021149737945867450
6149169778735237174
8756854806957002832
2970654459942022785
4607824704708258306
5686728452301049611
8969666250682722023
2285886858868488845
3962995505206607339
459973869096297491
3694939419187577384
4595308765708498035
6084181629295095687
135941673430522861
6253027578225464372
6263308746026928892
5787097634910735500
6485229928560684955
7338920693703489000
78699706335115048
5626520756337050593
1074840266674811736
1247671580130311649
2991898445432225340
2242743308413871543
4139491091133559777
6846845174130080878
2658563489168404195
3722233665247763288
3059443987021877287
3326640991141096929
6626594575768542878
8919156338181291167
7054413474369841237
2552325587885499012
1293023991372955380
1405096499697683707
7042296932784274224
7893347341047945013
7841104456100373611
7833539325414775388
8586264097302070832
3710390400130034952
6804060376202102164
9024460180200785620
7077097115567731165
5935097865437262603
5892438060241330252
4953534064039870388
2943883840440598475
7260112447263519367
2322392158308324175
2990203874421200178
1683860724774188429
4019731746556068890
8182663068519890622
8597352263226103401
1305806122561543589
8187108066695356805
8968863779422745434
659001502851049900
65518805187668072
2554992425747392780
528950159830644370
5617573317948221932
5843228830408698991
8856419178489631109
8015238687944607247
5275718689477431032
2884010130588173947
1184688691581013286
4106081937895879029
4562590110176627030
8612573416701211491
6711101108088248784
4510689043024707282
3032634810421172789
529315276265682454
8215626865442683570
5187480186294026704
3674674185930510031
518276732815485316
2896955832373968416
4686859897446199816
7377425617260014226
8802139661483264344
8839558801351764411
1594720367501406004
8036080019643493688
2589127715290370197
1666906020702615341
6058077867355618365
1860195720269327763
1157972852885432822
3072469858724759228
207257057868805671
8674813841878998847
3370152527581621460
1953300626189517114
5613363615577111933
4042973901247412005
4153318927895726071
8591010021254791485
6236912870089091076
5069803902802645681
2837667156938551006
351959596639642386
2827946096966161764
6693183416839669628
8029191987492737831
4265342598086458757
2913424693101828300
8499738860782279314
5776005835787846507
1779991329869664433
2979642805597131391
372692170978572310
841853280420185868
2589088492627317309
8334058335724904687
4884278408276977076
4065903733347262353
2092292427233365572
6115324104845910660
3579740601326717800
6252793800562591412
3049240434772549721
6495193597813494968
2371362389663569163
6826677061120427233
2983118907972352412
695679687623376977
3477591951636942326
4348662055261282721
3240541088501470372
8487859607205224309
6869465787590982303
4642028045686182856
4899774179890046786
822941663192812289
3055626758176078809
5617774023042137126
3721316716027462665
5526515738021322404
6031498506930182579
291723901547277839
7823126936461503772
8631553296308840730
5723107946148474991
779152603686465158
1780774562524850653
5594725865820456068
6305440804070262089
2911852720426347931
3082129760653484661
1848532864408682816
5159652501920696778
7039749535639501402
918052694868271661
8804505741292158368
5973832603127036257
8901474582286119246
9129076945857133267
2511126547703739829
1746353776813902158
6033356091855356149
1343757743344891268
9095859390710674201
3931656998915642474
1231198389760922656
7007636504369782151
7615874052547399528
4696142627530333230
8114211833458546124
6195705741661474867
5194575828225341130
8020600159323566642
377475967126373012
6589438481188693253
8278115067141476999
2637921393143979025
588389183758302476
5847485991208727510
1869341991948665695
6089526936527249165
4810587954111999499
107029527183099982
5535641292505763604
3337021697712949713
6138838401329675559
3795979378152873122
6007036413567682312
5436988793336490304
6878662425146017403
7183279128028673555
798384256954129587
636713349764601294
1976280415273699306
8912353008186809998
7330059330206380103
2174772277862469598
7715885519181246168
1553391954775056940
2101359372020556740
3673179264333745315
5270034707958465249
3031375346591964704
369712768526159820
513018766353914946
3657224207314994905
9036454543331996490
7217833882203567079
4668215246898983985
6093284325104495541
3058346908932916754
3217640467571541403
3997878932554212576
7403866369794182391
3309257003282118315
8779619367691831562
4144719631858285538
8066874283458727987
3192952387117282507
6880370327218744392
2856581069445588056
2874519700727730565
7408290853277871107
396472207697388449
2171341786101182306
2319694021118127415
360228452834405950
8061262044574125319
5846526487004957560
331640324516912150
3451346981714598706
6746596151487081044
3899760207481665955
7072466851139856836
8319497287699050291
2276902815443856322
2845491207780407824
968852513117677653
8237862522831928245
3294897987809086142
3609075679396155096
4341410943704710378
2282252278586576936
5778188010392457017
7205187616717183133
1285948022151063795
3426469695255917223
6711310754506214484
207895792198711249
6131557484171144812
3436893384039386226
7300932822476609551
7278124084843580630
6604165641616402762
5506463516548419332
9214215089369602143
7710741445863647310
1272141586750846163
2593526533114803526
5544308491723456042
8770296452959382202
4481906220434753347
2547763715752070671
3802037423815524356
7240263332689147016
3874881680789985732
179888928087242697
2787792930873204437
2066268058948675676
2009189400165055982
2074593289692610173
7491046239228415316
5949567190345969411
3695101128151700795
1893344868451252699
2725474350271901304
9177901232605168271
7071099284379763971
8104711036913082991
3385798351255815712
7534912209694539974
4384164238929592164
2413215304406391965
3472651772726173615
6121728825557496190
3777704318555152675
4908013452082490030
5889147214990971608
5559417040936967193
2121447616714613977
8018204020994229423
4680776787127896382
8870909829848689448
2476020029937950591
5480738165708033760
1226877478532651196
556534313952112518
1799589905736188394
771486071333794221
4328887600711949331
4240228504201795084
3236320395800139299
286469919207044667
2167371901944476895
1113271006303551281
8842728907110396428
8915642573193947765
8027234804431399980
5106254402746207429
4221745862606061679
6357758272034277565
2508625529500440879
5890108403368032577
176572594020244220
2130363148438836573
3372257267501972191
2409026562689689242
5190370987854075890
1976862675817263556
7756626896476295625
1048350970999922455
2559887175726842475
5842944432580867693
1666799710943231285
4921339787987875833
5394090405696415798
2507033524237199144
3594702776115876273
2718293532198540647
8168549680695294215
5583415717159777352
5086902306189152473
4469785242396104636
1379782446893826268
903682447736659855
8158634462012157468
7756848601452299914
6034515030683221811
529862234750833938
487698527669369857
7397875056067500665
3340977872448678993
3626685125694909177
1875791507116635426
2616325596062278349
2410428524082582878
3812752970923733967
1058754742479019982
5293130228741144111
8826956961993866383
3768068768243879107
7029246375402188121
1792424069122866436
4429177362513024601
8444827445851568299
6440196360703863494
2257483369708377420
1703246490739543052
4413256503355305550
7603339150610325653
6141070674231686739
4256557455838552903
8834273029925994901
5651756953470077566
2854712715055367235
1497315774123992569
8037033010474501366
9116474474931460596
260205541912352546
6116087896960903948
2911862739139614158
1343317481118312685
2478204165136679994
3598784639865239221
3665186645785263221
6649054275814182926
3786632788429771003
8929405539993484454
6366780208169609789
6462488369226969118
1477427666964067170
7412521124142022721
2964740897393083380
9223316192266759206
4407212462318121146
6964669423045594878
6804075332476793913
1293720076897211573
2722379613954115146
4000193608974915023
167132153335408213
431020405397626352
6576881156220470179
4985045868506073302
6657654859076943542
4352696963617409996
922212381145999613
2340431882314045830
4919935099424517096
8814104641495921699
3344795967803392507
2315880255184833417
2977832936657187864
3101483122677418378
2266196909977081408
129981131144305890
2325302692070762459
9056752402619348956
1726481913390445391
3564650075498507561
1300239575818874578
7769381317550254686
2624827473953045031
3426479393038602970
7455914855209526179
3991204310981257083
4105440906495568019
1074315004588317800
6269806836438341595
1742013188259989316
1590223150452018309
4038900537882150263
7647168404471848907
4874872406059276473
5122037206605778075
2733345417618606269
8738532888428540090
9009597922077997251
64062576907629624
9193511248232845007
2912010797920509190
6197650822819811027
3306421434625547237
5447140085529461896
8540837158821518214
3810291802316490922
6409737719683471587
6818718668774755786
1093268625944729648
1218997388672268008
2447366275359197837
4907938040344255566
1985103565455774806
2529833695827744242
3725365346439687144
6913344657530678823
7444249152008326487
6674056527253581916
7671446955226130450
2848294061358940859
5361422400996472772
4135054854178819794
5909461606211000474
5862525563675995972
2847673730801636008
7222414869401753663
8560660906217546036
1776034824357296708
7318744101163843248
3373744015713356439
4441932768891700680
4503794726321647938
7086003449847591730
5596352668006268145
7683792134399247728
1521721337198109745
6035925940678747470
4722715527052197203
171491368972637385
4707762666993113351
8393311539020461862
3414251925002036115
297248198949028147
7685414419567947588
4453990474744378345
5568503500974060350
35292768369051562
1961899656632215488
9012940493802416232
1475616280409922527
1660050196075575465
991532118644994861
6550370651823596369
7680271428243983412
5800092911030207387
7943313083724798790
3128272246158989042
349715929468989855
5860866897013358048
8716425304424781195
3100768147876395692
1763108929321611289
7469379692670407992
5327649971776246049
9045107198314376309
7470407151845897316
3571195337728570543
71815797842954895
4446253898963509115
3856100277609450325
3400738014111556667
8022718497843707769
6798223958423369592
2565226468058880578
