6507508569484405023
1559051844735859238
3638010714936839511
2324944052784162632
909116659989928332
8292936888565330036
5735573628412496520
6487202663228749029
7118642181621525010
2453948310043363488
4939181854562965182
2352685389207477530
4709537329654511930
4443010807164502346
7302893005992497496
7623379518812959813
4986111795081746808
7984228492767872318
2467351069027557717
998396518833981825
401369076813040576
9161722480524576299
310120332608767200
7763244545820769993
7728169974914159190
5433512127688634049
4560892194931575818
4444676058428482220
7853620036412595818
2745673549861587755
600373730212134981
3336195701167507125
6232614522037223519
6827377165718830899
4847566809237772167
4806490449700105925
2478096205739254348
5040786894253505538
1800733486523648984
4965848032904225252
5991875529449836865
4292616912831282820
5948237984686494311
746826881054450902
8011410068165979419
3070482157641621515
2553481019049008907
1162168105216969642
1270151534423980146
2521731777471580674
586416884475316964
6524934340414538755
4553540458636040737
8831026261955504383
2134797850385698434
5700178957542067393
6505216312265840225
927745965362355159
8166811895244313911
9169306313156923401
5032618809259808483
715943302965487228
5513810759695499449
2107950214891330825
6804900007031465005
7121689853825889510
3140288103627170596
3324903441589084990
8786382751746381658
4503804615047381737
6262257259059593594
4912781421919884558
3778323303056161180
2239054088040954402
1208029377332298787
3200105430839930021
4904922733812191134
5769933859880045897
5638017267347796281
5601210648454327590
8679852380360027354
937424396317207033
4395805527087718500
1361191965847262474
6720942821680701304
2071982518600235586
5448674391822111970
245369992939675169
8303445355668626339
7964172196468496263
4811928195541298906
7162053293103912709
482814280545804162
5807337144536207997
988179900740644297
5148295182601430304
4040911834565042124
6338681605553418931
3570401389738009432
1763319081989718953
6059806137025767093
61664552672550063
4756541872341420826
4977108903692466733
3333363400626658496
1735152370746616096
95696447737308866
1568044475597499543
4846601474360063986
8633239708574265300
4816980334272930180
200896280784630042
7770529175813287546
7905831015619851391
6123530335875909358
3388796650975208767
1015378627485412095
3960746885479241191
3409529268202917324
8937206752655496546
4182408582256731317
8239583771169422315
183017198824452185
3381565097802393991
8778063093963092501
1762944240525044469
6673183546087582787
6131642905765067681
1649931314461875220
3145954711401809059
3035056708259402752
25708134375733620
6555575509779993777
5424668784990256349
5918312110415442083
270078890733140196
780376467514004685
3933011887383170846
217803481664281802
6501877629819802837
2572965855983843256
4865895017145763696
1647015758404419760
4812592955798100361
4953521840325769606
1817793807596865910
8858171798639280606
3987686266298352618
8889263428135748301
6158763192251207163
6054744198956321311
1478743459484438421
8440321933671027081
1145419723454813680
5001766103158422799
3695314675758319203
3131421535046408781
3090319312289458706
5563650001893147185
3689567031148489623
3038801154493130045
2223006597884820720
7556814085278527697
843784102807468307
7508231685739033228
5906720285675884065
4151247155425542669
7185883435954868524
7158154579835971065
5194208229020199689
5285931502881143844
1796607052987533171
8996677926121725737
6112940538248306170
382691628722993057
3489181590232173734
4829792818453127766
5596286694997321485
1781255002385048539
7396143566815717002
5919483737685037664
4114242575618880721
3591981356163702259
8710353474169778621
9118434600019667383
6801796978753295106
6121752633147393868
9199162473844107931
6250443773244187340
2510955417077392507
7172861963725821080
6058367824529445226
6775280186690829762
9149847211777097110
1556598448323456622
6593787497874696025
2107652154528900390
582701175463431209
7881899548100954215
4757929513677516228
3365536622119862292
513671273320046679
3882444849371708795
6813576694052895893
9141655841396391422
2467472042704275903
3667864364407794749
704222929758380085
5052477269255391893
1961579131852642640
4027465785724761400
3426921575328905018
4333148938590554658
1611263627010074943
4187191619442940995
7945965000387567205
4501504646241941859
444653346443599331
2984175346113192528
797490539531518416
2516799609633009393
407399972644541535
2609819044352453945
6266920894630269698
4597505072355300584
8547324494239350407
2498103225599943931
5002976328807419638
7993683522929503780
4245601774040320000
3191035350894483102
4373726776120043652
5192510159722661640
8375516060396826720
8418899792965225162
4171504206443674914
2295028534694812367
8314972958074125609
8592473003386484161
1894091479197300912
455335516080967565
8741514144912125733
452874964623846105
1988752508725511521
8899249991255864132
4540130403377953596
5009985473151311454
4465709746202071560
2293243212142438211
1352244239882268032
1953987124540385981
7329836177233454657
9203042950009613175
1803169347430919394
3606338089960881113
6770723975353882111
8258950495559054165
551855084753457454
4877115626747242516
688708027409754826
4445841511249249182
3428418390618538016
8090457605834806907
3391457669388278283
5758625075533048859
3501203914206946289
7308928431760050267
3458726561962918783
4171762271246440987
5956508918994159660
2335908067130842741
1917048773598398166
5294643800124411457
6619423470783669711
466499138247797108
4852320821497818657
7204636301846084597
7290377555469148588
7378264929734120823
1682848744109304181
275052096352600043
388035915886755795
7608388427252419580
6415656889949541382
3949663570042267822
5421227539252477337
8520846330018258374
2444636824876828186
3268954617727353394
5482278660250526173
1295995263928197455
7367408841414477049
5989729949136525825
7140270667297831147
2423040724324085228
4453980294353111060
3149303355455787674
4196216786855999494
9151783472193538887
1676859616501273279
2339120986425591232
4169452497356509313
7758971233317553030
7108279436195406920
444754083956941957
7807403411940678598
6727091685984045647
7189889398140658430
4399041343901165236
931932307888719873
1968076005411756629
8505969085446757951
4751900234186310836
3463710440114526596
404282051206095823
5108564340851940415
1044158047888726704
6746256482536811935
7430749535299776659
2530337212418257171
79883290046337558
3963204034075878750
5324239434842406228
7199448515119632275
5519973203141312734
2799847558290727896
7128645741407970851
6703932496191345611
3105976092281654069
7635334426487157219
2852309556253257510
1287616385019591836
3726433024720471193
4829059336484700210
7559099785155751668
7662142845367766546
246527462806044340
5633546613023352389
6272701084791184381
6192090667071989583
1907553702100511286
1388409000421396285
684795931714086423
2441542901152799836
4507466665247562638
686637501532124303
4791113681524117292
8956178394126647431
5596978096609362505
5616292803601884276
7200268974238550143
8278983130397009157
8131802037385529760
5605555599667544871
4753395806985563537
5111060259757740593
4659260864457471326
8893898173981784066
8087962984651310132
3292793036675415011
9068628582541165029
4452377032764756490
1658106757126849667
5332855413134020130
8524917788293782940
8123506437961325861
4745069663316261869
4908495221699748576
5364601427444611466
4958964622943641621
3443605805170029080
4061842725775912755
6243445963971045959
1380903400326773415
320815745646029540
837604497587672556
6527958736395198468
7356804500055319345
7745527936529507159
358305417297385952
7180464348072848229
2604354701512655622
3698274258373469703
5850816147733281597
4446614395996149837
3377220394061185105
5033061444604264112
1493507038855569781
8798071264635365811
4828016862877008838
6965730080035433313
5910658226006082712
4288563317519264373
7547462304985919582
8391598050238789157
1848640252915983883
8667949162655404157
4082260561274887763
2710392347131155824
2895585635562079733
6524487654626680314
2887003124262675975
3779257796865884039
6285229289480935204
560264739495428358
1840407890416585394
8550071513767742383
6846127050280489303
2089353343614780722
5730329099453407873
456312339635417758
7882091194438023928
4373707689161921859
1482332005344931519
8336696142088252736
5925192005380769707
2936970104506804553
6263609743274200085
6964323575836877737
8983857993672874450
4022204231980619799
3002223666082940069
7800814091214503293
7864353306336254273
8539190247150873437
1004210238301936208
5059724216351652214
1601195256617886051
6286080950121690546
352163660155420620
4526826590294424252
798963384673207666
3679054267592977413
4747938411131853022
8234312827580886294
6582626895272851082
6464725924270349250
405435157850416871
2230645955148750121
3526013230079283069
458501256584244192
2435082317180274768
4444143005329930616
9153029354490001369
5842564910107573304
824829441070605335
6081477525183930653
7267775733900576876
7799756586069891298
8389675838253341090
8293285849177499393
3510844297746410446
5223510289033648867
7047459974634657076
8773962490681378882
6949371461304445862
4069848896435863063
8404754325297975317
6515216229535905158
7526975562235486894
6812436841177407470
3860141689275820772
4048501796451857736
8903611736469490997
3230747426693946985
1818029645528680535
4156052732349198288
5938760703423774933
6930746686413339228
4319637250840371747
7021745393918559159
4623283933724400831
8984176496954055230
5463684188149220472
1961911991825524872
5596221277860506840
5730533858563888751
827502869248186549
989684431129208707
2592690939798828921
3153674369985635872
780629500953293342
1813445083574244147
3653175740757265895
2866382599531094275
7310088798584314718
9128694800382263779
8313009354634786451
400104547039169070
1992237977502684001
8953377206443107097
8676507473075580648
5492549355218170143
5652906059080780333
1704787734201898681
3539784879323266136
3004227090372737081
2661123640670366535
421096017878500143
2888494481576758122
2319118157090064062
6969524431420998674
7312522914390514575
857937953968889817
3592041376899026195
4231433562146974071
8403579290034547650
1369370079787031092
680812282207260458
2239737486107878094
8126030716040961453
4617389698920432948
8038040474168369660
856591959809032827
2967630352916009202
7724644677280622500
640474882651967369
731286777696088848
6180844311658175493
6822589261322488408
3737533091472379242
8422644536201102048
1587690707506300162
2448884472569608684
1220217148741230655
1529271011565322900
5127815077124485634
6606965640571470791
8942566443330948529
3135998890315915320
6396476175481735854
5456042724552847469
8263373708712797515
8191722532392992403
4604738249571137329
6754503050632398235
9065048336276868059
8756652022870736934
6277967942780993526
937534848363093315
2440757267871309053
3718980071354504383
4805724005161719341
8729177144487254221
6941281188400352124
2880177307652374165
1394361395511182210
7299136140600408260
7114410001641179274
5916984306649466566
8458298921817445788
1143098177190659106
6155087895504854646
6068659372033985828
3098187471339093433
1575561671864325305
5555126040490177429
4884836472255029065
2835570387578187968
8286410157833483396
388373448606269438
6760282565041082110
4170925302614659324
178669584895754228
8280980589623553501
7851452796036044337
2574443161970671757
7018319410758402485
1030268637062083510
4788434325280356590
4894894850503029899
1204572862318307606
2132311361103432953
4567252583635932351
882400745113728541
2341966748288235168
5163051374861541755
3476973807068798779
2149640434224447021
5602695979218349796
1661492897887677904
5500270994756485699
4550906221420243088
2916828166745062991
1625086171005888437
6574323446608807819
5749171228771553864
9171150418587208941
5829548891624816914
5986184714311204665
2334129614060619329
2045125192116206152
1846487398660352835
4368086645134957989
538456346486889338
5320567563559491735
136870436172648156
3336279180350789999
4750747383789436778
5511731343112778635
8188983693414149391
1591841641809303180
4428704047547442733
1662035846386766207
3831337686603634596
2595212392022469494
3304342419324921192
4843236317785380883
9221194690103625784
3884538177742883851
7958490665807515021
7181817744781112713
5261655518782543811
7643127330513007806
7875611663650145314
7803438113335611433
4895491211196163324
223276482955752012
3039322890739601833
277278974323853414
4175817164436373969
3676499065747084193
4016300285560068281
2963008732465521143
7039839586310105667
1375781069558311669
6603952118501526696
5154764883798604113
5049410703427541084
4969381197066238526
7433770682947778251
6592760922710693514
8726305164364049060
4406148740617965039
8897053091193238710
288354756684669677
8078528962995607885
9125291518505917921
2236330102274057178
1754312148498709580
2512500350563803667
988796199827607825
542083035788971738
5921702010909283428
9102629620029418293
8044179450494694943
6346751433230998667
6312691275095866405
5130221410418955376
3252824684226916971
8103631381109770247
6533565967840710770
3428787574939007467
510573330267081328
3766522806729625264
4968425792797449849
8372547925204862271
5033031280471466801
678782697620948052
363229866385529041
1101161263956298356
1709497078166288437
1304823783564300423
4247574355446497730
6838404191368437871
3232003175908802476
7493396581288067175
4200844822643821832
2564583555881471111
4958387885496127798
6190210776166218588
291920317307845021
793903452533193435
441403721399075102
6211906565851760965
3342268511757489889
1565661867673541133
6822521998555021952
6753189312336469952
3105022779969127755
9085181138321443705
3297382720947079509
8930434530293337894
5361235073447608892
4428653017463294017
788352919654942332
7083542653799259109
7793176485593504282
6862616401697976740
7332775631594523053
7624801709121462559
4461894360662803233
1832468475418334228
247506586947955961
3247593659022615238
6880887410028353824
6605153465949974728
4127746405837396535
8166263531405848917
5542538496897456376
7408532401154094048
7274260850862334843
5500458842756850924
8567738424859466376
7137644990226626597
7249455657330986845
6511257493121571975
5070746927751877579
6644291447945401145
1997895759756994268
5382544061542883604
5564009355775408617
5261165600825899165
554197704321553058
4003126792777774311
67372442835218794
8562897026209490861
1436173207525727676
1025725721855235377
4628634664142442391
5950234712665652459
4699914885091024848
2555100452373774049
85292439808135680
7471591183225651637
8633039557236566191
6761294690435377814
3732999036083334391
5965583195619092369
4252866095260315248
2562947386245593500
6069907286644221851
66547765905755555
4262248350410214449
768412558186112645
5698433110913732956
2826194411016524248
6265804134953349737
1843737779904414155
1488256205274416257
2140057451559255474
3625686759974005503
4589716141573511943
7802121861432563844
8556295821107571677
9201979978618337032
2742189781114247501
4534877847809368128
1238744258151494728
7377549616968308511
5640095825046286910
5943206271454978313
4410484747395694831
2788474131770140670
4768315767251645960
1479336474855216640
588566896153697250
8921126798487415586
8788832258068753139
8345644697198515052
235057041234824323
5401870650197591869
5687552653261003204
2861426704634740070
2543454748510263546
1832827320256541520
119101053374494148
4743588888695028726
5762791477208086856
1337669138796488970
3504907743477834842
7929327703617533371
8795214767252642187
6470365312515606731
4932035830521091390
5247305457371709832
6052146182989089506
8877972879780170039
6028040615134507242
8176885179301497579
7482310618035337262
1063503910930253515
5728919076340051828
3732451497639313411
990304357062978625
595923439698642391
8252735526624749829
8887114090601046866
2615515216044727413
4232456238815669628
218268215011091661
6075906874823067068
4401014203221007706
635913687764997302
8398434973190434171
7838134480750487502
4959839889647001191
8393079112467051735
7587638836094768126
2679723226960539588
6533440815493792093
1275792854799629343
506414351335835537
8504128330010636244
6038743900016278678
6921901219958975922
3726280009215732823
7970274871690999621
7268174323952444914
3724121148793801046
6346856680068857019
6196251747322609140
3405006891067369218
6108621632279103802
4423203001112884468
634829237562335426
1467384239485121053
1745374937270337716
6307098882981279183
5727510334101736868
8910399767610483203
2078229584229344461
4639577270182257963
3736431531204611839
1587751523634258437
9139263241618047174
6866149911565504244
5614987080972102826
1982961644508866840
8164945084842631374
1928385330030522955
7433075459933488552
7610362615218057995
2886476674206213369
2539886856993725940
2941236788689387296
4424271358936074228
2248643903663260795
3001807535301312181
7766953321693333397
6170463434300453397
225796393172532864
8959938531724031504
7189923385197842266
296173783537657407
1501412327635141306
6461344062833233263
1337736261194696106
1860108856345585093
5615926339485387860
5465726315794310300
1825518388625535345
919454345741527584
6671478371038989358
742608704103781451
6844149433562681299
4269072406627331023
3579073295546274418
4680787586987486668
5728842141926391231
1750947729163352527
212514944730922219
3533536652810310968
1369708072764897686
2596980276869663606
6723603025407595351
5056794672544712815
4984297857736138520
8748985954178029751
8227328042007455063
6727736849739068282
1286000422467709829
9012935257319724924
6274540088319423850
5050568203772221963
8600466318793883720
7618544765380925867
6167245753734477337
4512261165620867660
8598986219449332649
2239287751714274786
464321791496647084
8736858999240702508
5939754930798823810
5248823263395485493
3416548411661888826
102604037767536179
8150663760002745357
8191474029222367228
3280507601593807096
6638933372905293394
6988986460781869655
5698506513576330751
3473291457599856535
6121135890623912379
7285254903287421675
8445287392716047316
8335834850238303122
8743189910972788718
3370310030783276713
3071663514241659452
7472451427751626312
199989454564573778
1359702001548790117
1565605672711917200
8654716599702812139
6083008357119238318
2012802040764054134
4457807254041178990
6614128159458385107
7010198917846549033
2681084186230999135
338343523584612370
16219999693073506
8178685597968266255
4941124379690136974
6853634318798003301
1847333588586399114
7326776499086677086
1875279630562533695
553029678355617193
5534503461625051199
8361389025078857386
9147789428998496951
4056450413522746897
1636165073384008318
3040910542685338499
3846406096775962822
8931629826873328599
4473415323192492691
3009107758736323268
6198755900762260786
3163077424676256937
8229807005364269207
8413429574357634048
4410799875845954492
2659536745078879141
467341710766919573
4519619560928394312
1996457569153762560
9029904159128522042
900311304182446971
3397158694009118536
6436738238972262928
5925466930331197410
7066604537324377816
6633494388471064685
8119460267952272251
4730677512178886174
2250457799387627556
40692862853045980
2037283940729256782
3791660281501252058
4652922782990785189
3030189078218951132
5304040590047924591
1754155840194717360
2405549954847068352
9067336050051951489
5991972654330013061
4175360048406273345
2392640171828764469
3220463854497487838
3060690536724158077
4132420497789811491
697059423214868552
3540299623623370972
3092850204709004459
2109892405938334506
8263260223076824395
237229782116640857
7467809282844856049
4442672898004006429
2930230027615580109
2959384035707307611
1641688233346686582
4303331010948332189
1357878758541879869
2087926346252123792
3531331420237842126
6451650328078650994
6965107193591430685
2835500257344666824
2687130761083306264
3697441818975952154
3783321500500630516
912503121618939010
1960219103995846732
2671727144347874416
3037799247728184756
7286989355259009273
5472340117851385214
8005855058203627496
1759924120415140763
6193421923946594629
2129799680154364052
4913309302685144518
5213949226406309142
5320325746387873095
1826485971099866379
