2959372640714635309
6266819081778165399
8302071250700107677
5566815880138883552
2016661798559524771
7074171397570032784
8033829753090556699
9111524685341489702
1331999041684979869
2710996048269509279
1430036601149351123
8765300441571167757
1315203101891783039
5604656260991471013
2219658512053652618
1270574854923234469
7428904210730217645
4849978668815692574
4096628434652691734
4174845979935077347
2619628518380926561
3395080474702195583
4930499156025178989
9125406228456401140
8749387542592317525
3414120304552931059
5316880756225317474
233308640207961557
377874766098829234
7429997315539796818
3689929049618227987
7065512982598264660
1453007366893663992
1550568450896046148
7286433018770916526
4540576135010207918
1648489057777402872
6916408707763039519
2511966263976780661
2330462463314805876
8909018166855407193
354994771228454276
7370255856090306137
6508732970911944946
8428027894636926809
5926233860971197540
7813102216084154088
2607179357006382019
8906099545474719571
3253688601924343473
8175239395592165993
3064648361685119723
2707676766125837615
7889723206957072330
2085942493312278820
901618216348979362
6864867635561352390
5918865998956518763
1744763042991913832
6557118096202521766
8911959979585676772
3963663874238738650
3447624743951406228
2179513976752211028
1252792905428384566
6070263685095104192
7320913462870917970
3865670368512521900
419382872643564959
3944966523019852336
8801537657929358701
8197727773703537869
3871730780877040970
3169616538401852189
3075387388679691814
7131106683484919287
6626358500913513489
4789626608552189540
807262024893392815
1051745418050484937
7043427894037433535
5987315538514540903
1603379685909882465
1476638948477726319
180211801354092228
6368694945029925860
8663868635896547086
4350384610986801762
6802041292497880686
3402784939398369540
7672501755545150992
5539536423345647285
3008721890899272762
4613063355392423672
13133517848200584
7644848677868780139
7396303555835479151
4997971698402589746
8864909039945744970
2335726172292314556
3104388262053794212
3420658129163814785
5653659127058043304
7680093559346395852
1441449714457724614
4610515420768624682
2390394241079539766
8921308556954692087
1447801064778646070
2280902652547543967
6937562637666434389
5971564147047721926
1609293506644130385
2638011792667547958
4268452133222562668
718857313985989475
2579786820133917996
5830569839758171815
391154901676221649
1097425390743015716
5053135311579000405
2927948890570959230
8726096116463426582
4440928464039228760
7928694781844454730
5415677229429150828
8113817137517866934
7502996451439913150
5224727175757322696
4103931626726031294
5055303950688774980
2672028743767902751
6263302554773207227
7482614259332872171
2753160778167171434
6595097622842858612
4030909510946209473
5352835459564043824
3652052036596316885
684168656496895120
130257433449539554
7619366558238628530
1353677739247400052
1765200121798710906
1374028952260705143
8975262779883834980
3116928578184700744
2317454116217517288
4591327957937047429
7037679581319735993
5289376204893252611
358413541227118750
1377973549156489913
2520763803778311600
5770478177065335336
6186130332510251932
3852721057944126342
7694072647030917018
229524628118419819
1000202573024919008
3286675249574767630
8794833231970751427
2306823694028315198
6278770810247867447
6000034690785686421
1135520520714958778
6634281171867097562
5565193750461881164
5829418287101117330
9059440349365775293
9122945834823540884
5116277595240700754
4246886677043816337
8580885248024576428
3689641683453833902
2192284976404455865
1242952340347053157
411279777423852250
1736770943582727619
6818093293790169477
6134072119092404176
3645957831549048865
3291310261682274281
2183219380671069847
5484750129629793102
3875921912272409533
3801361752935160333
8316705608943952922
8453024371803613229
4892535943611878892
6695394017519177827
1629646048890055567
5576281115044513001
5942124045649946283
647484935628699284
6686601277119827391
4144925256916874156
8201077572692780303
30092133333224330
288437819681229788
7815387809244332015
8685714993346763657
6294183970474828597
4632392877650523342
3222753169184684633
8725613760722776844
8853894573309513314
4871888265028432385
4632483884142520197
1782002499733588934
5932964020577998789
392932556484485095
4558529800387438682
5557363358001008150
4206484003073888520
2184563640478208691
248875959358934438
5598285420511617945
2002010279461287108
242658733935224482
5567242419380289853
9005091737782927899
5363101240642629212
2750262318975130337
5829700528306780823
8498568234272612813
3955902492859580197
4463567311876204436
4045512514118439354
6003840182133841825
8630922480689471856
2923089744620061224
2691537100037979071
4354282060798052318
9048303521736078257
8332528279607646691
3431331742436661354
1890474733564767162
4721231533063298689
397627145839953659
2425993146188325266
7465777517227925045
3557647259857023932
9158952105710490543
28106785560912547
4335767476010640324
3489020298850224026
8357554349329063730
5222803994793944007
4959211455834853185
3187206951789293183
8222210828526274138
6675005650771171438
5217179090837546675
6348168284769571388
4904177739610555447
8939913970524743070
6649157329234011206
8981742798160702373
343328961692982058
2930217352024805231
9122286142967981444
1082794091649201361
5051189447099505768
6301957845150595841
2502341258876833168
3274347984455820966
5030198439853699042
2020958819070157159
7520075282272473339
5916945620713016786
1358626226403778260
6110849925617385830
799526421951005398
6829163387623530462
9154901968210884112
5340909792180552709
2171256965535070951
5703823807228460522
2706843949989751776
2852570762312348621
241422541516974139
2887878637845585428
3801606960827793364
3211172031023054610
1467869062486332347
610654765818778239
7257249807324826736
5340521764781702399
3414615193021198997
1719573214039431109
8024526953132240890
3665281914273305883
1914386756881486527
5013518781188774662
5305188851227329238
7970933623038443950
999458257570664930
1293768774598600458
7752253272269482963
5958501048254209357
2321023450095080703
8774003191590829069
4723620280428893945
13016866661017539
5655111458559970499
7255515735444717644
1864727287970703951
8198205426580538878
3701904805188725358
6592640400159438135
1400311994191801354
827833345726998863
1178507590021785524
2097672788193725477
5062737809351781795
2249044977664327608
578723815292141959
1299338749749272302
4066766386628192590
7184944603511835049
938105950977139144
969931959867861605
7036910216563146926
5863774469683677251
6315719619109661501
1438782432157763530
8742018759937782084
3022056417630689135
2455457908181831743
4994225103811472951
1942476252061479961
1004018163137341754
4922381180526145357
7909649346198153397
3053389537917730639
1765779552099192474
2523478177936163442
5102410435499388769
6821860447898386318
5851965862750193273
8825231084683516714
8223660226376596242
175995317038653358
2926381624496944092
7061723222199495754
5487217092969775406
1520888061398093570
8613690610029599063
1984811498547953616
6801702140926923611
3521490123492014019
8118003644015782827
9185926374589656265
2479640347900923617
3938979001746732429
4427820942510173380
3896675860454630383
5382513519557165687
8761426961880555977
7875045778605403111
6412535805462803999
1935923770161604911
7306846427618196743
658806270216159909
2795919900778888983
1573743429629157839
8470661709356724501
3311208040056601275
4592305756944828877
2051037739550844065
3855577801426399321
8785456560557361202
950206109607772210
3652553966914466160
3748742431956219849
435658428908413552
3513796541134999763
5133574694170484609
4937378273628755883
6611398483197734290
7964748016519943
41719863254329131
1358422917920359211
2657235987162561997
7398912800516783474
5732256575992181388
1015141777913144574
5230360335233757697
8535101800543041601
3007433127190040324
2810826152308142645
6795699142681918753
5277753457224315636
9170638483932224843
785922143131779811
8683775132021454557
1333832891795404932
3643188840788710068
3685623969624566172
4046434453415645440
8105943116722978260
6050320295923271929
6290389748452784081
3972645551957659694
6324985077610203921
1850990722833081968
3250333113589544338
7922465079209798687
8732772493862941856
7641268883512567528
2738065685630995235
359005875891242067
6079151528391647895
6079472912038662274
1351496984000504362
7559793203517678952
6882865747217399600
3007926059696190357
694301594242131172
8603676001590954099
3062314622657802298
6121493249238800916
3530841217476235815
4704723724097838065
8613074538550682259
6936183141025872249
5112293427589243698
3692794641252463204
6426435204723190551
5195900329693090978
129142199986038519
2147680773501165761
5708989479302508728
1757678183466226164
6200980309389158761
1548659324258951681
4406108529477262751
5555438087444716524
6220714494017109411
1851579703640973132
3474215276601354565
7922095886856427544
1168516485811576517
6629002032264151366
2486317254941370591
698952234481963310
7714795664244592488
7452498430323271862
5717295179655161557
5939504887932655547
8630384479241290202
2430574217218656984
1577331505453872678
3917373492270841000
249670192845520765
1966249159952747412
4262895709090751343
1414468363427887143
6018050619054107418
3512570685822027706
2848377584043317885
8847154454512479683
2958714079046486415
8941406940631314265
1711061192718530050
1517048737856492569
1529701669510359578
7424745464577202891
4499671347179174739
293468817707885582
6052629894491950913
2341843265943737587
3251379693887732790
5361448145687768712
1435119796919247917
1708966276045605107
745166306544954656
37921094536347423
5500920097607806366
958812926669363665
7600471655525576476
8693423930337598829
1220431938293459873
7252704748610296533
5281084816992422918
5774103381454012920
8641947421964293206
8847230958664341249
3209527394351686861
4087216786778019510
8701073297404819945
5854894685974531487
1413667480659484944
2028278645117152099
729235441004430889
3262256214712548307
1537838345504760065
7898176635962553424
6772002563344155727
4997678196414788202
6798234935080179352
2219766318357072337
479098193936255133
6145001255586917014
5378325336042006018
8523699732273235827
127788093234406962
3567876180396330704
8717014262771980534
160340390021549639
4473816701104210105
6517579322249650856
3200760869448661167
8780156345703233208
5224656386742329664
2908864749410005169
3282757775330499032
2503862312417733563
1373835272040804119
2605051805132075534
6660793807894978790
6344733470796837866
4680365535404563969
1165049633596156709
1142624100501035641
3239904441773732070
7813887604344306512
3686483377296860428
4530061920099878895
4257639049140599104
8725564136221171413
3723036882587485142
7216870362825859273
8321958167693106948
5445782455411123218
8266854617177574052
966985974282270497
8788881386140440444
3572946716659061589
2768141587023577926
8535321824861780291
8517063761475832226
2441678810087885957
7255552517021530261
7259688210199966520
178046701643542425
1494454744647847582
8644051662804482174
1296226020248954045
1904878994066185513
515409174484641507
2055836886222352485
2146140762580519659
7494000126449430631
127048689546209704
3937678922754871539
853993164739689507
8682437772732871804
5252588740267470119
7078703155241767579
4246574345089299248
2168164225309677815
7099159961193265105
6468469355527571387
2836452185899579896
4811971205163971417
6678384505661100283
6857296772559403343
1894824189264010005
8351224305947803639
5501180142293331770
2100918979859867094
7574159104528680969
7672754827413071470
7355127690852275306
1520394243871678369
4871872724166012571
15487190048780401
4180603285730200467
8232032760238668553
2143111951471996992
48550641417935820
1880672033405866970
811571109802311784
7394975114484095446
368142097487058815
2386345209393596920
3690401381256501065
2434381427983437468
5452214268155452135
994632669435605954
8152299880036441878
3656971381718768228
6338630294772835836
712734374280501411
5433369818964613794
1095813306278980083
2184135382218861095
2275254810153982503
4455255689970501580
1278503975904366550
1255058326902769406
391529295218912095
7685558794243942182
2905496168899921766
2525601374083770221
1645649950058012898
96836582841120230
844478765944524343
8090294058075046994
7119072234058913540
4672659808613643294
4662423578985974164
8713383733170230608
332287231206800303
2886991365308162637
4356418225646295215
6603651626915887703
6802420194861558445
7125544322389564583
1609977085228475873
3255386353471188085
5007234314802365448
8371468792307706593
2991260041813698753
4137400317669957804
5099268866281850178
7334059476448928012
134948061680576561
3798710052056255715
4908529025294707404
2952175229578711228
3968554497975944777
6645844445670765556
2313798536260434145
5513471706303217753
4348735319834387896
638060846522377835
3026750796522821831
797858123397994841
1374269021972741993
9132881891955036795
3699526797328246937
1548614472334663032
2074050787679366055
3280668572922578086
3338200096915097545
4103737203184674125
7805914284998719689
799157475192168901
4338230551952635610
1640240097745177615
5201128662427112570
2615144105022901962
8947819408729048702
4612111519844702684
1609103345899952182
1240189125347127389
8439933342118019003
8904864984870216904
7316302828546036517
213347980037245155
648928725896616906
8729692151264661408
8540462185673832585
2611499516572061594
8859226426663125807
4749586017370518461
2908027839118084977
3513346868547615960
4895981746217094634
532515617864894556
2143975879431787602
2748241448380724352
6469703168566836888
1011984234617860609
3550811173032242587
5299340814458965982
5722721503710122938
6419949651991396527
1774480431034714693
6640507140493085335
5044255347571305209
7527692294183184775
1166267900784634882
7130896946442132832
3899528769221320001
7338812522515045265
9163172889427561417
8359504695695125919
3188137861050282585
7062996539272057032
8044172600632725377
7412699233644604060
3700162504881905794
6933626156874605355
3153853442788213249
4929238925041553736
721532995070369203
501984746126891562
3705928159100663788
4847911845737194882
3368831848673794321
5127113898388628265
1789217776592134923
8044715651594823284
4862066445520020376
398266401698197738
7202318451316994985
2862830051968882795
6996887801902441138
1607857877930958285
4241973944720512898
3172151796701270844
146524914780297806
3449419138359120484
4343192633075809947
8457881401989092517
2308245741126093695
1129435420057364638
2497578526691058722
6436152493641151032
8519291708066573543
5237582282144686209
2821729118894878633
2674756896196888394
8970508803849841405
3177619083416479995
1468973239561398186
8703824173129980103
119791108417566065
2210355811628482438
2403015786485118832
1128001998628455227
4848509593415026571
7062645705772517709
4773338854465313437
4383089936486432801
7780351292629699796
9012315928843231749
954534205889598517
1871396933167257543
4324378328654095055
2182093317201218929
5993895302540054472
3935548350384627910
5491705579137308266
9054486355157876447
3062644015293005159
2510366428343665562
1411950046797052566
5252810840636865538
4075741504854064409
694553734888317956
4061379851419870450
8258111519613195866
3318708916648773336
5639498358219541668
7152076930610502833
1939339188887828998
5394337098874900777
172285690007162985
7939937844722145852
7171773907580961155
6084419314092951306
2413870053684403952
5314953894691919729
300696636120406508
5569079908740863505
7816609155752627512
4674839289893464037
7907523084059114505
2408587331427109956
3140056648687284708
8049184605458189667
315166506447254618
6044575053555682090
1271230894427930964
3547214372462276356
8708673341258983390
7257517863850164606
1685927202321660591
1403292730368602796
4885096478528062355
8254350265832378475
795482126384054836
5690856427940861576
8870614218291378529
6200175011092279450
5465977156001568879
7988612442047526665
5249757184313213652
6406413558067235867
5754127379984155904
5574385805745675287
349529442161667053
7860443651115334536
2772270149391091208
8816185556818245071
4532639613139476987
4333968312925559712
1993291160364930478
8402564306057473260
7703269672059175908
3753129015920709472
7505308182507089061
6913973940082663155
4908125411903111067
5337666550797626841
5599378851932793839
2788262518470349269
3075188440527062625
2398664123478315432
4183838053035436868
3926175608763576615
4223681309821474891
3965144500744753242
7652620766684451615
4736576502030981107
7051818102648855732
3627163629023594886
3480789660727162736
2153754953425119951
6113694594996259452
4057847165683639593
2388799496515744141
3837870508974944676
9132140427329137603
77408126542724943
3604255483714819844
5288766264184876819
4527784937685307124
1811233611246571968
8710141656965503684
6213676739428117169
3879628106472331122
5876019799362267435
5759541930519641120
7503508305201950488
1809294529604376793
6682228257440705792
1003980432016880888
2559184011529689185
7391654875858098932
6822150512923165783
7971786250368634628
875375936746620928
5597533171225424543
5078041503728702301
4807452793021727306
43593975609692948
8516370761740840791
2497681022234116771
1277294263946284914
5271354636211879827
6839883489240720155
3998778061591604967
6393813906155593776
7043147748258230253
7603524300231143595
815197629171296645
7338559167593992915
5168756201825419397
7643789998669617160
7910670641342368443
4000300343411750286
45475609942865259
611648480393707047
6516163910613815155
6147002753378485851
8486093227369456936
4777596069030815671
7729603674426322546
6308702415758065592
3276017145972926565
7911604577491385434
4379132378102183160
4264122395303700026
8636451299701156051
2445176372009018296
6925999970464650692
776008697300632647
4207831813400823895
66957162739208683
1153111578987328008
7369267528975725940
2342582458627803421
573709772723774442
5774870003153748065
8158025186474088579
591451621084166505
8270289257347890792
7736199088208342822
8867226892553302609
8595908118252890484
8421849507823564445
867669969492361894
1792414958091163835
7802682231943263687
7013655623163336705
3124206220782926866
5440136912907905799
2546271638239923857
5907987282865372334
4245944004177311686
2497435733390651932
3380973457070199105
4634821986355514848
5064102861039271014
9072355600263281841
651077713183395374
8681862255082792330
8053373858842712485
3238996309943445944
8107715281680799865
7401431602516972295
8141254872494101167
3474362781871167409
4108501918649576949
4516707686936883069
6201409991378399602
3645280057495725676
3048202452856496509
4916954367244777569
2939578847494449917
44523012200529352
576716671679961203
662553322851412038
5582043479712564289
8646013562463099108
7103963595030804640
5532280924372904696
1120275380173204626
6834949551629042793
3235404397667934290
3104386634078448649
4500545218221358551
1259566400880536738
3615517679709403348
4558235570334495356
3435863326713896050
5961417377035815616
5279126420646808434
7419459924153258076
5634926053364283325
8965836327330173920
8600207311130917625
6071562216395577794
12272424139681043
3726806490070895945
8225722438955910074
3561072689054842884
2683794708106396125
3295368492432808263
6030825713667908590
7029066846119258825
5106022398255332578
4687758024276648901
6025528553603139851
3862083106956200458
595080833561193074
3878779854319518038
3563953601350523491
7084813721504912968
3222138021974446911
7582227525658505546
6064372975395231363
889326273489933985
8869549927036210266
1237327833551634184
5588045195257713645
3517452895849258186
2075728175756049401
2953217831602612481
8159119885793796157
7961137605618623198
7178151637939472330
5644795578018534244
7606800175297408678
5812272555127792586
4050820368612663898
1727688846418439026
3298488480877296347
1287312306182665093
6741432572101442894
9179352218349268781
560178243044229326
154489662796817749
3491139001613449615
5701615550996169158
1891745352296878706
483786504788101361
6861691996049546026
3512720304604203296
2443140792020132921
7831021471754839336
8245015409334726533
5632555271203021278
247084002024031339
