6734569997701990979
5038438675883880523
2815686883591965863
7305283351025549553
224542190521219745
9180126960496052443
898173325866374598
94287306043038984
3615075425681816275
2580387855288462803
5314103758036826934
2353525492633414322
8318960615118763370
5307438437031380588
75772355907631797
2642149278185429435
8468081773688454898
6505172543334371884
4055580026139237391
5263591352756132492
3502402524682614031
2139462180682488831
3140591754840409174
5375544085094903189
7307982313894276949
3626555560610568045
6176592766348704081
2194577470607194156
269974361500725071
8735998500319513150
4137249598773457185
3798688816557357388
3891085527438158994
5427724519138193509
6851835002340674408
2941801910943303784
1253186701858455943
5997481256660424515
6113663535428298730
3653489512169368718
6791380107727920445
3504002467451878387
6424043052317551287
8781923594028566609
104358758721826193
9043807832574744530
3897736944643494391
7487559704768147349
6085829192977563303
3227064747556816423
2087508671668850972
3225861118851269446
3530103488771108297
4414769416565719043
1329158168884348725
819911784157399371
6854620240379427688
8921281983110416143
1906899753941252450
1643329483515496786
8222410942448850781
4670584915297713295
1864496815289262068
5665235286681232865
7197707291312256254
6661296813119815982
7617666464936850561
802722879737660021
2120127927037041905
3801665055467402033
9061991553983649789
900655994439921145
6509206344343348657
4348257643418452969
5247502595459396693
4433271742487860626
7609020372787597560
1575765955008300506
810209162341682870
2044904695741894580
1043948181801325080
6411231637261947096
9080104090479103040
1001952333219641663
1379904905767457092
7630102301861902823
2107751364821028750
4003396637026796125
4439904300336327846
390052981891535112
8876184502971458283
2523972474705252818
4495872768274431930
2248646930386616502
7951121413202589218
1672659254233466847
4762281272361800454
6858613832105696420
2029756229260896652
2753513875747594792
4699194582607179282
5008832488554423734
921112115803157243
5462471377878808449
2811019670449532891
6442909915380773560
1768096979475160249
4820635535417697829
3594636265489808109
6942780580496796611
8294314600677744277
8760486072624468254
7114159898616680750
7879230950800643931
3284456127884569276
4542603933909220732
8829316444586289830
7677759824828090614
6978807247781439959
4569743473103760495
2827101473855918883
6990529137300349312
377231552714788249
1985362386346844848
2542148048901829587
8097219184541657096
3845134435968274776
1949218459231454383
8357126202309639954
5439247005161797671
5837198844173209592
1088365988215261791
913801742698328825
8289524189890916619
2962297371690279860
6706617990450219316
4630239398585060307
8153310390729867089
2609083075231492286
3977377971395059671
6928947886833983748
2546185888986034089
827199569829261227
8398129536176463377
8781495125845463632
3609159438634025751
6055586347905289318
2041195818100183323
1001954289655657021
2337322990974160792
116383288835669172
7915515610222344349
6856399779270043901
4223608649888890527
2188092182393677084
760042444946782926
1871742130913449001
6175184470320629838
7178715483636993256
2248152434364747589
5309986557439638208
5526332130685102793
7240826388263839323
5915443258310281961
8126985162215883950
1124999511111593904
591465490789282259
3263879273758726559
5573143150561561520
1803643398292189144
6076497169157678838
1048406484003601943
5114043385531090030
4764177477900038164
979639985970954967
4802615103850834007
3596568993978042470
2132141954658089753
6156950858825161973
4529041534759973654
6757664474496364567
4528827246037145912
5252075166110484498
5593935741842548222
5814884701196736909
5563803208686195234
917047979832580323
5591310398009343149
2421870847491012491
8292486319450970257
3157504030396111410
7607156587178158233
5903849387874313037
784168472865231089
2158417247052921764
7730089953182706214
4321963165680010639
4394656421666074594
8579751789235689184
8248413068474893064
8054173632557434432
4154108566271663856
480774831406683088
1365704373277519489
7784476894940652767
7268342178748115483
1372508463488016689
7806426260065959736
2021495926729393664
1899518712447245710
4659331263088793234
4160754151354052584
4041327634126694399
2158229430524431065
4723409031923383177
3206272529105275210
2307071480075055728
3077799171209199548
7827644639748081897
4619346994255932303
8217526023225761410
3796762633113547328
6059899908349350205
2898934347677501961
6874845491254795829
6145591983819534776
9123629668434662195
2204973869345176938
8307185042071526996
2084997266738734121
1344480802054391273
6275747292667637416
3977289230643281992
5980900257680046703
2637649189407859690
4113977832519001453
6455846323972643100
6074470907722062039
1034627179186502776
4709307982322857699
5336269211519053792
7688238345060798529
4983344880984172501
8240764079349940956
3385823485584838064
3219510686292011070
2093160813834599262
1127974204124452235
8373258901548473583
4083924654534812184
3961993404927561933
234802310877680626
8091462692555922152
4930451215662810887
550497078457388082
7168363451901983542
9131685683612678019
3166757857479238723
6578024107931274174
4059668061198676611
8922555990833783761
343011151767551861
4036152220779636734
922279684836796942
3806421271749686795
2768008657895541185
2267082453065892033
7009021745820582343
1730425910766816854
259382351154775457
4175266276297655217
4896318169966867899
6117685241355489319
4307356485277284363
6215029527776952967
7820363133361042026
1905395956382646506
1528917059832018690
756039410058103349
1133559468689435738
4605747004206096901
9059909252283553969
656132359870328279
2280166624714808056
4526061338719472996
7510100998297809911
2795127462567367761
7421184971048959479
2484137395618485770
819143066450570513
1878980079096887001
3391020997069546884
6002101493181291249
4316545616693629854
7451030022367236076
3870075778679606824
8649148808769114237
6864487479896306451
9188710464841862732
5247411961361939247
5657750021864261304
3957685738333797249
7718129892265270136
4022880519588802581
4806949304775919722
2634297644224325790
9036685222894680599
3506233659568391284
3060247326155533829
8202566914092351939
8923293439379934958
5400921202264572118
4711401346974088468
9026038330785771882
4568536706045226244
3027010947038002694
573690486681547610
8653939771462939749
8896507617512729550
3680884126687124146
8093802664167504269
7722515356986738252
1500195264824178933
8111907719616698469
8695346159137607890
4820442502467941499
6668543016134028118
2279125731839973622
5568739811400363239
3626253641561889756
7846115930199661709
819642371915109898
9203503740349063357
5753356444597876053
1134803024060765966
5866583029431280807
2971968004903613167
2450159480609308176
2920442358788737905
6537841540264682770
6777115516895274230
375466545091982109
8542413970844574324
4582205503480914035
3307359728296291765
5627546956030484689
5872375836114599651
3783963969972661979
2888466848741902297
6132367476226656265
4347658677958605377
6019283565044009878
2090625310987050345
2047390959447333413
5046630350919283928
8624531466766675029
6048611231943092600
8462781676893068671
4946310964705915665
417802491534230345
9127665993980324913
2854470398513949832
2513885066949836617
3545999031461533942
2198896002778727530
4458554725344732446
2715244212627729541
5069251815742966927
5988582005605992174
8800188340384384555
5423988478462800361
70667984884996090
2336547784847166505
6358465546993061791
7478718666060094279
4982348910916217727
2029837042362821669
6056711836204412168
6803766425017071428
9132240851790196108
6008572903461589413
7252494922445251253
1355756474953249531
7847104885116304239
6745428188515190421
2427509903375065137
7532292675302468684
4740214242906902454
741721191631698689
1901102200765681934
4783578042035327263
1230987116635399191
5307106126300703380
5275533832128057073
4446811813263873675
728622064511347599
8983651018169597051
4505114821729120082
6956940674563884354
4419159719403144435
8424406183363984418
8700576946681744405
1861504392603688086
3785272748381673973
371266333891557221
3375857156389756750
1739172754460118792
1124666829965739692
1254229176580455307
5942851143119283116
3368131014067171385
706356558456264066
3230880640262308578
1860312076976254416
6682188444533182531
1977918773186614457
2646614642948440447
3047077815079963094
180025037829582477
3125779201368480709
6722502211546512619
3749264768990956757
8398839616250843731
1779400291170897935
6448684237094524319
1493326153578382218
3759915785116401554
1871962013090448531
2536370105746407530
168292449619754058
4354515335224696824
3530078272278839453
5391419808468915235
8084367524304572982
3062713040038273467
6177375565413576417
4836598247282676412
6509572365734748371
33019128053092876
4644299762404863619
8930479133203306405
2636350153509536620
6828102572137450441
802916514871511338
705566210179128440
23130472796027558
5256042386241924485
1225126987811311312
5902396847136325902
7727703556938023291
3292991763990693100
3095124411158798994
752699720779945273
186159415061708526
6696512331481424974
5105316409276605580
4952984396530771978
7822597557250705566
2016602078286838093
6838575583981481618
4058375334224380329
606625178544750546
2805000732371748426
2244087858945977164
4287771081164521241
5320301229144197863
2228986934069070353
2024255367099828741
778316621974094839
800809336993479640
3495860814480748191
6382428813196742710
8247719194605638312
11770823737904857
2554099628875423521
5031809855181504511
5914961082997529502
5968552430078617927
1619832722922594245
6291801835529714396
3492925905505638242
5385077071145453719
7886487419721026340
4272384974824827889
4510035660337816838
4725245759040422859
5759741015780862413
5638224751857214448
5249093165205956679
8635072240073015161
4878131404360217870
6729923481442257718
1074845048582104804
1711108350634699174
8227243059350834662
1370333646428631704
1818018547732226059
7188514488159219031
4029244803091104915
4344977521875189244
167684109647925602
6986891678484666863
4862544229704788034
4285289918693589317
9177657664921957105
4688996776836821521
5585003843017063053
8729657967258434367
9032662102647050786
2475471089747099975
8255869908676937510
8767452816808873673
7001195868959235161
7086442500348704546
1786641497024271432
6106460086436566176
8855273288968574071
6132071901597589868
2068814011406399163
5300343971900499060
645297784289908066
8778150698820669049
7387183696464271209
5080202956771425052
2529552987325345644
6565156787851023621
8706494295728477344
7340882374518065394
7916602945470735597
7408764625062440123
8687379792187969947
4463992313371279269
2280755722130361642
4054395299323322788
6629553502221435865
4103450313068451295
183763508296441266
6275565160248854340
1453865930614000874
4285831898721593
2091803214263160626
1640958003149687551
6401252131874998095
4859451938544122268
2215662850527764299
1936317401410508978
4892010339041372177
3906364640721933614
5476981204677668583
4458146598646719718
225399014106361436
7098542649538200974
3846958277858846491
3489603347428570762
7701627556314324497
4934856099729635846
6046517194165035816
2964175407671435592
5502588615789874132
4249205377642578367
2976783363348393976
6425236918367067743
6815304410817152355
6752958714432846558
3997402596388072474
8459860960591869346
8592776971637129015
295162203311195733
8775247979831036070
1337603871718088616
8785583359738155716
8571811342333343119
5170461738730502178
4769752808070779368
1361039094940387661
3000419349077360402
5141246970711419616
6737950106643146007
8586431418086764513
692275992897790528
7083259624528098079
8691179986384178881
4329488843845713765
8829044616572475402
9196902000768314504
3429164108443326074
1807528190715205165
5391267870871839590
3207455828943404238
4773356821333123794
679852569940107113
2978090470429345208
5850689192297606145
2939073429639822477
6799829543544563781
1279979699906090660
6486787381760068937
490502828986265058
5422454881284031178
5494759955424548734
8517692125331403773
3754218732611362127
9098341016101869702
993598353107963365
1300368643561182570
6791916166310109831
1868185377588138170
7869373021762756945
1681649668460385522
5787654888495579030
532070794780081921
3144984549309957650
6494596463905959405
7675288842761648828
469753851135021093
2934117359671614791
7162593358769376838
8621463486333118699
7981072448663899011
4967964414378587213
9091402407004042567
2964239204649534094
8774516754412085700
3592368414792284467
3301084071523605954
6146205337126287736
7310982312203465905
8549032875601897959
1540621610594388052
9189202986783501774
4614953725133196052
3030921241745416806
4044358052144798390
6080886723474253186
5049047869121143988
2783859428450561688
3058625494926271284
6336145601552184715
8257243541902089834
6606329740065888535
1273604298026384628
3617044971091890774
2518618214472912531
6677175180321256304
6068149241545420605
8450211320275465235
788583022307654701
5046726736933238916
8486351378368096114
8453880094680372956
5615263393378202969
6908125183738897621
8952676647510164830
682937811250307996
5516682590358622794
7441585667930812834
1850797595818344854
8832936860184041393
5653371022226334583
1839024127218801173
9154983659472621497
2070879360516047414
2721013984923081305
2414826245559979143
928897062891039526
7214005880241955830
6918863315643553859
3445850718857948648
5399206979809060894
1624775796604083311
946978071555577139
4931275929021364800
1857084495668184609
6818700611446059171
279927789564628618
3981632319640729991
7586937803849076006
209885851020431202
4276513150829677895
8248379098803467449
5472924473384192661
6501731772039852000
1152750848752367934
1753779349999993137
2282122513464564572
4041089802603991448
3905216772718148996
7726136626334507611
8389150410448561553
2503346696572767679
4049030148299604757
1559929943597039569
1532509466375607724
8830253576367541369
7752661406017752882
3615371879732395769
2169453273062433047
6101496703211206794
4017298628283635036
8255788553390833484
4120608943477065033
1264119482094220940
1840951703853220905
9116796607586497278
1165320067529760065
7421176037729811887
1614509363197391966
7761907622645452749
1962836017113224343
5757710363085833655
2748671706758781012
2844038798502625767
1863837640930861371
1475204075823690846
7456985688927234449
1199366800772482742
7745697095368307949
8999880810856872717
8783616545420495812
3146830248003829427
9104357938611955243
9186852975020895178
3046935453992468215
2898936171722207122
1549512199132113800
7731506968561385232
4755902888165469021
300241768482568049
2872473509722179084
5330215949245560227
584587906742774606
4558750127188667680
5712422731668362906
7903509770192655105
2555843637776204929
1938754897826612572
7683334864107774835
901597888482955025
6408667217359459654
3142788676767399178
1090407520135969552
3740613993664374699
7507427327443698956
8126100213065808498
5312367167071833991
1633430232982354790
3989148795132964528
259675478854631461
7577995744167538600
6742160652826790729
5143309929400305496
1177955811913282069
677589237308964339
325140216556151752
7426272889245637042
8888441709376683361
6609707965798988681
4626418949173486010
3417389332407991400
3392768758196130506
638461364891329167
7437185347599633763
171742648165022279
6749873535273666871
3681735914908111748
8253560532219098060
3959260784999446763
4313857579935697062
6896665777113734497
9058844935996065382
3880585709614725184
2932857928452213057
5469977032986783148
759149600437207861
1027398915388617614
1212315343411573746
6088933316985778461
6030782797224860135
5737403260840423464
1475675191693377275
4270463408303696723
788930051763229945
7278086193597933982
2629066865800204172
1676222734612187618
3934774690929621326
2392111998253902392
8544305971520635999
1411915295618936280
4883976418224282761
2502635606585362282
7883698712603136072
1640775143731918486
1562345764122488389
5146089059975236390
585682507100507892
4149317239367619501
5687057017721457054
4948941338174406046
5386971646748014573
8125050847383296483
851648155668881553
5915482541390370529
3785970921013204778
8858648735037353863
1637135474511275018
3079436330943440044
5460355097924094489
8257558879340115151
664538339703124354
7641269533526373829
14970788699877833
7272628010646837076
3464311677751177315
224012226360871479
8422748058604391759
6758970650991367978
6874994113616557533
6097071552764561562
8933337973168066576
6064594071246364679
977018199746275952
7664419127751994928
2532470494181417164
952969783892624714
2451230880752152580
8108950341684503065
6695781542685310099
8731618732843183174
2883045065659610213
5863109755348937553
3154062070189894153
1171425324607337335
2877040994928280363
8630210787712244681
5899117416033903543
8837955981171580679
5341883398442463747
5512236216404730954
3346694165425635199
6276062460991242436
2189525132384119952
5451581704237090069
6018057646856023008
5422910213200629350
6205088917917004954
255688753538861259
6697308306459441453
1465285657283383123
901219814840816309
5755342149138311155
2748882866816826769
3911786679189801598
9176420438362697341
595782153653855308
3479375708539411540
3689597234252511778
3935523368841100629
3663966419321006700
675618846416351509
1098347049679874669
3757952907400792320
2718348236380331528
588166216698009324
6144848327908583931
3205341263374104511
6998741490838499088
6499013497523571734
1622990851673642521
1299567565684929863
1412782513823062000
5504116178942165
8262768613320089919
1561402541542519998
1539868441577168662
1605394890013910748
1252980704262738822
5475634919858837787
2464862299422201922
7985870618943627489
2953357470185265500
7896679196237338489
4384645985001845248
2437466751162728427
4673901609141976340
7250635873964062754
8808848311451084566
5075500855341117994
2770654575100392952
7818725718639705117
1678258074193150947
3283761750528596199
3254693375821621316
2663157832716634520
1162052138843717765
2035282113175795662
4411511481242854980
5180064150620492955
313854297341058812
4089711768529981346
3642206455440752005
8991651632961624128
3835906728608332790
4040730497047534481
672036684786947449
4009696480131885314
2104926647981416625
1483425854130629484
6741545166784358937
1553383350336765612
1135654084286211488
3840820809823233748
17255347435438517
1086917484066289419
7123278630660282058
5578865540628446360
5656370057558832435
5768070644070579755
4627760485685261545
5499984369281743169
4849393030864234990
3831516047558546550
2257519004863599842
6188953880059750579
6338692918347061562
8625812228168118572
4363821937937432142
4387113217671351255
5940728988062775278
3350992860642523787
7721472542945964054
5125345144509166665
6659466629686742672
6600154638751873807
4350005092356021036
8289753796323444544
6041079887121868899
8775012993090701235
8033648252157065728
6898995019137841408
9199207163455824701
6534010003869826860
7491358826035364118
3918946076459190306
7381435409630672976
4777526854456922514
4133170114855966133
7057043306459902848
4357098864732712100
6905979737838874522
4792091354501345237
7583872879125969660
4652554017979176330
2121928272644016504
1062323705157738171
4041217697494270231
7886146826226649402
6629781191423169949
837001330793225518
5995842083705199341
550155548927065216
4212408724513069673
1904506126484666900
874269343387921549
799339583635332432
6478820431081523389
24684031046995906
7656955363143301987
6469842278246345601
4683338340012269664
424123697817964928
6216194631062362566
3490971241880790122
6835853156104794574
6333371297837187867
7829533709459213079
8693612911116106025
6589308545992560426
7491844022614807977
3951057148044558471
4897001132783738732
218182646318542814
1516687237147275574
4778508749121602681
8900750634707037935
8667604065947932799
1384072890759111146
4242186555534048054
8451861723217733995
9101453570321557480
7623613659118401148
6305672697080910425
5574340151378894564
7413278577059648119
4703695181073021824
3788656645624166904
4800038372487889056
6333090241167441063
8962494085196784423
839636977611396593
