6287263280396349900
6372195992468855138
40989183860994837
758458838218000070
1269361822147123282
9064101147709343193
8841064550651892899
1790389764734151351
7237741996539208540
479044429963182674
8438012698721794578
6981657510433174182
8462698770768244009
5456923019421437458
739595339004638607
9133413938657121118
2322051229611379874
3090541324886754831
3478895021339202002
6238714040166094323
3525212227896938970
6389015867500932976
1305433023736411746
2841846220914106043
2017526714701151593
7945001596776623179
1146633053607967660
3895428489239659924
8412824766501803718
4319072842206816506
9113257220876701073
2843871715384425277
1223895921235566428
8046124078632193590
6374876768775248387
2632965760265965178
3460756235245981502
7481955374611547693
4146667470879588454
4987588141580353373
1423755536375336057
245052777380173619
8832398220574542870
4014345628093794184
2171565709907610708
9188231847985642715
5043261856805916696
2388012055631421834
7055074634053789692
8033176730357899303
7781607074092190487
7214537642012158433
7541864419909415454
7050049652535493527
8984987614459502208
5471774122219063543
7504027014429192782
1735478167269621012
7294288959591682364
8483425951923897100
6840296113512544672
3731584523676242797
25487687745534268
5206492097739188344
8924968390263270105
7745540244670918221
5655693855330658453
659710126950748444
5997102065275058034
6283243830390871244
9198190222140549403
5602841426943566253
105655529406996972
7372425408789143325
2944618241340969928
6602023671305459548
2869848515600917260
2942153341912258851
2293461077895146786
5200842331469730030
5912748871478821330
8840063805324143906
4006565640695645671
979962124771379996
3475879981355613533
2852542346571678715
5356765447291284310
5168275202312503216
2028274643043894471
8752477347457981919
6982569321343633580
7420417002308010608
2251774332840863859
1589253872375161027
6756187921973897340
1084244066886656502
654215404450436241
1171309681998172969
7796931499305325299
6401387905157288015
4110891922357509737
6281779047255724353
4002997691456132896
5206636139568467183
5181708540866817849
4629308066087552374
339979575638470188
3599349052382455444
8295873248721100639
4032682149556460850
2809665115117868107
917476111320344997
8010113080837843611
1659199450802865429
5518703109510218217
4158510765162227261
7656299319688086366
8598113089827487075
9096842453544471376
4756236269567958391
1273734890663520944
3828657722796400919
8590637446444500025
7771915970461113738
2106934996723522456
5172319306525341116
1023678743267937764
126822235695072973
6026251105826809828
5521644613083256063
7743952455270398248
7274069188393181892
5400519077698714603
7354554143446196985
4354652193481473484
1727242329089941152
9185831776019689855
7625039865764660940
1049694832443152238
4829119307641424616
1412515524641866994
201266710623318628
5243227107234141962
1053834203018488373
5015815240003752242
558497413547980115
2516755051184714010
2291659311945935274
9008961620272425781
7908650985551457985
9203271587405019381
6087576112231612967
5849357385489434842
851791390526539729
3611798827222629667
5119870391649504692
9076892682979613196
4078937941260804360
8353500350110418917
9158214327260461682
3728859143341635698
6470522882504962950
5854765802781983239
4359392529360920956
2871118407848714001
5411259586803690196
4585887637013028486
3591841474385237662
4114297278794524235
7110134559040443118
1626604634804075432
4216769283956244187
9212902419016674032
7544976524802421235
3136412635263344091
3222994859199346889
8751490302268531639
7085869637469477857
1380670978461423063
6477652718452318520
5968546340399807299
1406937599064311993
7665963268069307163
5878036471429972541
9153770851820749771
673909727846250175
4311309474768000686
2251599701122981888
762364764667555223
249202713389549819
2867331608353484014
5470816220498572817
2611714999037852178
8327347739270762359
5257163861249578510
7074201511177430568
4699105937022706754
2486831494085987328
8530482775592540144
4867477766352359031
8437031353044881508
5231030348277341809
1282128247102664092
2127567259087395032
1233393360937259048
8043005838411191379
8820681763710346194
4747061383541281558
4562678636075778465
931652282176106043
8199009108341021369
6534080462334824354
7090560117479384847
895219862458658045
5172971968101825461
4639275225839547138
8452064322777718329
3616558026097894608
3432031620554341560
7692636029135723617
7280942344160649498
3799480372717068315
1930912278983571473
7388978293476754249
1112195624603441702
4066582479250923320
7979408958533478389
2100065030401759855
2651668619831609638
7938981206908689170
5199247863508737125
8737177982535206869
587520407303412119
5042971942833674828
3170310094585584992
1778654440591399600
4060801850729610468
1986762601469408472
3894057467303652355
2363463466643960181
4407718435102053445
3552728875769595147
1056361143979970411
2718665893474829000
5797504190617481379
7219785648643969570
3863544390557858296
3520485929766336619
1543052105339266636
1489672681241101359
209500002141088952
2231236797818123055
3094077928441370076
5543382249119930393
285032268106897929
8507531793681339273
2552195320065880107
781630695623268510
8385229829438023127
678495475631405675
3834961524564406032
8409007217120947475
1531571547460119805
2007526527369222054
4942308893365975930
5818655319290515084
4292624462824973998
5565885945126032029
1333169226115671084
8167166673376315129
878701108220167978
8505021273700608819
8363770953507498557
3170280581050737802
8991339598935148059
3742911246239973203
2172571365537100309
2630647644766208075
5447106911306358012
7279928155693182835
4572728213864939019
8204139019408469679
8916813136629479601
6408866773258956712
1759121950178357451
2594290636261790277
5263906686162298943
7518914495293338298
6106333013751445700
6161909671955921885
8364113568985943071
4396224381750735437
8542461402865112255
2730180014164067849
6349450857127278567
1430445931100644405
1691348071716110246
1775728090137970597
6708988414359181812
6306006388724440829
86938384369579371
8675213959404440755
2420982518289232627
3118369618100177417
979039750240736941
8822128440182604284
1182970559713151548
6956454140944096563
3245054692468200755
1748898524609422101
5815993885542702647
3060863050027666666
858265491336935156
6845704962942152570
2940818435573040269
639289271929679116
1703625260618016985
1092345545579927556
8777121295420477885
7457252243279722855
181006527629444647
2449136341596050408
305936729823132449
7023527409464794112
2080395008256133301
7182493482616349193
2317542088686391126
227799118006271493
5184608962578789258
1352749224287789603
8452124541018238775
5987156716671901736
7055265400884342071
4990433844158971886
3033326050310617121
4891444463151547044
8795590607949166777
437718613345733443
5755425131867894021
4183371450400140712
1976668339961717874
8567575717778104768
1255081842256455646
3921768688868721098
6380101403050757656
1542045403181607238
5387881004961640258
9223159454863193169
5236850552663008043
3016692268230142806
5922306901268972319
6597084983087393262
5985643022116840836
2382384699997452105
5014793400978677975
945373616200298234
6863339042268009991
789524017400145388
7933463852847004842
3597356399476449942
735588474905657756
5191048387456820564
5284164970147660357
6945772809185586074
5497335411927523545
3589740028085297025
220367243498273692
8310783289616994834
3175669535954252128
2060219146599495511
1120431972638741169
8128155559331436912
3317585686248179218
8182601222972497182
8253658067347524488
2330465217033727308
6192072917799858726
3914227251482702404
909609310558931285
160275231572581531
7050108014024178569
4631934946759946017
3200828044171878859
5184106163597546325
3482122564630804725
4523096578038411426
2285669982967045599
6933010277856247620
632997981885399178
5084379124127652394
1881915974826030012
2293824867420028181
7386662111682483524
5593775371620484441
4849563395571660236
606534129954673877
893775125042865421
3485236468919493562
2812437584986147241
7595063624084611904
4762452711698002389
5710202234904727495
3615380153229337074
6125426276258751472
2192537156072901861
2199562674991083370
3521787486525489180
8839409315963346684
2819593983909436888
7166167160634165425
2939115609506722808
1190523367552684008
1001350344154260732
6076742245803420029
3622894265603567284
1290513350165217085
4941713980522550885
4379070593653640600
3746852435009404286
8326089448637615448
3165262011876941121
2710401191281138639
355786995231049342
4277597458102235376
5742305989536698027
1069178955385218797
5146215839231102022
203626433535961751
3234313572820002309
4221694734622981788
6482057509786272077
363064568101404128
8966808460635929310
6527724674179871341
6533699739670538701
8737670512444189632
6002522719488181542
6918765842508625286
4135769568550658609
3110804010239471449
8345000384972764619
1847677885653276299
6207104667601405008
3208912112918298922
4803373988213412266
258329979822357551
298154574840310886
8643118012484322111
9019324215965902854
8004865587851836118
5013033991339244706
6456220387531003826
8159213103701413880
5735986879038316443
5329567355981574089
2385597156860541221
516325158588186106
4178953952684064398
5761888590764840849
1684183681942739450
5807518002119825618
9164479100646046157
1111053109623164148
7703135930099790196
8471373907293196150
6344156979570605445
2846267314908328914
7069337300780574959
5190193257318740917
6542258931754747641
7405166300821053016
4850457333484653429
6700709715757195953
6998413106168595246
1185881369964483751
2350057311012021493
9052508781803453849
8857552869520911890
993285486900434715
3174200588687951659
7113092046659628617
6167499952361428465
1654734938485973213
1224889050694081973
9125575899977912470
3272971688334335995
8136631516683596248
6985031816257799701
7933923538211380949
1803439327491402076
5272292297359674488
2625196485191401995
2330134763784524891
6760454669773538587
8002697914305085273
6405677026885537400
3542910177715997257
4592556102468502878
7693378004530920483
5573752068659730401
5444562794537636817
21285630504315170
4911890262493373036
4468440683364984699
2350348099347943113
1509694128275059152
5525235781843664053
6978430284444750017
4746253675193978391
1010722526658829633
5557181086693092423
607272816743746402
341067398319993931
2676436015747089679
7900363047643344317
5469232620255501554
8693820667871531487
7826182887006801139
3529027687994148482
7145942825778945376
6462871595182546359
3878998325100598729
7887272704735160460
8849466147242010454
3843779303516406711
2690197948090267759
1934723213786016844
4839992991898923326
8833161889118910967
1273568015582794610
1271044600723822856
4888702613655614723
6293052712642340748
3023510537813347898
6570355773922770672
2576290911453874780
7864335454790328164
9196003154868466065
8599517324199033133
772964565057781144
117739074579458418
5458793164258406797
3001273467959276614
8022764574440440582
2124605791205837204
2948988210361953879
890081313519594634
4847761997334235872
5386239194159337236
760186220697778872
5359861875524600058
2576647166523844694
7325723883390931483
1593992534673358762
1245308635291577670
5334074790472701568
6665979016008503973
3163851233176713865
5218939023479847944
1734608853021316755
8664755824234969001
27883593881925250
6880639167176311836
4984809808233449021
7074981948654885546
8921729479964583634
6728754490318874371
1440147778722598447
6199777234435741290
9015022109037294464
2871911425859124637
8778080585101167623
7166924536131518218
675307081787247651
659183010254284676
4678693867004933987
2786243082882191235
1432991764966996564
1128178859555766405
2860042185683695185
6034734314480573622
6090545287141075870
3893907330478047894
622551296277920124
5062439201406334860
7364832899271981992
8495575896352404117
8004286564079251062
8968415994388045741
3655427264188516901
8093194685130503144
6882661920167406203
662493965816340306
4577207936026010705
3311692056551719813
7931273793216042877
1599830675013022106
1405227991859624945
5716796943979880219
5737795380959001788
7339065141489092232
4966813386206531422
258948781522773613
8092741882133526955
5855813351263944569
376401477268892796
3032214539223233637
97217293852191213
2040268418765626374
8836579791810161614
1196177451563733513
7024786954015017303
4024100561254708097
1594360853758834965
1134593445657480311
8492823838795664186
4400813118831903772
5594742064917776426
8523702913614781420
4627207738875108459
5456710437429854819
5976445891667646650
2926734170032488116
8244358130880352193
464254271119372285
241166006601267030
8621098740163546428
8540005628875616945
7334389483701231210
8168772066004421737
3631370238314251431
727618530693380627
2318985959398297313
1882221528513625416
9086476876696480488
4473617699794688267
2041473614537626772
5387220595949448810
6433611743469722302
1444263164733840120
7133535331394412616
327174267874724707
4693184906865460689
4581188207884722671
6386738897088208797
7464253157127767672
3946817327698074747
454041566868084737
2575517994413900927
5801099101519625788
7928572879576496588
3081175020466541993
125135042703448438
2869997833975319457
7019947002391367851
1032530641370892743
3993910857100669820
2040357601868219404
2514262183195794051
604162366021685245
4759687893536965339
394613559490125578
1332781209491940129
162570952400446986
4029303034689649193
5457579034419390080
4853829286689605733
2466487472229429100
4338118653630916674
919262812788399689
8691728566658681906
2514033938394641538
6117231831900754317
1194774530173885034
6369912361855475939
389110181649619300
3185298069794846908
2167355341358675456
7802404101934649623
3627443015932486152
6988462687897714201
5764212225250406816
4544818795084849165
5808964125107640068
4132676709464942859
3294811422049407518
2054212540418374251
312271100227612806
907205118634585183
8948279621218196556
5359032718425020596
7222732416365017819
1955259758354518355
8522027459168225431
7878676393593641855
2384061638274943813
3806702768705441487
3501503274025555799
8489595957693229405
7397990172071965881
1792880305911122778
767129457939123841
5305938801509638290
7136272914236708318
1534374250099577097
7540367923086478801
3705740542482383548
1421219625173272630
5796077522845138177
782148374089538630
2902029945222316661
94106072562700650
7740112076327023823
8684979960611234807
5447026938035731743
5279605879467729839
7241594262474759772
7613039103331280373
1175806091142702548
8308267655678154497
1078945426432411732
5314655288621345263
2940004316159287571
3445961274172555264
5830961440503715093
8032683520391109448
1268851111751499026
6603302246645095033
6214254879656942140
9106962605032686131
2727497886290402328
7868823587488363305
6856502988468080566
6831196745387763382
67929299486343322
7137304215449973976
4001408506328270451
6991954325708818590
4394854131109011529
8246786392607043517
5200519407371996136
321473413945438593
8269501260844688793
7367626039985967063
3252125162394538561
7750404548200348191
2604160376955244054
2598396894606350745
2551324021635340121
5072363852182820003
688015035684624455
6009100726904186957
3732698002235931774
406475060989566819
8459159264307363739
1440324521903623186
9133540036245539958
9105475450528156043
137175763711173154
4762616865318255282
7836823206784339430
2322350328579234808
6923309719140906768
5125812943484511876
6704134426452206355
1460263077040168000
6695296960179224461
2508185020791945163
3652827872535724542
174303943643204688
8951948631829423834
1341124375524858676
1761639618608644789
807078394695889495
3613127104889552832
9026187541287897271
2355203205550652009
3976952734152018545
5726463412231303339
5514766164005562277
5300034772392395444
7882666310457322482
4233717385858176522
5085299352106848254
7693142454213224259
1721738376781416994
9154088734199408199
4645537351188375808
6876170219319813547
7136411899086062842
4480847321581997872
3459426502960122445
7819852553625195551
1550809033095771237
6130598026223580617
8649637469402715683
9098668860631560273
6711110911869890725
8161014168588840576
4546438212823869022
3943968694314909877
4866953713513713669
8347769526760225178
5970150537746529610
7375534107741602051
5600163451380105084
7890988304165706929
5784015090112876372
7807321259731216589
9146463701892992256
2100198377101085289
609538648281516373
8815970403468972523
8938420838289804612
982482510944912547
7563952104035055079
8954416856616546625
1100242862692082765
259696635842002425
7980641430998979481
5742981859792893917
1335839125406386889
5399461446537326010
4588554161447542579
6193205192621739302
1534383467090497235
63256526954306571
8526250979452227168
9133555163189769883
8596891294992075446
1329457489798692306
6331134648083289646
5801191332272240075
7420792745913671582
2127948624283685105
308935750153145666
3700418978287362383
3050857775308846863
8435535425645014695
7316274897622286490
6483119721556273275
146715292166550474
1570304512773918256
6932713276588735105
1541471149715800287
1837609966580394765
3038770548431207832
5066901445356338121
8231422742774529134
3842604226862161646
4151657658441825564
6925683050173247784
856455797472888947
674906668183656110
387659180052636681
5436959435817314530
2112223977519021483
5271939203547423812
372697660235329239
2366281787938998385
4324296776344405647
30076225640167862
2939587021015080366
1422017968341607443
7664292615790674713
9047723795254363433
5255703411657416380
7146653581116125845
7116908973482214544
3131402222473141911
3412754519228846999
1435733800491080341
2333078663394741064
2408317567459290422
1309327294477787643
1592118007638444697
7036536518655066276
6734514459484112547
8881422750969501615
2172613455875956386
3267497874902929015
1808235980845998625
3356119001195359009
3368748817100833822
432062561926449570
247835435706290301
8874289009452017800
5707321659522419330
7473590821349358057
4094254218606607565
2780236801321957330
1059452826938363063
7221498375136898736
1497245086737377954
4271988350106209140
9033067183783933816
5182895765981498270
8828367840105315356
4637390388352002467
7940188106173882875
2046813606184908986
4460468303973733969
375845960250290334
5322718310030361677
2503346620831351224
9027974373757479125
8188227917238066245
9173415261066059859
3925459622344353214
4462456132826859399
8505590214049626227
7412651493710459243
1043019568061668596
8316505891107564164
7283628408818821270
7938239599333661444
6330086732494144772
2979360745776135636
1301744170300658530
4805082819035009903
7299746529810237307
5516336429986941196
6440388373449304904
408826103339737765
4173520566046469549
8902256338123926323
1103878040400266504
7200953530020812498
3481666982966943151
4299847586923802269
9063885011333013516
4594657191451927352
7786655848638034438
7077229982223356465
622412677496397071
6517390172070729387
1515320176688236589
3258055538853112160
2221363714236516008
2685722650719171996
7456921316388400986
7371444703941533795
5810707275939946733
8263947137753072875
2951752551740374981
2649284926913872530
5378145980574025746
8346580701817193813
8956685899427724068
4440379912051302554
6089124030227396554
4959133468130631471
5169488419114093390
3152971656004578651
5763999643258824177
558297310893081400
8825656393337782874
831611573879139370
668524368282024972
8039855562535215087
2694655800225064911
5921998519613263158
670281200563718982
2998999723838254779
8012256433765163207
665351574346747389
2896011821789899565
8614264868499299611
7575110025731764377
9090867738853101844
1223904046356366065
4763559332765977142
1764358163302487098
2013247549409396470
9077912747556118675
8481608337463890418
9196492060836203829
2654806222738318266
6445151445563139905
7023326228730562766
380448811290994004
4826363553337886857
3112613591123265938
9094102863022175387
4008333324045403054
8649721386885955108
8845255192183816338
3273762915205134504
688168789372900048
1219050269791862823
3573773230074050890
4657928655773507273
3607992196861790115
3364615409399457331
3024293529622817075
3573002298044686749
8530340398300207658
7712877415329745105
1103136350956361821
8655513223433982550
