1297641679197335137
3751784027577852268
1532516675642985176
3505451566936106757
3936368220567407715
1593894908449555536
5093578363048839830
5188446396065695104
3664371434893971029
7239783310439011939
1644738723821406863
1553633676941309733
4781862937155315050
4855753444103171151
988276579903718865
768641421594757015
6341012556151585752
742700615063975349
4933946852433986344
5514628094240734883
327846037935430641
1483659435462898486
5795665807805519001
1221838645607731683
3272744232453878959
246109894660376587
5591757674491006963
8446547495337617671
1197679177640498612
5468725455742407916
6366641853220216983
3152018940665644602
2857478007167151654
8584046456499427831
3548441464935542305
3400511879678187553
1683539733418058897
5165587981753408637
3339666800297389973
7216179624059389133
4024667521623844175
8400333945582302752
6728453415693815812
3399597084941880617
6122490103818227938
5233553999790562279
8990920579014784614
5147243089468494014
7807165812207590827
7805088541446601989
2290017942957041183
5831045262761485505
8318998833517404587
6095307467309590309
3878884641639969763
839720203672014485
2954599186654505688
8063867895739463766
2924338163102040655
291602067909058748
5439876876107388893
7468257144998511480
5003097911829623265
435181403855415591
3271627563729217813
1816612901721362460
1581381194805139585
6568589056306839652
1908195771535867608
736998520953519067
1337836570703086691
3272459594674498385
7203187495365687623
455137600904415541
3897098394834475545
5555838036855736675
3615274490616164156
7126208651664585003
8482193796181996810
6098533779067937756
8476292287862595697
3266295125191063364
8292660643078105588
5288880790228483600
3273891342008059230
6015121563671942901
498945097603583178
4823967464668789194
2740261959420039053
8848653147211593524
7899749113200682164
6578268889217724811
5480312543718934377
6362150174277828509
985853905870886187
538067285666730906
111596037670118776
4806169913635508936
3831934464993202195
2076308955743258178
8892793240275722016
6801089432315725686
1898736222837642204
8522706264031789128
4590136950354721888
1854628644826828136
2400743708802178221
2071982825197506114
5090069084965179095
4742265973205786697
5469749587951463828
7323197321338807657
3146459611963745196
8275056776460104749
1327497769143806315
3447883162633137683
1020603417524338918
3631051551900784709
750244204454184779
3959967238584843237
9191743388841544160
6941411719755406113
342276044666333577
7502761462250702500
1670028115600761104
3862598291379332142
6894367787075998458
5203066102486968968
1626163112124796026
4191064388998410266
1000433886862126781
2512372341896279092
3291514442690143604
2032409992007565166
2776981119354947036
6480668469261974834
1005181242608873281
3278212819335659503
3423355658937238672
3319491142317291621
6560173292106645094
3355212991005568999
2486569938168525444
5439907881317791344
2255603181869638298
5406868378442505234
5264408376786603012
4023186218423263281
6816929544995109834
5109548078818874750
136292109792339514
5359486280123466270
8260634301592973428
4592002469627813662
5235686572275127225
6521453342399448468
6916198264985207788
6638954744008899417
2190984034863555330
394887574761505147
4373566645180167042
1339891378617971892
7438744721685718228
2277862947897556487
108035908638891783
3009645701085257570
4525230174107690984
1548925807235154261
4144597939649326014
1976066194629804365
792981054450874703
7002280578588397045
1911056720053189249
74629195948035665
5887779570170662637
3510555712581984535
1134863141859812678
1064716397886663876
5885155378986721446
1101428647641955222
4439063005555728656
1571406939256221623
2590334472519518301
4357357732809665502
4034007294575354087
2849704270276395172
9202184482281868857
3686037985492736471
7319037518428246911
2160381597387105337
4788488347895380356
3083138414286316950
1630399859071119992
5116760311341678255
1877116498804176561
292783637962337232
4201110731824525608
1844320262298418753
5538888617577028270
5727037226796038335
1318271694573964021
8855559365432864370
7590477898082190465
92948365343074443
6715844334454368221
5800146773161189878
6107146372500884876
6276336365155402605
2215801717794809970
3981755039061694965
1653445912726522882
5130241332577331034
893150488432308267
8980137378289905536
6783234991739234174
508924695596645256
3086102008861291837
180444306771550445
7787780417816593906
5469899725108646297
7877281425469573395
1398988729156230525
2721246366667634360
1630520605620288932
6911222071481889946
5041470529738225573
2426817354251509592
7179413499396070016
611347076875359597
1757225167910860682
3566098551382281115
9086860817409958279
4180448589718803474
5066741483033639226
9098371171125249842
8247768079157033899
9068564512811113659
8357261366306291885
3085911182780194887
4713840293235740993
3401018280593385805
226968346458210574
1319547354599966909
5020822342444515409
1276130091084778606
3595763697699179216
9139052174452259771
736716680905497422
4710002484385640950
3727918422226205001
300026688517464348
8267078081636259211
8619661185886644268
2260920725045032172
3558545595418026400
6864449867757426169
61290106357705328
4996381906327318893
8571369751822026620
2485861308641776381
2459226422516202223
484908887099663770
6355829464971370049
7754085146056488638
3567203733489593186
133291284549739206
7926538285915554204
951048165363943779
8404501932463665402
6730681013864412120
3718072088815102880
3503669257575571414
6957559437897620666
5173863432784648143
1606933231535624389
5397772053962894742
8590171855748946234
3732210888592663124
4443706492534888664
2908439864725242650
8090296960563052966
3790465399110357432
7352326456555587737
1448914902778767789
5237216093824683450
1801788542129612756
3504070687112984276
1892253641302195756
2399936695170498688
4634603184569263737
6653048340641672318
3197022359241293383
7020203734937208157
952504111516224547
4637904982356230050
3231875570523092881
2225254139890244511
4733213494287991416
1069564057637770652
1516285982654019076
1892685085125989999
5886709267192755317
1125161295626805315
8797677678150741643
5767157225848680600
3249952022654956411
116342357209521076
37363773199881650
4813182654006340985
5989839344423534327
314890542466962609
7930974372281533856
6349340142323032497
2770092890913354155
2487616388031075305
6783039850654782506
2627156253248765165
1373135192737397643
5759857041518938554
3995502164074668461
2952979445747866808
3562833545718209295
7222427126643966341
308186886273954347
7814353367015958955
5665156700166893654
802765547573892462
2488051593610499699
1435609697093641219
5006498682072327764
6177628755303030759
3600876938845556644
2016291409322122693
4464093075337935945
4809751416844617845
2730428909537883247
6054394671428595614
7334305975374852863
3531293318442070227
7750872668378834374
6826406052595159566
5001728116151510443
7203207817521673101
6843154474932634160
6639082117975332762
4245520677289731438
8562274622653904727
4285000796466206489
5834541682182724222
1707583023703807874
6948660968169390592
2206201815400149555
2544563861090688734
4380581180945488238
1362289639250908883
1525027504426198362
6778498497501985826
5676722601673825784
3472685766653319337
7628048653316855179
8932576721865668956
3583035828767147965
3917621897109081400
6031170527344744693
1848016688342518818
908052581063266146
4372377519419576256
4272735209668769407
1161170991143744655
3855099777229419685
1823236553225359225
416671134671002767
5920749023268290245
5436549966951847527
4171195661293884131
2873856913833126148
1643700205191734886
6613996384441567419
3793148379093194281
4991113217918850269
8957763203289661191
7507267725722291323
6259987422301597784
1491924674539779833
6778624666900475947
7297699857738363493
751455853376745013
5413546436459097769
1727288296897807902
6510676778712003818
3055444282206016258
3540115500416340601
4202412883866571239
8938609271546555359
8166807879658587299
7689256631111106831
6307008360767431588
8867767883211086786
9106926630932122257
6202262504531549519
1526312301709265204
4141395164085866970
2920769688499199955
8561212737803170748
8275579939880267774
316772157557506669
252818627755091546
1013092172913811536
7892759563950613648
270204837904654624
5029588552187566662
5615371970960252025
1710057906594065930
5504781934936736137
5493575448215746666
4277772249421692240
4116305881012051817
6499076602658588488
6932523458705199064
8661088492196764584
6630205058977578891
6777003977350366106
5785839775981755779
1557761351908139905
3036510369466715169
229853837733554267
575010301827166826
5988057857825182915
2365773836796011054
3422039038658558882
2659733973136416431
8960144655287575811
990902715478186797
7318039750695875486
6683390229713622887
1006579484827981079
2021493703587942703
7313428167138286884
9005079381722530954
598542550757763623
1863947191823733334
6155468561869990526
6561519797588998256
918251506272054122
2291203832842699820
801258027249400104
9043337265723446708
7278012307202686714
873443507430212635
161839383801347696
3169697483558920903
724513579927762470
2808402817266964655
6623265154393571270
2790733152202429087
3485522703077000574
4210904381021456642
8660084053911052725
3275077993194517657
7665265482386418527
6624167613692517000
8995441036805721114
939375839109541284
4860806649597495396
8660448322929736356
3387809557598807789
7966725104189154274
2421413153820822650
5994830154727827923
1101710684398573723
6782707588102604205
6395889057489368192
2126965754900655634
4556920296352756901
8058574073039736086
3123259614006359156
3674880976499063994
4543883597484212517
6776772074960336210
8948949943780743795
8143599278759514681
4787772551978265565
1292891161225684573
8764230482208195209
1752725137156207738
2369620179934607492
4860377273383531287
8220307893445838272
9102254868932612851
7571606279824810752
8059054092770649891
8407595784737306383
4074102809461506717
5968964635559009256
2845304063127350552
4736133090067451366
6135524223834278108
2359027022522092848
2414726891622049882
6568699241360473294
5104910005669102282
1369768126000963457
8115919415366844626
6177740839591427963
5035405749537957543
693118587414832349
848287001870011767
168478230662342720
6801901478429752833
1488414820534580631
1474469294178660889
4103013488305119940
3388138673271114607
5800558665305410316
2233562165126576039
369602377782801272
3289567608690395209
2379194293759025796
6423136782630299768
8509369155695770318
4131705985760407002
1389864759225217674
2818526073271589438
5918478002504321365
5904059853367470454
8220624570914853553
3329758589279247781
8956129844223886256
616680315181973463
457398292472713339
5896578298576550215
1135300408966264148
3372403579000947270
4802023699154925
7743280933102977089
6658348498117798592
8362501299813083207
2458494878858068306
257247523322911445
8837606834407776545
221263303993036802
7218306236650189410
6768392736772389778
399958298795524486
3830099258342317385
2327159791241378850
2306386984587656707
5190253091683955717
4399741261968135688
5514086963152699925
6077401566185867847
123866893104690042
1439083998793364225
3763967045961152007
4140131977597617494
6719789375089785950
1945268967030360849
3054921460150128241
8789885834079886940
8564052028354281789
6699684957280452919
2213826776279669968
6549910806492881129
8406846638928529080
742116252736613701
4479847360389012539
74692160671830232
6580338629300744509
8698550890384544453
6025187999939831548
4882239627781990469
3181427179213473188
2201879346473902712
8268767719725596408
3564922704869308256
3703756887298408164
7979690850918186521
218796797824533972
4828650197615837674
5453697739386817966
4987094251800156907
7171443350922954153
2835536193175673339
4480187560916829568
1931115825225286818
5690715248499774125
5018378129514188203
454325109231940905
1260443660759114552
7572959513073248979
2665227394065806682
704008807111414773
5549565013326103417
3557204628741627104
6036091668001448179
4056045687403728103
5247818518507300550
6251219713225462166
3716364896089382647
5402131792458078046
4502736436527332266
37481642112071622
1314145366028114269
6816384888293683872
6251154987392475264
6676328308930250457
336592085458408555
6107393096041952982
6482212937115735515
7586911347071580790
1616385505456183812
7467661539009477942
121395539973614102
2696612378789223588
966802475362429739
1644207215560868322
4859565748516870291
8283820841796739625
5799154354231041171
4120765522954443969
9140754240569377640
6822818262086443087
2476224445298564889
4066301487466200536
2948902430464124904
7478510713524675078
671837238331447313
1690135677186339524
3008686939889096848
3350792268452729019
6898561247281557467
6745429999107198296
7874158547977231766
5300962359501900111
2806211287249989828
5115301074749580012
2276523946232376801
8214658541562735801
4060071521728910748
7229855526586727910
3633409629313421430
4709612456079286960
7255611656907607238
3506776286643418122
5582259116424411404
37043786710904410
3429357554156460852
8195863182917728306
2050818822560653092
8372153620885550698
790221432528672228
692266446056646411
1001295180854636740
8725311745449669997
3431138778336009529
4843781197654412803
73641179131606014
9068642609857517130
3905373083645073190
9070454686894149600
2285481866913912270
5606172938537777665
7350396982384018303
6010043468860521946
2380611359301028559
7126751046968611894
6839302600838299
4383312718911200384
5934141739254842503
2086734235742279045
79577250211726569
3155182157806564262
8018875406252911979
3107693496514404789
1486612183537930814
4828965460035067563
74839221901914007
390044473728578657
3589231752232005054
7456006123120779169
1468229773818227077
2566485921930313385
5826042874760391299
8644863042803730818
3518208585770061220
968879665921286932
2379943677149898085
4746495699223566555
7544067374612755604
3185594487235381597
2564585356032296280
983042763858482486
5452838019013931677
7129150156581162069
2377599405164379492
8526101735401794832
1183042462264957621
1712887445812621525
6808122726951279078
6055322845546101203
3126835995248235616
3351627742666897241
3960106324325289788
2771330010806535207
4542942532068308939
4822837180471388992
170976669584357856
6352811433134569095
7807668917143706765
3920229926425584907
6612762394315300204
4371844295222477034
2453171195584591759
4264690900625911555
8227451387067496640
2428216845699401543
5660517479477840819
7760953420794163648
8124455348588207761
2966424840832416096
6329697046808015655
2200941276574018950
3609722546434485379
4190300901083259821
4355565131828547179
3558647021721149434
1359860356123638699
2759104504189197439
1203562385977630879
4553180425687790219
6939473479306979417
4945106108795278761
2304491736910974861
4295163363913739650
4975135102437914274
2565538951234337310
9051871038595905662
437510172937087329
5900181899495086881
2034867510024522070
4453823145828387816
8771811274082774959
7582379153660548557
7787888830711477486
450729839970251887
5550321413837894306
7876411438670048522
5395375328291605372
6478472605011928155
6161450914667589438
760419441947228053
9032375256829974508
5132446285368473221
4184635618691341885
8810958770401528846
8109820706220794407
4650406524172294151
1889017246948547252
7729106460058073762
3897639538121728907
3588938326218876126
5114569404352964268
4869687585369483412
5751880320901081871
5823178491891429992
6265086844325062047
6363852210320514403
7218870708307517594
6076024468685423258
4350896908665220528
4636889970419649335
2522762800260941665
354972905590955056
406768142922017458
2918693933236117718
3037145318161394832
8153807034221232328
5828386803988832246
7695399166003229394
2759343721923201016
243107426610378385
3466309011745639662
4998970533116565166
2609332436038473567
5167729886191783816
49922015403060245
6901987312947365538
6672625170682304695
1941009317039022895
5879902081209913510
6736552026568691298
1233772040350878047
2135701389117389682
4110518431187500051
5075902744717954145
914191554845060541
8078859599891426702
1469176164408075002
2080390948346394695
4960158448350367773
4849518118710788703
2493796813986150024
750181930435050571
874316993546300015
2979620671264682901
8911292196577975540
5731839250495193260
9061552627676941110
6290535826695887154
6729607161040497864
2551443244201142749
6973091857777279666
5414381570714190615
6328409676493921678
4271270564950816207
8984194454567199748
4381713337857219451
5483545171068840267
7457401123818709884
3199537473019964974
4947018433119085445
1959604216852594054
6023011658749345181
9163503575047159684
304311199876240487
3492379755182323
10494734215022496
2794041366212415081
8118778104246016475
4666515333697995209
4685442065770417173
6477735868707001078
4382150521237731554
9126502311531962511
169868238820964176
7161257883368240726
940699769984613954
4308214804118894816
4343336140944195010
4255140750390633706
2423708075479607927
8573550024655018487
5049584042242089639
4727432103738328320
2315316508664989265
5287790529254097599
3759235976106561593
6965940985462694061
3930725233756618738
75866168663377622
5239619140269049381
6104780288700616280
9049461437085997182
4902774389397640870
7908160031828451575
7545538677561314289
8208105983143034569
2231142513742751166
4734421293281257528
4414667278546056663
2715245834276973077
4818989256177140952
5214037343975899340
2726517500423512010
5700390713438733666
4897562728293354229
6043065937383403485
8495318090517650402
4540954574503391873
2380275946623894791
4781932822427174996
7283568629578975833
5535423077007817252
3205902685588110662
988529807476015401
495275261637003863
4323693865303320184
745855039352802336
956625529651046063
7294151523356029221
2057884491971825317
8089146168651359904
3761311364179699724
983185324350354238
1976500390747365258
4565102032508502766
5605052243514466238
9057099435925482705
5434672614671225754
2988520168217682220
509363707720731606
1812998411200948813
5922554065084056725
3421452890827586108
8715071903388638843
4876161140469063577
8700904672035464273
378578734251021414
1452161035911192653
7692040973268655470
2642639788702564071
7646591922245326898
6582667838975821900
9123815387171801978
2255271456540413904
8943722605615002418
6817248342155919187
4698896372375979827
1778638305087559521
3401685241859182116
7788964182858701636
603856710722815540
1256435512386908513
3749751986522942506
4746976229279168610
2845422274059172415
273243594212176641
5897149658891374013
7968018158992438266
555325659624717541
1742584036976306653
4538435210591728397
5931821434685557396
3417377685777437393
2065401638794044054
6761152222373575294
3497441872669562650
6384118224083876337
8406614743372622098
7296068305775572355
153457459276695669
2496354413806256337
5512239350206267446
3088247414487804732
8094224532148277364
8786006679477659522
1793170114078073902
8558240114604059318
1504255948959392730
2023130711922960992
8847405794249136329
1520521119244684540
4817163145280162292
6133971921640322183
1266116096326641317
2326796687840206398
1635194128038463355
8313018236133090380
607321539331802198
7278047039423587108
7233198948661212817
1004941833352562008
2478154763555734799
807132359617355996
6851486718396519874
2437212520088339713
1129074029652762884
1243497517084676004
3175081481321436487
4924507538240586819
9127076880169054793
8906357013863664487
4710621991661579959
119711816679506298
6659765365532308270
8925523785667251014
5533826773043241440
2086804090175272640
2885765527314166989
5100664359374039021
7744057973157366218
8656139415293797896
6963375426609367349
7499213514667811872
7624362952335666648
5121277315469034443
6626429788035954892
6366179085293668164
5239508315142391759
6091725692852648101
2565989363231640814
2755492541582815088
6794086840258711055
8256462599507035090
1762468642809268645
6246319574677786040
32432081689986016
7961842553502382023
712112534566917058
2697132864924662795
29506058479167673
5679707978633907900
1040752661716003781
7081152900184760668
7614487713033116719
5337010843332293281
1477605642940487831
7411009414034563437
7098762522137490035
5562273239990209938
