2069061577399038208
1517995922870637855
2795104048296312404
7406394114524905211
1045870520482379456
590800967248636572
4130161500686665233
3225187644487891941
4299565310489066677
8005557601226291876
3497676877370577231
7539785860994000247
4409150336667054623
19494173524139266
7659572261113250272
6234667884923911048
3667846707501830546
2638203512065521608
1924705326261502110
3397826992092812063
8845779656518728265
1913370575577051170
5271475614686752364
7725097287475593668
1381829788745548550
6903302746383374485
8113406349511746929
3365029725387666430
8164814576082076687
580860711010448836
5709447248511617775
4794342864169662984
2441575317830055206
7047878835878169317
2086007003422433475
5059116255820267198
10125881555206794
6988230284864764333
578621429794396586
5951521024597907352
6662471604701637002
8302430913264917121
2618022011508949154
2291382845505536637
3919674030192641943
5029574713216525127
2917728675937831694
5478257484347993862
5797751323933148736
6993247829626240528
7938517732418590253
8034813527441047847
8383908639655655649
3444717528085841328
3343208312418076573
574032993320609382
3270594134365505262
8817690777001247676
54999163775274168
4890496630952211019
5169365840168956438
5761891263013531584
6674746770641369991
6814015838743118310
6496966072473841974
3909737620826417793
4704660276066316090
2245710804752894709
182963433387333256
2057739228872992954
5989388016415272530
6314004527739621869
7723148964280526472
4174533504484938884
5329687254377269074
2092101085471490111
8345940394237418511
1396944077752309002
4617226871402164929
1342581825433432758
2629331582841235927
8454598076884392847
5566141576113703151
7360498431270786000
5139032834451858762
6312832442500889517
3424199679890146193
637071147230734829
1606679594793393397
2196919626461086782
6273874246170374550
7582434485194496891
7100911336836085763
4949055022259833341
6191876013052851318
1272184949541004621
2781888168882694531
7783424084519404180
1237875124629444570
6421182508018141028
2018729281139800523
8313196911862673251
7039441830728102307
3799629268704291337
8856300476988076346
2031590360842569878
1110477405546701448
7834835613845825887
5514606378664873641
8915321346898436406
2436882027876165516
7853752998447146047
8259442373444634617
83993780069414072
9212125080664953315
3038220673015771702
7279804857452128132
3246035515397050950
476531334982882796
8201914756192429617
5602223251464145024
6704260049610795018
705288703292169723
7467459297500589300
8709402006227826985
188653740360725888
273550847255023901
8271648045586257829
1456805247028861928
5638143971540567194
3170621314781880098
7365847844681634483
8768218468361353798
8558285500417152974
4079538581727769758
1327228860540276030
3277958184991562178
4325068079072157438
1023562909047172444
9004469357480683092
7406512854064840856
6018177576692231930
4411038505512450617
2599914177317779303
4085406680437914093
4577929836804358208
2671817786367546095
7505593845098317491
3292654450673779135
4856214566098974150
9079485067504169987
5075417663981155173
408108615426199502
1552893046163690548
2436842446993010183
5280275426169965424
4693746410628046744
7161734722377058875
8892693595997578680
3023858719775220605
8364992150195916319
3171821631149488082
4938035753064307184
4004144516386871737
5430765883509070395
1540575389142276433
3848203062374360266
4322395349899209179
6127482369451873993
327485758071035514
78377000019422646
8387559431748512828
6250493212607589749
5636286936406106290
4488665336900014157
5066981809865609168
6494533723016965977
6600607410599752199
3470776010938406957
647213895971701590
5197964408714980935
8060775411608994267
4578602729791452345
8189662333827475582
1062623302287055326
6439245071978404819
4216487771607049346
7293636868186180056
5019350795614333018
2549047042349276964
6702887289761685166
2336528189790672529
2438577587327555999
8604402520335598080
995573957493230184
2336506907230840598
5470911485970480464
9103989400732279519
5854385677326470894
6022315262799751661
4240062871316418996
5921301448791139925
5214498539837926961
220240292733270617
2540583650206539846
7197419469150256254
5295730562540068460
2620684670326744498
7685504375109519195
6786998657105120936
136167614951257126
9128889163070690278
8535055469865662797
1596344129575747349
1096893301964716144
5784863015734466457
8146339447992615358
6049287695240300401
4539490547315851553
4533020534020023623
3343467300431779966
4189830551420849223
2352160431758648291
9158088826536785724
4116471604717426498
1791988267466980570
6171791339823860393
5799119844124497753
250770380425645380
4792969354527885167
2353180240830107571
2068360014664796692
2886637115895415288
8563752509287356134
4718178805456196068
3797416173460559339
4615231128501875282
3230026071044840415
932629363930174743
2142589352231659377
2178310614220820054
2924841424579629756
4009192879584865554
813156908078618133
8169137742812093254
1976888951404455982
3920347217446131571
2203668054781027801
1639256188506848286
2511352414075987216
7126922497851753573
5131307107509600414
6124625472799803472
4508749454676083642
183941804364388999
4757327959687368588
5253745132926110627
1017382696140731704
7269687658167590985
8299767142017812542
7247766297777864060
968650246441443323
6919054772259680626
7938868004632711521
3301959425522911349
5867713452913471910
2449334142641967030
3882528078201945365
2028894614536068185
1037020650248741214
6044112432502760623
1197513955472665624
838766605397821126
2350537873792147603
8473492703219042615
5183434138028729208
840646151457097696
3913100247671146437
3462183496508607651
5564440216693988375
3765656186986403292
3184694804380998096
1791430693064900568
4448088599638567337
8462000600652826586
4899077149949877849
1570595188295066111
8516266130308405595
2355077438624319524
1344935094616830464
5581524112182050872
4556726874912184695
103684503378295515
2166530057986290775
4680010858034149067
3457523224483347872
4014501781891029466
5319625716734932895
8216217355331727210
5708632160301105774
3428496181776428871
8046372729298886297
6630039129042153398
8112174520065202492
287454702025586122
8913048180673985578
4046698554908094191
841972346737837881
9115986506808645928
4678289882403475649
8761840418662096961
4230664541578499211
5438588733294790433
3648316950720913
7103464013815966614
6337637550311043033
2893722631353534420
7235445621873257864
7037843519793576976
7278674965470894694
94032524962477923
2694008939250354169
4618061903999103445
2067080996643665383
8931732654301704744
6361004088851459520
2674509865650166802
7605993869927697851
5788938853525506039
5826773204265179744
7185463004933377770
4140287218706764332
900934451403653835
6849073283887524779
7817529353534427560
2591845273489687136
452055114932675545
3914567665011481259
5123668301447563221
6633273722090489155
8206423925927483547
4126204987028860057
5939704169230484532
4927535813265859506
8366975993253796079
4323773872869380434
9029143252403558122
1615747406278823737
2983742641593482963
4607997268471407745
2143834210891520103
6778080550288145638
6067816881071863927
707212640377765260
3395375492788137461
8126661589165482475
7841953660823638826
398828418263772160
2544867450657485804
9175942937282532642
6334705298108232903
2936501477057537707
3246979809418819182
3014501746636141481
6670939264354278954
6814998051500972441
3560793544122341458
5781767240311426495
8161207952699244604
4360198059252481329
385216386541267347
2742082085442312776
7518803324225776643
5172587521808432395
6322747858812208532
4466608041176820054
7659179188513910173
2032006785393078578
7077689908806373096
6158692716534338393
265351804580042345
7517491885917828397
1361044774949161708
2730819852752897144
4448683757426035289
1019352246888541549
3299652167399372646
1252678730026929841
7515576697921669809
44287956702367706
6774331222576874245
3842800187307419088
6654912858528258225
3622734394960739617
8093800700819741017
2130946988761337650
2733165721126739427
6354623292353805316
8196047003000930281
5209550932377382082
7474551093740804287
251362621854964030
5358726802060639498
4627274943725079629
3452256035712360666
3710443948110981454
852832748352225512
1639935703616924923
6374071328881941728
5647216265849734428
6873724806441959422
5285578617054083713
496140714871472368
3610883380719850815
9177329452509114078
2957548840252806738
4276609074562245741
4264026713301965037
549864941071362931
1300573500845643239
1010632147108292407
3337313148400208785
2049788937571257649
7345120486861086608
7321942287295578939
454894013857306535
4115536046394642743
2926025232886379144
6802306091919423312
6435819321410866057
4117648132527204349
4283868240289883561
2798677523146865566
1167217740119849380
7646148089087334846
3531617828561250760
6388093327769889848
1339298174432452110
4995908799897905636
3120247989385163499
5795062364619307081
669625684679714215
1347439885243230668
9026989119008188248
6593525615847660966
5205307636253037557
616067370944553098
7812057474803207288
6427987673208925411
5071896226358088521
9051451439331574417
680104819429553220
1330136373427867721
5002016100537202336
1413302173187606914
807620176638580442
5291708800755594500
215967209679985117
1437692323488635305
8948470468863368951
1077008016818287695
2029027848805948135
6557204416053009829
349015008519338206
1984025067952248437
1349336123418466372
7806603358146717201
702166064466641460
7072281756612683623
7376959151364762620
6441414205262799565
4875811062075845642
7588910182506141534
6206040779284738884
1634536608349099755
3525506678080233005
7910781958946566405
5027386759781770949
5563986279116284896
3391202326089747021
4730974699073320060
3815182022177593595
7324137027269506236
6712958805726129189
4892005765250752450
8545890385735294076
7052859674022962278
5736590094857999281
798330976376960424
8695545221842575014
8404949935858746980
1105047351294041470
1089401066506443960
6974706146497825743
4048086606706394099
5763755740965390143
1297167053836964596
1594289056527463954
6212151778032166357
8278481046557645762
2164113717414611437
5412379091890079913
7813456626904686988
5127087240950643327
8946905590998274588
8380084686852102918
2614235861485456724
7663009353814109301
8425666257661029050
2523452826776481389
9128223794735921817
2143107755971881239
4508313136260306644
1399656163329395975
298804807393334674
4429562796432392589
2134011200899974629
3015701785504547573
5543765404685551920
1714329536821824967
6601080272821308024
8522175509285029384
4208048363876679987
7726792136809702639
1922822548508169939
939061658147352619
3198649067923279417
6822978396141713737
3647111054844245845
2281140016405202111
126832256103417284
2158966689270017398
6290284512513679362
6230612441511569578
5001440320095519732
2951154463947011625
2446109913082635865
5499799320024483188
1659042971451611736
5992276939692133243
3222821208053779707
7649354482066721912
6446825397123501563
800742880008467896
4137026306077819416
3671646456070712166
4650603206284003126
4949696518633504203
2141858045699136315
4625369000650669245
5408242481604649160
9030275289041250078
7295224997085400053
3497335439829426561
5354643864963975826
6936980214587696113
3226522049023650165
6476529632201016580
1557392173598397556
7169863871394483442
5078431165807600386
1802335396013330600
7470869342573341604
2714307460880429883
7058705248608616297
8348480786351403770
8959283340114596919
1636325299298453652
4138323928906073668
2582954431510055809
8156290130452476334
2260320448216276503
818830044302518288
6198526670714738993
5855740137732279534
4689889879163145456
6932785461124502890
4716209631317895544
5438605235019189008
7625187276727757339
6557052245133849122
517698938306832605
5293593398816640630
7533898417409365235
1049923429989588095
8508201574633627388
3678362797520319370
1354932246826776565
5543372205640704086
2800214655404196499
466127103220992099
7669090578290735364
2191448522389268932
1118998398933865852
1196856152829166820
620664764818912643
4368179214447973701
2711175237252485333
8545061074109111574
6891109099851756062
1658833734908777918
588293379406140030
8611275028756310842
8981310087856007255
1374260810556216380
8657262789062214554
7349253504641156226
663218894078689960
4109841196360324991
3247159163228987949
2097589742681610662
6169538821929942677
7224074689339125727
3113213389759372972
7351392631516751998
1015897442864775401
3709721377637375574
2641280833769597502
2640187697008604873
4214921552215836937
1635241579802963003
1419942865851957427
1619293116540542985
5811680918393350649
192912025498891438
7992522207333366037
4105039632470577323
3017783112452089918
816660127887757837
3890057238655615382
8123925705739365828
3926697239403034354
6855873646811131319
5224739610765204024
6301531202445204137
2188422348646120061
3595362457646590317
3157014476011120921
2385968878815859617
6002368861952396664
3606274039334820004
1023842919266902271
195942278217972719
395342268096474141
506940333452301301
8097424754020173229
1900736509551563939
3761847426659069726
3545666917586961367
1053829163168083519
4323389630898615215
1773991902144239231
1964895392896087712
3183080480517874039
3772377333411046451
7158796098882310444
500695645524361864
3163829452989849734
9054165774329589396
2460188770200252487
4697396258112771169
1635412973484970574
618320950022977088
821553320087603699
3437118927453890956
6709912022303532393
8513231025912950636
4039794504133921647
7892838251774869234
184540454913333610
3945267094242147818
5469641038619996447
9119288553203799875
2955839332952344569
2497073426607858739
5541690235447972754
6685014172598072583
218272015272857388
801076438995827515
8575981712632751984
5814469208101863807
2480386546404434994
7739317351321224539
5996293163824602125
6682522694806392715
5113367586273637297
4953465206153283573
2583288998495574197
2188774880282423777
619378613821173084
2401153107717975229
5688897775523221693
7613405943346532756
4434831826998438600
3974384295630943614
3656468532364651046
318668076467397582
4372444496611177681
8037328499051803426
1993075346375952698
7875080255146212485
3770810068117498822
7708004270951870678
6899536301409898880
2843920287954511933
4036552647776310136
7588400248137990408
441505333372359561
2621442703569148203
4204163121643216347
5138927443136743447
4628837240031206174
5151838350227733377
6905539770166008529
8504461298525540102
6862046263908104309
8718938429051848846
9030407643723826482
3835688597845407796
8875509744389187715
7896051254872621360
6416740717019102918
8110116899373860223
7107884259928926741
3926140334826604170
1806667708410750517
3980558819874856145
7015525424651751938
7511880226249375460
5996997504047764223
7683426507180574417
923722292861686482
9137124209224094839
1350558864073311596
1077303857537430156
8014009663081871757
5987158980059905400
5154646382734128535
8715183968100100855
7351449789653295191
37079528029018626
1928448301485677573
8704188011905038650
496000353399585935
9200879141148003080
8612473091553313978
5987138099910646168
9041049462413940611
320312217917689127
3098448427604241214
7627300937099550252
426020922699423181
7969132162894105229
7402792485440866155
2097403830421135278
1393419441088509563
2345801334970327531
4748118795900146629
4397936012861673441
7460968289449161780
7289483141021689829
3235173423369970607
4752448611157764630
3875324309632017916
8266782073671100345
758722625649246832
775192829418270540
3189706720047534610
8935577372114878225
6235202806901271780
5598433572914335691
2419545624686460944
595684398845146387
6012316779788971703
511402404934513284
4717566959501785173
5454572999021678841
9025282591017697234
7544272081745839938
8864729074093046473
4075924253365439783
3690959557706267399
7590434636642090557
6399385480898111986
8743715166571633438
7979089147198713601
2046870059301097565
5496769216108315609
3266966171186611048
6712613930691426974
1981992082477247347
6606388706972607246
8153574608800229786
1594196007573581562
6592440340616433632
4027122636237197
1052467142304203795
8625709838269855105
3275589847938025148
5637226655250835416
6204008879622536009
4642685012337476029
4617646923636042709
5597743742073897748
2039584053147521109
2921298152985374448
3029555667456545431
18131154557162920
8872455912738151550
7660608452920562826
5720039612757753805
4199626621658151582
3966324371987613689
8518551770593848167
1046667115538690602
4908957735378244950
7587741537113588832
4273193921029076542
3577163582286626636
3962286639294890115
6546040648209251552
3238751347663852459
1186859979530359894
4331209892742488710
5856190947426774671
2611343507546475798
8030355973849450184
8698111165395755792
1903438729153769528
5578682480782298456
6411246421883026496
5673863778315824054
8961852138861464012
2026850468776684971
7601455240137828353
7721639722998986984
7507276815408315050
188513452583948060
1193468764161424654
2622548419155236399
976705771731033978
8856502734362269736
6380370604970615148
3548149222099575808
5490346519261116918
1751459408232693031
8341116022946398370
8034050751953099588
7614731303742775212
1718606303854592636
5529366539396513677
4384370940976506454
378704191277437513
1254027425725204885
2721366993087860406
6932849587323488916
821878794630576643
8176845927841341668
4416136645288451994
579616233465347034
5863681701502860207
5727314010005093085
7557542615091565087
5719872236147102726
8686473274431467068
237764143702084109
195393504096902586
8444622450607030880
1589315011260355966
2063861949852878519
1426671205030421046
2623648462777247115
3535450515910452164
4108167877550744948
4470821457608085395
1416797606437603219
794958701249972661
7418373243058977003
631404707680104370
8188020110038977352
3013756767870837563
3359961862724591798
8430593301257717157
2938235894138708358
859267032746313306
1462886148992957570
8677653606453361347
1893676781648379482
4200592247245773497
5501152070702276142
7089369433408164839
1878816260806655651
9113998702165714786
3205836768098029114
712836959305587214
3974370555164862509
7156616013010181113
5774436137680942310
3325877045390774924
4208724135848872838
5184313170438380693
5496670985921906904
7347580463138963254
2915055450775619486
22950919283191441
5848718965288082721
1709999734211533990
506655347366857200
1011423041090230550
1002029549833967907
2045816959221547605
2673423580841445739
5692045005771606434
7652972594242914195
1865815266004740152
88556748171842839
5073632150499949790
45408715259622454
3104717258743896632
7339325242846354372
3765495743609790639
1425758894548152173
7391466713479126552
7217112262252149635
9009437524017497095
9002738912689664688
1238383409133992925
3866409858373524374
629433001277888805
5118757549523465309
5230910449633515117
8762526391776518332
8821192859051712007
7371906123762937971
18034806557892617
6407259803548483127
6648326524352783443
1399209895532492918
1626827204155520917
190793440461828663
1665495751166670618
6486995568454520986
2776385728403020746
4397322209174823363
160836666776701898
5019584817796587288
365741018188057916
1480125315680566478
444523185622057003
3401346304973781307
5145807828538716894
9168052432249623594
3676383548647356610
5620240423650646121
4096133952683258731
1499687956059931694
1380918395441234062
8826356905697912818
2668076099707007127
1797910050370371692
3290501638873339457
5584150373070561238
8746040202986655559
1019734731686838247
6087726193786993853
934901357149242752
4387402727426195434
1085717556884400709
6592970009422188753
3565647885886216764
7386946243247319162
5484895726551306572
8808073397876925139
2212501762413778135
329205271574149509
6645840186796339474
2036362323807604401
3229136674495779280
6778634733218622912
5883831535508991243
5614092855180791956
8944190562381356735
8670771162820036401
3574734594795877812
6660844025424284752
3006156222179330665
3840860449845571114
8769813103105582447
5156166112971156898
856611167146234746
2537855459621947818
8284372355271443085
671489954422953456
1972331385417218198
7669419447046032759
6402321560440754224
7152172216631294447
1477099520548702607
5649467895718169605
1412099641548338562
