2015509610239294549
8728527700650538489
8512314691263564555
8393182306148795772
8949392564304172479
6759203067794876722
9193684307552823838
5775834319103989200
9180228466283355947
3210150628215040437
8278703995773076584
622353351549816795
6945953587556394384
8276849499939156877
5208332460205705133
7522315766115617442
4689492410331553466
8926488656178702631
2504827572839515327
8411714264538418260
2932855332781154036
6969462236997289839
5115650501185749586
2328955360239094625
6124325665530666861
6840198067691543760
7492703193569223306
6420704108882451958
2465030282113720314
4859625172151301718
7243695982992626711
4943320800918429648
8520686422890920203
7297080559377497359
4096931297666491593
3901166136999770398
954426995366371485
4283889335753409093
6763572580661310449
8008045951136052096
6918209745678946762
6699918633936065704
8150899096859745176
6252205563349724078
2394287425454566940
7303073784598387489
4313540172529154548
2828785998966152049
7267530424069836689
7824008080858379694
206237843944600434
964307495673990888
2053267076134752334
2119450484951419825
4137523686933719736
1267092630395404183
966896524293657660
8351775054025763170
787415429100954513
4023917424028013099
8749193897500068731
4744003329691598863
9058578441734812626
3140605261131372015
6040586018037820110
6147885827030686621
4177462522774125938
2240258165664811403
5917494134944564171
848953690308865270
7705924901909892097
1265002057392479225
8962407528872514450
4525788116812831554
8423984986222351507
1020947407895154726
7901511191299939601
8770469809266801925
6000270590912075027
3538865677740190746
8637800552730553577
8608650015739905523
5898565677037465946
2791712675731250919
71782951300210792
4990920300024400131
4930738953026711523
6972989810699149502
1009499552610936423
4563928224922317168
261586651789219003
405243891387337617
2676559490064475330
8555229844696439602
3606921855664821278
3817555849240069262
4796098628502377459
2097598156416361247
1724286485235211846
1456996271988506821
6721655009639931877
4244027347185922708
7654525094346962270
8571686506176014721
1645553388345704818
1396429760883013354
5293702532653035557
2387981294260683777
8174670106327415859
876659633091525929
2300946033297479034
1030707703855483473
5314833859779371889
7366305996929415173
5369576101242489667
1358240771649222391
2740457437396026133
2612138722339359730
629284550029513532
4601077888955895203
5653035637358098262
6000065839071496796
4957222760195335558
7038486791201964417
241951135609868190
6169899052908678701
1898718919766196314
6024878903249610716
3605024468396180406
1618615161065619337
391543206726894071
3609940547981483957
6020373646629776877
6636309935636408472
2142639545744970915
7366172717992403492
8458348223684217438
196914697036305651
7715451042115963386
3946204726333464959
2023470679035874148
4758147369254872369
5767830103662011216
1646801874985505528
5066745633550151872
3967653795220813137
6442851459461443546
3144925368775374371
2610891758174949311
4124023599778341304
2527962521095885269
5649076869057977054
4783874606192665459
4208226261201985079
3210510285316159955
9102444234571127851
5847174762087503889
2212656237140740014
3891986747808063139
1677653511024301256
1831798773144933536
7607225637369898768
6007935038548747899
3997703384666589708
6230414091535913038
8376364569016817656
9100044328148197441
8537128104727719410
2291823994286008132
4544654434190100265
8910374904513131342
333045101588797111
6144170280513593318
7788429429169682363
6198375516171679842
8129657104126883350
4402828648302178272
2070962175928892621
1510702751633580064
6327224453848757038
5689209202391077188
3932620436981068848
6122022700324517496
4106792876114006494
4428463132781963002
2942423626730718802
5887791246120662317
6844527115677447700
5132248189815208953
5712437679035228378
3364771566995490897
7268247614552223941
5471614387896579080
4994697244254259862
423819260997556333
6212791951104147598
3518006262631328305
8982597484449073003
5401173203034682113
2345179617922968358
7111389612773243243
2796985738828960009
699175711687163046
3608944178121165772
6810877007497025623
3954461090038061395
7188139292933375406
1617043205241396636
2202901917676748677
8759891491290713591
1849981266867381756
5146415196490847522
714502209198659953
1359979434090354192
230679376649513691
2951128337012675591
2440217232729682634
1451901986714775948
2916755462106087040
1781744709674875562
1060813295037716224
7040308630487865533
3051225476496910606
5649944474064923719
6705633551958766710
1613058481942007814
2318395455488889187
7208400864750207781
4902742262768617676
1315189794346546177
4802456525166650678
5043679189289988005
3332501964409602125
7368981487093762796
4919547777654391500
177494958794361143
4599926861369863626
1442260440361057694
367472221394863699
8804209311291404664
1155518760133353549
282127074378518349
5134961659172548728
3880386382583902823
4168275013960597175
509271939894674072
2870270613342052969
3337873747654175694
4803242743406124607
5138709026090910092
6953007551629722974
1339404050170894600
7875101215857124149
8388028297052343508
8793570305575687397
5749619167805179535
4548281516463394417
678247868529459584
3577048300625984491
3680751216775866816
7892497114574974666
2116061181656339575
3926606797339265227
4104664264406236134
7673661367032616922
2331372986224429610
7287016037008228957
3309075238133597887
5790460728030819819
2321545326342617502
5195702969307120309
287207686016347060
3766358330946521854
5016019634024737051
3353315536004725954
6571794294450843690
6415052787058957048
6235190449644540291
493516849555421106
5929578987654714993
1491302248174094660
3124180803389836583
8452926996751752941
5765280011003225040
4600362953848628510
100618384259213193
6543429869424567490
3974187532458987939
5926474831565215759
2403549485951575390
8757580318003216502
2348481529530662610
6154609349245299516
4624616868544464213
6749009189944741982
8523042259940439066
65162174532029398
6841936814748748860
6117682279437069479
6128445242266851082
717889912425728850
318175082105985095
3505883767559299681
188853531296080964
3062844978624979354
4211418202247283167
879305383293656953
5425973233136369884
928561518750105004
5502399644780542991
2630011958525087852
4763507161654466170
2390343679545162879
3300434693742678253
6983563700053438212
4975268711801997842
4240143382223451519
6009519054569520910
9012512708309185636
8552335341814626153
8476752440628173303
1942042216083064429
8783639626801762759
4571260715573140696
7897246047619330773
4224418090210756648
3080075129387084929
3219047759534815346
5107591684098483171
8307439381400673847
73509744706172283
8994242322193181320
2859633345721929856
3772603768935649872
4809846737300714239
7106122250025573581
1289206563044243751
6842470051803412684
2950234918207449258
2348466748590061271
5258343233173848921
4471348146636269467
3086324953548858920
21308679007719373
205995318600198591
2849048798998103369
3811214121560586246
1477801032478503942
1433310094001996687
2058443852389237404
7340651008474521204
379829543924296827
1206548277402308146
2997598882808711427
15379492460329883
5886932858690109239
5810511505288811295
4386238553944421923
5054499747799214262
2405943237556634583
4557730078035906545
671494307778032985
7211271452375299996
6574674915767557331
2992818552620401100
2523886526815116907
7810111145817939402
8125429838154388761
2447682862543977633
3322049068227303848
3163359080064272919
7387116028852166797
4960238908205947780
7935667647357719824
3406700287054726887
4973383162355662331
1386525400394856980
7896610640227227752
6049585089199890721
7407786752993253469
6420370570743084164
342970091300805961
5648234878827269349
8497408989089580048
8860925059126018746
8423656861904905070
8747451703346786182
7571065823548555726
9003688700892470125
2307237811124954108
3509541263698709310
4223095561166813912
3937610055698517976
3399355737316774990
3502511265352931512
3097584697416653610
6984739258369347759
2981895132835065047
6195060970046584050
4826040543076163553
5774443314201091889
5221881439562600016
6158362802008172339
5101084877651702181
2312554959036594202
5705432183573901511
6260642279928136887
3857116974301088087
1732881107443562646
3993189518940388083
5481614955635845352
3479024358884313093
8137971087276250437
8374684297437261548
4945027223982201692
8008044814886435199
3535672526462257873
3116927242466224020
3890867991769467624
4243704690116669408
6516359643041434546
7893250118050156873
1008409067561305981
7738753369898341836
7190117215007173571
4650396837969475049
7401287108753113089
3830183318923880018
6499883208203165088
5876192465496016038
3607263676669629367
6156243522530387451
494854697818595229
5442720691899901703
8397327799785499500
4398363455031276763
3748757220908413602
733197332029023912
8926009325851112119
3050529511213097319
633355669028647938
7616246729693996578
6340637624441795309
8459076132920382186
3450302995715159402
8572552271288869448
3461773225039303883
5886473383381082107
857111252654160102
6256386463621252843
7098917213245116312
4187718179054071352
4964995275084682190
5346018790887982716
5134217905456093510
1940834799216496761
5808589439848377323
233746226387169929
8727921228379502936
7743218123284288426
4435659355242884753
1020319167844974584
5272647814982258490
3575028265274554698
3206445335805405202
6133813426047406212
2776255865273689579
72670682674965231
7992379531556209399
5186304383056703480
6652568938016067448
8051095635195166489
1757151019262397506
4064861426899372269
4511378665620499461
542679937673019019
7438471994020020612
2162207424627189326
1304117026159798005
7315000714942701701
3536095250003335434
1254858979274819700
6719078834535388208
201028814540023392
6939789236726557468
2642740779099141731
193165889051024688
4016622616500004852
6976472639876258091
6846947326594988571
1348099877718493583
2634764222811346350
8847357123013648142
824036252504295075
2280015889281666927
254826299323248687
7118349826598017471
1062116426727927876
4178806789225565943
5541264801941721352
4118897552121752937
7004079305935481472
9001969781722931503
7157436493462903777
2658504930573128641
6533146710406575981
1778739645895784888
4791664591108424215
3303606185718667557
7683607720592885833
2644668809562388966
8991290882985942798
2165351248135722794
5915729157621265719
1061370614448295072
9034178845403190888
7998745812775943110
7854725118119291381
6969689519440483212
4675170584833642144
7854363051287812933
6472710084843019252
7104104845121082208
8676065171380485906
4681455010178305385
1631103921624403693
3259354929249950487
81662005787368187
9217148118698865947
5929969943490875210
1188686726596412171
974861237601548503
4594572085342789538
1246404084527544304
2941133371152356538
6034322949064381196
7865709785195322023
7482188321187926518
6300968245081335758
2222906169192040506
4791192388488111312
1194485937788279949
1193211561923212020
4049339584039668576
1130926898835400115
4205776483620563758
6744899730906062483
6594925141059253081
3071953785157184378
1364998083146826388
6427027574957224383
6125490612603515186
8285450601282216917
4006136853975459029
3610220838433583094
8895099372740428907
8390814305388524833
2660222185629344848
3131183319466386947
7380499950208614123
5064417598531165613
3982039783588881794
1579473501514177438
2356785840560403670
6123009645631414376
3334521175171574204
4658397749069162853
3850823646384375699
783393084074202083
5044996015737005587
5438288381775952851
9119075748096647873
8342676540084604827
5540863435582824324
1692148391377380927
8072094313861797055
4198155460247272317
7140155375327988194
8173624738231036686
5419991588492755923
7107528654900354482
2557598639638124624
5873338994667369063
3360182871090020236
6340793481158689658
1806088580646663580
478046836504226995
7608000632797302399
7985766865528398510
1176783937729560978
5652394754469966301
657856145525840783
3232706011422876603
7342524877187469741
7043551036762987810
2824983973713478061
513442877145061605
3969268608318660827
2067480121335642357
695052933281038120
8592941327014198418
4264230879336160603
4164682494753036008
4945396629851597898
6811136304186747371
7592262766940188642
1131340578527121674
6825356347540008788
6611277913821336262
578149217453032498
6012280321097432648
2676255445656845929
9107669816384937993
5228655503871896951
1023810428885482859
3043181382977439059
3231459307222759810
8484699314373275175
3471402150547920164
1533795672262204822
531278495562885011
6641642554207701820
357387581650079038
2806771381951298862
82946163248223650
3711375850241823473
2185941110492353879
2948234825241483919
3633023058832623270
1702789969619785073
6715193914183516548
1955453376475105315
22769268393402535
2827061234750354043
7092198416660484943
452929697634244502
2210928051064083241
1013142498758252003
7467207327733546555
7107425531854083797
6199138360677110312
6544614160210469226
7223215205227074246
4117786075430644404
2447633327750800082
2500439452012482421
6720341561638996112
1101537995878897841
2449929759436952227
314052460399826348
4925444166722176022
8443872514654457661
5487488500736865150
1510538706417462904
3171756090266958010
3692393266042330230
7098045033093183934
9067162903070619180
164592320724120150
1577346742626762708
467144271645199743
3917840350971414053
3574330441520358291
4476437787992366970
3351498578337801274
4725025484799472489
7423273161344788089
3028333125998224435
7841588027108252473
6819945663249384577
6122500393966437062
3012274951229628352
1750554333252074366
728533800120442019
7462139605227411419
2852484900097960702
5950038567960567451
795107824091710491
6970434240966380736
5999677771945875529
8382905091113919641
933494056811138345
5014136926835542809
4159754110081009145
3026122131296339210
4914869641333549656
2690177938322676486
4359455739857979461
7393322793771564914
210866166644948011
5908639918197474939
3962650943069678416
11252953286293731
2223726559213370261
5642867891894530567
2017908620172242404
3079309557965883196
7451703866796392574
5055640729356812666
854474561962812611
3162041126765543812
883433027013210558
470376277881309492
8403362305172006826
8253841678946748698
2219141183053807075
6899716963888408524
5895610772570655569
8642390802217199471
2179910278400600064
81511801350262825
1348190677342041129
4446959272096110673
5927058201681683495
780855987099904547
5291935693914435360
112363729157132307
5751249029012638436
379887938289577113
8776607084818675772
4029407343455721472
6226687353896649769
7614627235270475234
616002613786366637
6799856901393431082
5594279825114195722
723724642989102111
1563881505959415964
7940900638287993557
1542440163188937073
7272233017589134346
8969872363989371126
4689745139338191319
6334378275009081067
7045198071094585300
8877672283378438896
5193643426340174035
3597988542532299273
520381937174114361
8796629511903466456
6708980618311373703
911647040446404506
3329105064194331164
5887545124845509078
8248010332231472140
249230024523585084
8011066153232837228
6534849344656373609
5300827306927891388
3982930060827256020
3809009299612694854
6370862659709949877
2059282473308739030
755574672610003172
4399784348050194071
106598555855561711
4325052414318364696
244379720967666929
8291817648157118785
4977040495243690147
8224848877701989931
963610888337642238
6726019524311340614
7195274639805997472
4847420459952086364
3515971833966935473
2501689763528596331
4111814662426600463
7862051936693147455
3902912828291989562
5059819811394517584
1185848843906703173
4694257334103763200
3995569843415174570
6317835373808425074
2070421739154163827
2478718890798228234
2345507798231484175
6866191811995373092
7922909926409378206
3356721983423330770
278609665035571591
6589892787864993375
7047497457864567238
1838881022060059611
3676053999769302858
3019581574615246949
6750579816839372260
3743427245529483928
4897396476245684798
2738145957378522067
2174780615367670406
7617594211564360946
4518782260553699442
4093865163665691144
3012980998081515353
5165130813560938476
8046226577173796282
8899351536176627634
8730969317146529567
5076359250041628049
417595342841646472
2919389857740247000
4706692989227740476
734086685195845698
772373251522695843
3591583702450512662
829150947070823973
8831308687893341205
8564885496882485069
1867760462454316482
3888473215723585573
6177367259230101901
2755959644566710910
2811529143029676585
3396113479599960697
3585859038475606359
2980908165702781871
128819643256635472
7459401940104722436
7954904575149607273
3302633161806698069
4316126420159501979
8867244807686907017
7577392599318291134
1978834026533528149
5787881563650334591
4671034133471299318
6712035966373518632
2218667745030659631
8310166659694268567
613444834570377849
8993558432150621937
7382813054020054800
1967068611484313767
6482215764282795114
3671975634906949847
1702094133943289246
8378200364461562209
7990899713478764978
1996433096623362687
5702940861728593583
5222490974531366730
814843206291040669
1337964151602929759
8710148761479468526
5121700710019453180
2847667151510734476
8354221388240315404
109745082565045237
1797169721057115209
3118527715336858053
5929263528387429995
754427231387631643
5895472387292300318
1453209701218717862
8498891897180930328
4070428995933636824
3145492630817558180
8353148052361351144
6772656892994870099
7555965134249310099
6926403105534740513
977304234078584910
1336104014055300367
6809754312048861094
1799904057108560749
5712676114483186668
4941045155369817636
4440049674484326832
8073932872724896961
517769451513483471
3026425919505467730
6656585327167651567
7573306117469758490
731771185929080019
7266941956194215400
2783467236639091872
7879470452956535702
4897698909473643528
2618003944709970031
741221412971286408
7149943511903876188
3203961071301613888
8911445895301386220
377814629085583291
1934862454671836136
2515112677059577519
6167362186367275642
2461014267119736943
5026607288521724407
8071765104396548674
1634414056521418015
7074708364987452501
1392458049811913951
6283862413215294797
5210320867902874252
8840526481251440152
6059857379772486083
8340550459737653395
7572851693785948132
1158660211922589444
1002460192705448331
6780356088715545946
8797390191223854175
6140451547830472014
8955506477017205125
7810088329086213793
771104779740229597
5716811818623382922
1201996030054332967
1306680269503750101
2095471697246591156
7078443743970767265
2747215356492063302
8151776723977179250
396813683356411587
5077645286275887934
7263946613666948591
9110685241184158991
4401972689621576094
210121422635614631
5289321172201824190
9165587548945627541
5230019532369202763
5276629172191274978
839502011377313249
2425136494040355505
5634435482125394659
6658312623040170885
4415051581788984068
8061838368343450923
5801764832837519356
3547219401032284672
7136888110506229399
8681922125618841462
3560505132538265009
3425008323043973557
4495895770137878001
1059534470211942137
6800936894933874307
3428062727554190904
4702695876420182350
7411706957010680813
631372966178265228
4700789251459523624
3077000548710503290
3497110801546484532
7323833046734230169
9036363521509426371
816416503099429864
7176429559566579327
8848726570943978898
2970747175819730079
2411295089289642287
6447447020837539496
6218197962470246549
1143401102916084606
5294699185257846483
3896726215724984632
7357054622666690888
7408702286231894797
6097799025335057250
2495779386631510426
8348889497014100339
5065752701085507993
4629669796770004844
977225933075661304
2689402927950275389
1067208973486407384
4803006745709174097
8048459281977213766
3378361088777929518
1748780235728707406
9008862865167599319
2918059140425287125
2502039336544534866
2193828722156245809
382885175051198064
2636583835239580496
4607906383073599585
2825719052417150550
7153293440756262395
1468037201745119805
21429280714493073
1273172324441225586
4111472917820161156
7201226557842988711
5634905785215241321
5760598607984401656
5025285981247442676
17440960560820051
7976891909868805034
3553487009947731846
4574381140590429687
7394943899308169551
2923240424911320745
1086026128237364584
594003349426233826
4661334698687620087
