6232398009659132912
6179013762500515618
8361686302928428899
5658718965136984449
8831698600467401394
5313848432480943882
294619367248078584
905351421892130944
7058872200974844968
7191907597496271047
8881773343424972676
193331722029113042
5880919578403930280
1158475697453602190
7501423474103078044
4656465041413231123
1683395250595774209
6198593610507606988
1769933972069276363
7944111630043583088
6708102875363568715
55481551967208807
3179698641904666616
1585608407127960199
919064270387491233
6908730537767246083
1178112157577515355
8509427050736683065
5270148099796388589
6722791273078244525
11808401138331650
1755073637662314569
1317409218851390681
8678431435009242624
448686931063391591
2252623814374131297
6089546245593546323
7944914807889321060
8457949984082320226
5644401880904979718
2867897678461100008
7046350398924645708
177607515089595035
1093031583822143761
6943827750587442930
8801483615552794189
7470796393952467444
5061594213801437479
3426955481495078623
3289416412604228306
1386142199220171185
1708176637665468634
1457517139403602593
3358817029734448293
3176766120537315155
2224617410780859315
1226511003997765400
6794027820170788493
1778072057003354996
7710396685696560688
817683234773908345
7431190011974360583
8203540150604779498
4810709465226190836
7135971750514525623
810670133419394981
5875051439836030950
1974555666410207328
7141790107472007551
3812254219361860015
1103695624396893156
3247437051899471899
6726176719200212741
2236396015108123851
7329302339939348290
5484218166845162330
6823059848724328463
8536417768902710405
5193595482245882603
7626920580790945574
7521621450407540431
2248588163753009482
2664285174928750256
5863747882522080545
7887039153524434531
8379149848699338079
6009385180984986387
3025951264232787840
556526767462816677
8126381316242793120
7920458634473083383
7082361876460619843
7022547996664601053
1806162453480643759
9116860332959896230
6875354256348018262
6664203078220552370
8329017595512960449
6233177842482892604
7654354313779796167
2792053107206953517
4046524490891298707
2441165396225379456
6317553612840819412
4047903921490080665
6259105553475177628
8084143207964516786
5389550287139920413
6051381937747648238
491324248612291
5360250433664631945
4971213675421338743
4158667879495407493
6797151473236363487
7221943313636297297
9047781775922621920
5432418447010975320
6888227415093160950
1608089933328418953
4031628036891632140
7938416373923436906
8416750147720366318
8638193774795536452
4468144702813934626
4947955906818354825
7677751743071437120
947575047238434577
2101332983284396539
5375468433879986339
7595399111836032495
2913313032006381339
3655986422896990341
4326616597389941771
2697857104565516826
6542730952395802617
3446628319784737561
704428631797564408
6365548259455650250
3068949403829828318
5837105083180862253
4643665180340051387
1116594567458750570
2544640443064322799
679313866922924971
2218354602184378893
1905466627052092600
5783489164634080155
9031139037427669766
9176214530472043096
3595502142959153781
4974472851661379788
5700083739347685138
244432702616454423
8733377358451924625
5178801214925224263
3772239603488098285
2575517454924873645
2437526030976038012
1786244660883471679
7030108376303391618
521274423504265818
7522390072499395657
5757224863873392530
1563704076263181656
8698065349231459652
730653200358519350
2643214407599704706
2434302827526529708
5469544877973928911
356714994823456844
8959869744260662523
5102887023654148109
192475980587526101
9167860770990841433
3494701790954251086
2912905228515819199
7694501692969021934
6759300969411331415
2140083191957846727
3859433504360481614
658339303760745067
5931768057496354036
4031624362249299986
1229172453728779242
5463530996394585195
1550348228599018212
4024113449690672900
563208778727527221
6692559405650662578
4687449868831598767
8655811121256740885
6946710842755395624
2960330399805530174
7854276966253744078
614331741670763953
8591458348209300388
3527985565821676608
657292882681216458
4775470922128570994
4320477644495727242
4338072298526971171
6844403892902902230
3498900053158249502
5920592134394686357
4824774564740991453
3697199874033845072
7406924654595057785
459151309552416731
1743726088280949734
6016672282448361099
1072669866841027835
1519451722677200859
2490587487627653359
7326085145249505667
3738562452542994788
2248029614466755933
1202470449883032636
1676109659432527251
3734851026838145738
4231316792636723237
6583778678678188121
4068870341081808790
5895610613522793356
124703697239290621
2171955594459630465
1582500166636852771
4036565476666933494
1023361453765692264
547512207040087748
3214709112969064485
2309379705831478713
3109955745151105847
1884005415643456372
4221956942756114957
4788672092114163587
7412139634611228015
4683163510998807845
1472727523388764709
1127814714544154120
2412808863842119248
3874677832031554941
6611596238069226356
1202467595856071037
2900802400134967472
6086443121996683967
445167236545747828
5979445975357767005
6877087311150961296
262592878892886279
8420281345712688810
7277435911610321749
5545549757441138565
5608728406413728500
8005030810660995526
5257132716217049395
4846842096015086840
494612848909077772
1172039086577714377
7949008791800263700
3246866828649848991
1205812851339371448
3751050977056503123
2008597906330527775
5608576600811394777
1198653006372413262
5674300115400486589
3710910793696950529
1248007984960877115
9023561196095318260
7241902922981203496
8206132633051266681
7274700643993737256
2172190027725649340
4174565799892935028
1187007608122985937
320023366981109282
4750398402262420128
3723040060103628340
9097444446695627198
381643149448062335
5283747902597804236
8498265160166152067
6719709095144138134
4918679296731670943
3355235870383515349
8232574774166223861
7547322403678078079
1910421269786847826
3665245326182678518
6164476290496518129
7481831987134179363
5597304116936351925
5711092875207655585
8168557182901011602
6946837717993658602
4770020001654639387
183446163978294515
317105266447075528
7919978002176769935
6261983206577185053
5087284904315997382
4579705585323363626
3253429669268354285
9155693922085422135
5665217714855059312
7620784083359254034
4172099085414690253
8277621125261279166
6637128980718355176
7613454545786987873
1848308380323916597
6601086493223731946
8965753604593259981
3033795766425038627
7275201993391546570
5073047314000396417
4478031541326569603
3810248931602226314
7156988082686380666
8377592803989787487
7637256985983404270
191972370068860322
7432807406810007079
5930153994297797190
6117546057300523256
7647769272038024308
1360505621851918933
5263195142080679982
5728578130283777630
8800833305385271137
8928481044419299897
1165344203264827501
8985426494088683462
1642227921624737065
4375508642873083843
4921282168435736150
2010743531210423515
3213550673066849013
4946841926973223653
5833220012566378779
677527382483751559
3121375008518482006
3252134902447819170
336548777726244857
8557545680381372301
5313189584255700763
4230166360116512657
2850733056547803632
7781071294265679953
8365205393386230516
115760310850860916
7852598073456660870
6135342388299460390
7897864739058846779
9050700070077297359
5213382456689174372
49062012879043664
6493999367732616783
7112443223459060919
1427549210024010415
1137595980243175483
1793839029306362603
5863381989436019760
7766098709880876933
6506856648913040670
1387850870893663213
5233986049948414936
3230469941624715857
6737844827706354441
4453969998996153973
8394537312012356812
4253585747027671261
1117198120387546704
1234637137664933844
1972883674909531565
5936322341867450530
1611258968498422183
1849929946326741376
2206119148512783297
6629012174887846605
3699287862469266858
8327058131385509061
137279528431923523
5969411986386326814
4409790300763304421
6903775763397610325
65572813003672210
8354763852034611923
6724745650219474284
2371906026524105474
7832201876833500486
7080274988506484553
5001660397422339642
7729186311038869147
8672037369937984102
6132401180130243005
4323006486620860749
8273626533429735233
4138642409024361296
6330836774812871310
4095279197974516771
4087924996810618139
4004048534116280554
3432734668296368257
4446928716565667565
4646420196630115566
3271540385205412386
4164271173228266768
8584720389864436397
3871932068998875816
4521297437644088999
1918103969632553104
202680846166729269
5117613266904830709
2782833523927508555
3861725139989990600
1627817368831550045
656108411543305998
4972256160587523859
7234960869236514833
7305767322725313284
40275272592205104
1858675681692545752
201217787955545358
7562318264054608611
4815097778707103878
7743671273161129799
2360334310380303124
1283388695467119799
1042774819152014723
2230965886329068989
92562768860243550
6552175698478287852
5184420875815984065
5186665490985098165
6449050314601441228
3302752249781405782
778508018119392923
8318040212164649394
2325694480994968330
3239447537602543203
6028591298433946132
1213714930524571720
1363936779974456085
5493572449057167731
2642680157086217641
4681773097683195216
1126152216842269480
4842797294862210130
5658926808779991332
9157521238500631968
4392176955612676768
8778090274445240448
4533859790063727287
828888509142168341
7088120733208921991
1707015965847916263
8757980467760314444
2743486577888485736
7624019820997391001
5598574423238093169
2878034658756068592
665355943333510154
7370613165597681288
1271229127573059194
2180261824194137392
2530373247342776226
4583378321489509882
3466472233942535776
1330160162136524036
400604943960374737
6209300376567335017
170019710111469378
3492789282720122226
4360519373467939607
9182286212879751746
6114141744449602304
4318588162396380316
2412075269612668419
8748203265786689471
5706764684306957720
5157382318420464842
2810736574142989416
5124548678332722958
8081411527880502294
1294568562124702096
5118899589936963266
5248470368196522330
2966812806110230696
82325942601804793
7548111072240558270
4666394973166062842
3927684199511806280
7831525847007944872
3171713518169887293
4887333165454815881
2218458475532122041
3685631751577670434
3109222500284694704
1778995509328310167
1604480856655397245
8894487876933990068
6867902740147682013
7360749151979784497
5808284735307014689
5504519342065893602
1696135035347709771
5087696053256879964
4022146801984693895
2935593998444575590
3207806524285747781
1705173275257304664
8674155079929462431
2540039115558748632
6075720875315932070
3634089283997629446
4822103244172126618
1301644501441220946
2933728149807290184
2653680951675276788
4316849009769888836
3570940626210405606
8266246008968703239
7333828452103240365
3107967857705959942
8293275794468342262
7821442003589066322
7840000673419709627
7762574477683160859
2866830286620115141
4252577226055356464
2360890988409741960
1537932296989569691
6275152259662869762
2737256584003985416
1318808230489841244
2153149658920958162
9150857107284304038
5247309634038677110
6936766657963882480
7124325188843031208
4706791468177622175
4267550466981329102
8472434934750073487
3385340459727598873
8108225875677904723
5163236261133048827
2809534351535021810
8370859006025670247
7778548894579099754
6101952238077338393
259757519145079321
5187909826085574870
5516283254974367787
372781220719336669
2272901536875140273
1148627970060735076
4681657363059345333
619272590357284830
4761724612718128627
5303825096241247157
5590611074432728934
4507037718758462195
8479133536177703550
7271806283489100176
1599049580308381013
2170333622171019497
7891167617580246652
7989004170084788031
7568720298840596698
2668847597282703563
7866749847145690475
2951278491381223572
3615309781395924049
2168060201613026248
4297641158101559580
3917520615990555412
4331251746327635578
7273515022538158834
1087597133610394039
5964037444770689867
3078843080033758361
7056207752485868658
1166648258085639947
5548248620264355796
4530054469967645066
6622045650035549381
8276373176424313720
7844214158509253046
2414910492650533293
1039930710244939848
7938059670335623667
6145031481476860875
6971635888295159955
5495647470097434795
5147232268220914873
2506265753965399491
5871333492153378204
68511427799653101
5076884274469763477
3036944218221814511
1458569682983016982
6147666031119341546
8531193585347968809
8273316142448668776
6082045158835381099
4063817637031624875
1384534615677440947
1876923894081475960
1149057797284076606
8872269638203833462
4555168490585849239
1923696408192546853
972146749731830143
4026726430410612950
1087635066567888330
7528456375222515904
8215946986951569169
5506521306284813805
887713901665667129
4009208754001405822
6059122731513982189
3798298397944685831
1799155561446635125
4827819647109492050
7905276360368736753
6618604332247654059
6535430908586090266
5268864008656383179
3228760654783710280
8079607774860576982
8031507493846552152
8336279747791256498
2315708137820690838
1079894043188269860
1910158052377632541
5265517946104345650
6518665050051372320
3142924508555977782
6551395268799805617
2685529339779182673
7186531758769746032
6706593813370285270
5260711520751127327
2975128518062216513
351776067615091122
6879039018569913562
4840781353370631573
3759300703937320430
1788866483588017218
2942961530148885137
9149946899100226227
6207123753585864986
1946712219566958494
4165280308332170732
3564235009927002146
35456362135779312
5795932499983475606
8611952401063078959
1523089952407274803
2490208844914284408
678139733902013631
4596523437304964789
9058712880831265886
4650930771822497238
6779732454425694638
6216210959880654027
266348567857116639
4340219155249827780
3303174600370864439
3860963961801150261
2051242122684111111
7141506908232266291
746958600955771913
6062480663220825467
1922466604733512297
7244988887658228272
5550624340962560721
7893857248529587465
774345067550849319
6400667188336390619
6690650692949008879
132778198989262338
2120985249513641654
1231149701680487701
5396276328412611872
3521161810841000475
1081082937480273178
6110313303743000082
4292102543760300301
6519856294065386543
3635923277257182582
6390738681081077104
4091780466855523863
3066226536824992944
2415202449155362429
8327599104198338478
6259404861672916186
2674087618312947913
5542847232970955044
4166496763860946883
1176876991572240221
7918129075500032985
8895168964549621359
8421580364373203999
3561981504106404648
3615403152741004424
7978718598192051682
1272202768637964127
5743917646006785238
7096061630960212335
3142572096799954251
8584800034470145958
2100218708712284181
2194769548719090737
7265096868272219958
1364428104223068376
1630450845867023868
7613893832507556384
8840440977178602709
7923303690078632967
2841368571643731619
5483336547847837444
5366567648656831480
2057032333851061910
1162808170918883593
8565487826955359427
8767304883065605247
6281498844074512501
1121837703788676907
4002753133719473262
7691442484706840561
6078399527214052313
6546149470476527746
4979367642040465131
6040824377213496493
5742640240578937975
4184542159579440533
5836248247091127733
6856989844732717997
7281235426055026708
785831149483562585
4776788481921261597
1105033575757939145
3351476599168209459
3238969113941297696
106522329046208671
9004184553807990994
1075508743483726508
8658782187513925103
4997902029319305287
4630429871797047312
1430297855984006263
2266881812086262067
4965149318993358800
2763579067760256704
8720050821291876739
3832512342687106274
6994652301472387234
5363332292553417689
4758475689793671147
8145614021035454959
3854565546089903078
900256490310656107
7103921004142100854
5713928860395277959
5638262186456560682
3692987941674153111
3186351201099435730
7975683339405514571
5249335827840852090
2583915812661378548
2509648709686829517
4247695264255101951
2105418667605743968
3114075581266835116
7717464146803241341
5544782442712901404
1384034328865265903
1888611015935235872
5032184787392945589
7516848592938944981
5848499226960394789
1678936180399993907
8464474244668636079
1590866235032533350
6399472619919230246
6734060179076677137
342485304639207674
8853727606421426604
2530816955170000188
8397259146201875379
4204029180274295000
8340962459460561736
4134149404937932827
5735433377764590009
2797906284080063324
2540406942107925019
6016614600368962078
1558400366539820688
6470905602818677897
8376906219353924812
2234916597974639721
7780562791877033072
3018183871090958418
6313403219118140685
1372257867303821196
7075328882530956587
8163212123392743474
5652049712079207664
5848077204824214587
848712161924892755
1410594495142951744
5307877806583313185
5165942777730038906
6011276555262278836
5265735180343658778
4458010326568626708
404305561500329774
7653823748760702186
912247459929751669
2886049421713889227
803206472191079879
7304422687960371029
1935867178577606572
8922760852923720608
524228010756315216
6956559899397524790
6341771877956949063
7044238583583528432
4806361060298635954
2791228184816915295
6344224779354981398
117018536053404843
6613972528198421198
5054549925798549943
2470470612291992227
357813952465803081
4709005325459486860
4054339037814475869
2889752523481585801
3554304225344175810
5757487896597048905
7352011108281511408
116105333679679376
4079093205925377692
6028118645238043297
6042738033644581189
1685865359316010128
5119988211846626449
7232054146462603050
4136586107680066993
1532764370156141867
2720111383273681064
732558354329943849
7318800631378754937
363557566943552949
3602312495019901737
852232190554007823
3007402019594502073
7058031950230533438
3877974837871526633
7261752588665620133
1534543559154017620
9110098756913338044
4870668236422348767
995130680090233138
6701460321436806243
8898283245277417996
4514863660295927266
2256538056109997173
1267164434172066363
1527812353015474258
6747855011918765040
2706577667943894097
5947855190359883998
6549724471474396497
7256076738645159649
4133373765974342547
6236007664757274215
5559100415570375975
3063931502204461897
1469081164265185888
4399296003611477782
8278208550689477579
1797768818033398243
1353789899179892478
87102296153641378
362528189879264589
5024793433511878230
3911254246828464304
8861757176668329154
9120288675831890990
2333159120824708093
7969544001300830015
7463543724127364349
7963631851943153254
3086279597388895605
4279208440450312870
3106325170600533836
5480616054632326060
2992329689795265973
7998780656438349667
8263053938838871497
8348612760293627680
7032885713113250625
8577691344397875891
6167178947504267242
6489863637700996167
8518947615372699935
6450986935282018647
8808142223411037094
4948807315304283843
6857628425193872926
6240780847176249390
4120350757233864638
3650794029683339392
4823436898386133110
6952862560838823068
6621420586308397735
7874577119795670200
1811130660474091192
6861913797588413635
7420993071475454740
3736823793847676733
4140739799417469844
1100932986701970173
2579165257460799194
3756207379995862468
7468263768945786391
2502714457426496988
5506126421508826407
9170859224445299111
3850714466766203341
5941334875982693613
1101729530733966611
8636174149361761215
4356039779387021327
7945076657690522139
5978265417114561681
1908576489481853704
8715727798122911623
8224456768806600589
5871707493011573776
5264792795750960124
2864976798350714136
6580178613522150692
6740008045704577026
5043841613251994303
1273751753251271634
5887173118688805578
7228030892056183958
6087534651806550082
1407461511598127468
318011712642036703
7913849493254942291
1262818606045096362
1346910012531348617
4025502365014496934
433132162285685057
8978947676539119957
5937641336965521633
282112963594698865
6568918306944430207
906550608135023557
4279809867685362215
5519329676879534278
4203822517068168427
4209041478461725032
4967609056779582430
4802131534699017311
9180944267225988583
6930698103864618257
177110776954586011
4407346933196956078
5432601866351611618
4125766926690999524
7592745639530785003
7815567251134075909
4732601273128551128
9213355735856985526
3245086443547495692
2456867951019459960
8707320599458634518
4992502043126695627
1567547146128153447
8729230883600130786
5894057411188357595
6368782962802953211
1501707632654991899
7599862832253350682
2800312096416084997
6520844703721437226
7988876503082305177
1972760386823567734
2984710161212535920
7738473675180936954
665862173829786588
8243083159425368146
4343776187522923261
