8448726966579964126
6763436488379365459
8474135303170997997
3091796086043110081
4641656895855276574
7026771928695367336
4304790300226028474
9171067881337761081
3678106111498106517
3261808332991856291
8988670516116871924
3261257477942944199
3811252289209914475
2283621677639135153
6122791616897687678
1419205339908258604
4429718993962647831
4791640070888775955
4131511959503423391
7397146082976943157
3394927160691169817
4159134043110797390
283041634918370836
1881479079157832302
930475201611509020
4195954737310231313
1709396436827917925
8063966302297334356
2073408115137786720
5521104817993284797
618906150670428496
6857777558822748761
2202858507880032393
250940328469180457
750265459001294983
3183029405526941862
9034287736430361720
6481858132876963170
3401768586118696967
7821731291981386952
6692234169454348519
937314922383654576
5347634942297926064
8734603491066515209
70121453640151694
8767732058294411784
8063866963400739328
2325566925029117181
3670017734288446109
8084006239681006947
2108779278439803126
674233026216297196
1470826347669919935
7746955192123477035
1346692402023755556
5560907757111388048
2276449208381366921
1891820965728378951
3119767805437458048
5635525357566009902
503672095921967270
6364842974072276445
5484429061197328589
1809350413404649886
3973864774456326015
7735413496348607934
1194715929790345080
9018250468499480467
1834508307366525848
3264724904023782354
7685754100904285818
6792930895264297025
4803145398306474927
4957949744538888566
8084426831563528555
8733146844952448538
246829944819228656
2762245180250373938
1953764402361412230
6556000522365057516
7924429826739462215
3933850960473697768
9183081787590962817
3331874922057070025
4075480623967651457
5545672157677351510
5493088126992923270
1266194234083542735
6768813061513478442
8989174843131870373
7194489522881753371
4147506076336832284
1449938048984445271
7176098010658736664
2787010598883426233
2054719446073512503
8426841235389721955
4952769045818607800
7991154307416482449
8395912964323534725
571774161868145035
132098167350925468
6052060985579480388
5146230548201652528
5852477585165832681
9093432775769437119
1857812195477769248
7787383837188726716
80462077407063204
5352639918634761051
2045128630097909216
4907084701912348977
4604906631864795960
4982979776922203116
7261946327306275270
8623062189491289276
8636799876557158804
4541015227363692539
7800146658859765952
8334614341532224166
5293165941603114425
3590507207466245527
2067006588834497627
7833554841691605597
8436038132443665053
609093007703538488
4890613507477572173
6044732409215986608
452155911033122294
8087477565484097369
5469403368837024339
1862688060830821936
5646793318992532297
2759317938431603816
3224607819275971472
204906031534503251
4310527407607908373
9166507454434132633
3974448862945506743
7046259823751645387
3339925835681540934
6722475181492646822
5420916670637508309
1604807972168743297
3686182143816077396
8049589527394433333
1523584703855862143
5388601132374647679
4224419795769316959
3088884136626403980
1115906855271639213
540957199933161590
7175315602190021393
8632915658013617550
8620954139241990996
4829626459479735672
8546612521913306197
5792506853191184086
4727608059745702387
959325571033740256
4501683364390526975
4860461518428843165
6528821889452921460
8058024262563736481
475592646278111708
1507308517714004148
6329373974939092779
8749089286329391564
4603473697001518442
361091857169662781
1600531546921438078
8907381453158736583
4719967846024859985
2717503211705600486
395503730520219152
5216420448477765874
711591983271823165
244638002933738153
8464306532928710481
6769675513302964951
8709010089462691046
4809907056082372967
6073778677148307858
2812627114340195672
5057989950004901551
4447017154687948180
8969174410926987953
8148055035146951930
3640874082330200769
8396016318263747022
6794197998866945959
5810607426601723341
2246370826049328153
387283005222176315
3922387127825432789
44271562957935473
6894834309176935498
607029461502997765
3392689677458892952
7512582615805581324
5815340449843820103
6215553410675393803
795629040918685851
9134571441052682976
5739959251190757159
7429717899258768823
3240346725869830717
2054085171406253330
1896168777403738554
3704225291146198236
7452766653921006489
2577623845436994856
950652038340796554
8553802670143301103
5413952762151154585
87359648028572429
7652928903513693543
7426276515422490061
3548105329580757901
2009696473879458773
2926705135720033991
7234414433752878259
4958032607267539857
6632351915739380210
2381668978714918093
4832215612980970195
2117180166133603752
3905613123036678209
8934551102850236112
5793159420196709555
6254059214563723821
763452869764110946
7590390255339207652
8359914579964807801
6482920638302833133
5965423143911906954
7165241932915693256
5196330289076367652
2799196746520816123
5107458739843961421
1920887274178987534
8068759533102165043
5660710119216602531
3654189132539352840
8771558535039402891
5049235264132183822
2141834779204171554
934211097740765238
2061282087651697484
6797732140174263985
4682683979661047911
2771569964328832043
7450336087484310494
8236834854304401779
4217444737626543950
4229094808255016301
784550303983740182
3219444478512340813
1438656627429966494
3830934948794291395
712111305545906970
582942223518821168
5171968084124625957
5041827215615854980
6343780522120928326
8721651215073886340
1139514317741589799
1737352926661252686
7117248339363513424
6432405628003984359
3926129527392475740
771794813843915961
8704632623862205818
6335983128258901838
7873568383227991136
2261784636390631538
1783861634548073432
7652140322465831033
6097889312718944298
3979542633470761028
8133289082194181917
6579619972237333780
8907520998314385989
3586326853037772704
3934686115286132598
6512251755838086418
4336642776732720781
2383805745295864700
3620854121007858670
3980823860200633438
7374248119027055524
3716433525690676095
8169075499364285294
2182383162183415263
530754400827286194
6818820416862503868
814093923583310659
1785887346789426822
4749955151570984232
8070553020732742979
6434865497536576930
3912661255610680570
4200401552030549240
8223364574391368777
8960932886979458890
2635302562187446982
1310109708126080702
6359669005568770236
2267919154107163141
6682591718622264923
3590137120195358115
412691737502780403
194923181961745285
3534705535642981622
3734917471449491294
6726116350853633947
863609250622278149
7165419949027882181
7291123331652981626
1960937896626335067
8732796835881163215
8773731881619297141
9122885857061021238
2617299833522914401
4408646420447993831
5165330356245213165
5505093094380004647
5167793493790667733
5824216007447351788
2732597867838158204
8484757188909346351
1180775133758293812
2828868269821143874
8102171697581873822
1486798307910723819
8698107937506204942
7312854142260000597
3547053231501899028
3366057145066240286
764321993031787988
1113996353237847001
6557439554114745539
7836920455997023467
3077661351732319785
5033584335625347195
698897996902599778
185522114473569185
7894292077216069509
5988272278804792782
5339162563834802416
5366823410747736687
4229069032658940785
7109318235589132706
5720985718240308284
2540622245561335741
4850833018419016467
1942731078815840532
9183329928325982866
5796681342926833158
4410392644886587109
8134542743705474147
6479100639324635996
1083595769489672946
5868020530128856218
7927727113142109494
8526811834193607396
890766881182290226
8665496135019850179
5471251124602574760
8886107694519261875
2980542533353592505
8942603538451394215
3309139679408927776
6096134692124692740
947454209227640662
4663960979079173619
9002952523896825667
4903057625574948485
6855622390088218115
1135965939839705001
5993267227749530922
2171435452196965280
8238875091042582334
7604014282528489352
1285824292731986384
1200840419635722743
4447334408962025277
1949630986496744631
7852425008041795776
2638126359392351477
1382408175763234993
5295387987872247290
5347654691893718956
2314022824850421143
3682153544244253490
3890782789040503509
7792925548178111555
6176732496799755085
3911692489369199871
1231080749235673801
2785108269557268384
1203904584901353092
3813695898433312169
74870766901763794
5013873741804144074
8131551983488906324
3157372305131430197
7446717103365711462
2439567012370823042
5736054898359231143
273244327160982034
6005055585342436016
1003013491177702363
5012084889114409382
6839099195206971783
610944249435726777
3744933507788222645
6900755283044811861
1685325635070196920
8743746674928964194
7152409980297830939
2827881092955517326
2110914495746404653
1643659002313293475
7287843674102978926
869576922299214321
113076903849666667
8306207141852639797
6749981600681763209
4731402123361645086
7911805818756730263
4426898905224867225
4122081616133116108
1929312691103802656
6990112804919769183
4350053979273133058
8676325732531892919
7149807256352315926
3610298005076587121
6474575375499099490
7520425678637248562
6288135190763009699
1262220473922557792
5533974815162685086
251484862962624642
2671536145560754158
3319781346227925130
7725163099782533188
8261373727454810210
4786879128566042226
7549864384500918841
7060614527001488431
5414101507151909844
1135431351070648793
4078333763140805958
5418213601222137430
5524997725923085791
8655886096755170924
1813271563418284518
1166269718696466534
7080289656602913952
5109326783960072186
2639705065091703481
1404532296205291899
687492364279495078
3604630684912305573
1412240965128242753
4853038795286795053
4926180379308119114
174387083145607572
727005245626056154
4852167533375372558
5239599777250224267
402036260864182278
6765388135250835169
516701591307532338
4864114684192679810
3202558915484109418
8470875797709089537
6100434832307784757
3446057368945446918
8754776411486776469
3699616797999128978
5593517888519147371
3056574188772173651
1843021417001872746
5461028953940887118
4847603099460765967
6204823322169179043
9049400726148848446
4357582647923367451
106638820937836623
2028598740110804570
7784879519209283279
3567657842745518044
7417629803576677216
4807220357605075680
5429777852308853365
3772085248620516497
6453651974082056868
652227776705906659
128631078048229519
3108490607021104745
2129821009742434838
8685071073812872541
5243123580220500951
2602706942750578400
6315307111210693876
4813812397635988317
3388814668024510424
7195345949662896246
7808666694396574802
3601452268227188027
6221068053362488060
7676537965898156164
3894391597175148630
2092264774524285677
7969916435614708493
155444195952787235
6662278939198286972
5626929505869738220
3252684751781734794
524107221344898460
7339241937217772811
6759514603573596388
785838388427605174
4040071463017069200
5537479802186673311
7899780407793219249
475382256245353420
3657816286033354416
8443999012865524162
8613715557998277480
4548531513730434091
2582302653907707713
5784601762752526852
9163247804304232604
6657166164261569009
8289631936321911778
5652077598201460879
5298098065874738251
2857018909948871797
2709647991575618951
943887058631509752
2857111187855500019
4064458818891936692
7166479433212937766
3023497135940443049
4139171087968381577
4019975959191584170
9012375228616844021
2865068627336857330
2199552743417289753
6348206497828043516
5290295923031796998
2226485271694530748
2359667425777714827
8735224288928189864
7840498721365222012
5583589538312363197
7937846255956443787
3279532429295742976
7764532453394257252
2484397981786705347
1137891097267169615
5917658419410514644
8374032196793942510
8883517174779091561
3292064312977716840
6481880229237051471
5596073232965713357
8625854172420734706
3406633122146701568
4956872916275838747
1640990118665956182
2198231364562238935
7603699458342775777
3326451317390993613
986455770895251066
8888867660760077719
5874223422975242123
3061744562377176192
8413940414335738631
5292211224587825920
1449132959272430916
4112558901813514807
1610347232329870116
4839151718489929364
2588257737014930852
8190667484835836333
3592399935626284982
8856917544608856600
2110671967219726198
5624652016602742680
6566144285625180964
3583578186361048718
4513343349129133741
4485843285529535351
1712870150949654081
7213795373184486690
4335215602892756830
6144790423208817638
3745754324352165327
6400876622442768848
5649398805623025961
21550077494132970
9077976553339557923
712153237635912137
6238172389030794593
6563617408576222786
6638849317545009109
8007714040921516860
7791093921727155324
5418786653463875475
6505135398597730812
2291654530640354176
6339469684724176076
4798882814887443311
3960155474845543977
3996774403683483660
954541718000428854
2887691858847704652
6758367903743061020
573170367855608710
9020709103547716740
2017458158237780289
3894759764362475633
5935549406252505558
9009967061529813857
2225772713734211368
1841436970629039360
6727156544538342178
8606347382196818422
620567143678616264
5319694904767194544
3157003884627459666
2165753311267365207
8546633263812537990
6161217356161580349
3093625389062322619
8916436463489030636
6221516583603869743
2845765063191427929
2791458232929178417
6201089634473581577
6710908265527624743
4694493947251303884
7639688378681989181
5601275901462828195
5127215429339975923
4414289079786687886
6925743843728369809
680325961279340977
4833762154295494442
4497002377226082461
2685520788476252635
6464648485354720491
3394603571171789510
1875073445852019939
5918160756631945212
473214141765445858
9199117410065551332
8199034116503739525
3658857384144601914
7187208953600626241
8467422497331177004
7949548182416431045
4185825640166220760
1032253726258004146
4053982572520664336
7986082910204404971
7885557263825525886
8966494245584281735
3979824199347613464
998783016546057751
5648204205799838017
3339595670925546148
3476255805853654084
5701110841898427541
7960517703437905124
3181294811049824220
1300621807079575789
5245829706456903873
520074271980210690
8767300765592809954
2956777893539114593
2344713374624691090
5540156985091658190
4544795209909424545
3704643258524409654
1009258168247106078
5760806259037848377
5066046795751539896
3422126070435978401
4094075327039060061
8879727557259883095
1409461808590388040
5258961160129956489
5017082998636046605
1563014952834111938
6258933115656600653
313620162710413634
6786121569435157589
7115275017291676410
156295914188699217
2889863886694822749
1101853618572561573
7561886966787914218
4482152146624058526
5505014681256597499
3072665767699192646
239403553387643994
6344636114413760801
154865837260242002
4852146991096960607
1342682551329620996
1663242696942670329
2296613493060533858
7578620847473103135
7924687978092721090
3484770839849960496
6299948017906309672
4186569281202555694
6963292224203301837
2378257717510405162
3990876129156899988
246673655748097151
148127667889144575
9008720808688382957
7592004314757583418
7266068901592000713
1025937659007173763
1775362726400005022
2747531127225710317
1930687156321282986
3091860976124825775
268637824834613460
6156895733116519417
5467318745743127509
7059034284120775050
7612356733718398869
8150788198584090586
379293114680110823
5037532653233964527
4795302950954729383
9214048640195731010
7448296084615827665
881941934077600295
7239176772800179160
1061659317975412311
4807366887652852715
2933685904670391125
4926652322847442282
4969642072801309061
4920005507006648340
7924036593768445937
8682402025145551351
4172481044043812864
2383978616935034336
3412972519276132703
4257146720619607709
5602405424556394231
4655655148773808310
3680823132981897840
5899145674129020709
6756206799856506957
8744205090243023535
8069341207136045019
3054719285150744573
2112670210203221332
4264430078017814038
4247677894898628205
7960960491796061016
6981601751644999438
8877720364377621083
7711964304022623187
2490912866912097619
1062230583879534811
4927132996524461726
7322674788775438385
9032810322916294362
5209316128156207469
8605235116502276298
7906937932934719411
8053304697330312955
2842386764301122700
3767371529810677203
7162176018506071402
8704298653257521597
8166043451672593535
1559171513100128357
5213434145957688786
1885924057031459344
5372731879941950365
2177367750073910916
4164981303675099229
6511886218626744025
4330340565585766539
6596445815029328515
6286442289066397353
5924762807408849626
2598795498763876230
519653819203288893
1329278558355514106
9051028474368521927
2783033198602394624
2837742092681239607
8397643103751527816
2776783136573144847
735504808368142647
6568365568459476177
4806219150657893129
3858423460605453894
8538444791744568968
4911104081355125127
4605816768979357505
4648112349777707988
1086505804921730700
6642082664328931548
8117131471553734320
2353927769228968344
329751813264760354
4107335607220156599
7441932095275761756
1067973105904571583
5747658072998047654
8357902971707502289
8217001058751830989
237527668592633199
7317700033045254684
6144204167812794266
998795663225364297
1192433114438557584
831654385235271731
7185145552332421185
7475711519389717556
8277557401983414902
7391950311830893436
6681111289174625590
6741050415278374354
8020059717889123554
551612914425774165
3223931336294182617
3537943129026630805
4598812424642326550
6205829868667517691
840959619265024360
3561877392844943716
1043618860809628170
4041037540704602500
6980640449930346453
534642269079878149
4714730888037485733
8016058202179413677
3995955660117941430
1251850465132660307
2866571327907314097
6131816938933478827
6884128866142346850
9060683319814180610
3852614535939555335
6805702474641474802
3196390256236076826
4376950239610025164
2852989986266421605
3549328594649692692
232214928542258267
7278255591171087934
4166520409879869886
461939396398983890
304298464290614523
8056650673070582407
6712074551403597222
5474729920634346629
7882143349870070324
1639630626860902943
3609910213591977399
352156296160725893
793344891338048931
8559237140346987933
7048136365894813975
4888368735404009921
8825402044966854324
8422710952093082541
6436482326532572085
4665611197591323814
174957250079860695
5415052443937136921
8871274502877687956
6023618646183786257
8385209667925216015
7894841590131676575
1285654122666794270
5291184494733149635
5271497604143569352
1155849987896143882
4553994228056242148
7171585185719996456
5733891683928456384
2840463226871985119
8117932568435920821
317349425502324243
9044593130596715236
2655530894212350019
8513043891327769000
4132930496913026846
8691120164411359243
2531188365448995666
7069665140238140236
6366154863297914447
7546625801349130959
5898778206286263431
5728927951249769601
1003174134760335530
3357813552317864171
5113684217298591070
250677914696667532
567854717814163884
7123600003030405146
4889417129213049169
1951021877470194995
112821336057543681
2629959743338834062
5277898330408966035
4867791755901476182
7971449292932322603
6794700050921829509
4006427176252469868
2235880633240773968
6364162305560965921
6011903404694703911
6283719866300013770
1860119076022382569
5978307236145450505
5143538867001443257
4799878087096315505
6391455251982760118
6448594105655196784
424825594234695008
1555044415382799111
3064625300893318774
2519052034168727965
3528718473172093470
6075565015609629760
2209238458472649106
3109179353795746213
4744146192379401452
2112779369783904752
2982271723059807748
1953144090067793807
6553917157585973869
1511323140668998928
8659415700340504902
3366816925523393405
9194913884295645298
2010729948406920847
5859236835815013106
4910752139485770833
7185846926198055378
230659573359047988
2037770666477190666
7085417455470760286
8555476276943426121
2951989247062946610
5720764150509055435
1639356101823597246
7832518715322565510
3005246033889758400
6135456159729743283
2493057578080060986
1903609653404036899
3721438074923380291
866454750172943526
7149699996838890879
8979116297730263813
3034000657182956541
6778010674956162477
3136838447542291722
2609095388291441156
4410993297981489349
4434649622057831150
5429606355851699188
945603623480995310
2852246254741242505
5142461178962592479
3976886467647203108
1290831777099947003
1622042181991715721
3514118003526586276
678745751130476855
677255738734247402
8864445140205089519
9125528397728443833
7932105248811985773
8249579004403054303
2815622252389575662
378046546740877506
3760665893273640155
62892080174371470
5594328347641816107
