7277923145592727487
379516403128708167
1521911462644709024
3893203235403631154
383552488591804525
5482078611895360629
2790534599822973369
6759702817605284566
3106122531478641273
7084591645023194879
5871585910734925258
4483843180723983182
2260244962382646089
6540369199115922135
5336529084553665139
8851786614841717183
500734954535103393
3657133498512586787
6220528100380541948
8962543699075022911
4974614324082302010
7355916640943090405
8584288537838587063
666794057900953537
33068016662443990
1287876293539802847
6872612064239187179
9180451216843112529
421685731369188076
7661007435250707878
4715710082162885446
6585424515985645140
4170509601383651240
2220182345507386019
8690390141230128043
7521806844830725889
9115881052571950569
2789471603304412534
3333007030415070992
2670527988545778730
5933255516602477396
4845312017069170748
1592204423424407146
2389361995556748143
6892168846050187604
8894328977533293406
6208245997647103281
8992915039036350436
5974549446589039957
4219070926267523634
4262137127827999028
9137568776579425504
1963134774842582418
2871051069115671159
3837596602791346169
4891672675876515037
173355049033142853
9057628213917351474
5946364437602840136
3928419232490317289
6558216100145251469
5979668884405720213
6495851461623319951
4740167763948082684
3920117863578018193
4412570420714400329
1818594282686780482
7235840261598929142
6494659399952835061
5257205402692672348
6722028601623714026
8355849814224348146
2712933362777341404
1260519190314729268
3642035142379771955
8971092224616863160
8542279932355708065
331019185939483075
1533413976792651332
4565771299509881160
4938816508026576599
2274847531302542181
310965740028023740
557833806594345358
7019000490670548959
5642755342111111023
4045322280057766799
5628012639628034395
3770438390528038567
8910157732402331028
4376004438989627121
7473463794223541183
8042400166660416811
7469417709914923235
3944321326068150070
227103988007886669
6313115510243699223
5399560721915524573
1692401846597898037
7696317361621999179
1899510741448141349
3106254715197013423
5912268616594347781
2830944562719590190
9096307342819519930
1126656513773455536
3282834703422797206
5475339151525442520
6501038329724774180
792473784419581356
3682019980233760512
6562110666677370539
2278408348314043136
6053134624566408925
5611661490075437350
4895752864130935506
8258357094293428178
3124116760953377276
618062685329077414
1312786097640790656
5297202559738617004
8113037859698298571
8287511227445284179
8672640158009746662
4638591974579713137
1276114609249688905
2077621491017091605
5200674386985344337
3374196385295060319
2747133902006794486
3013736252515633397
942330472948288481
451092675555978135
8099171592566300058
2878981780311177231
731534176156574371
241471446301572743
1948252741134064096
6131117392431799681
3946503122459394189
5748197778602169913
4572857420647127775
4036411670168199700
1801490859674857470
5400792657964471324
2577812444077550053
6398950488443950925
6800534306227233497
4618382445102532803
8895476699591540838
2976023167132456899
97312278600103623
2817865899240424958
9065268919013631091
7690106696523649335
3775313854429031040
3736593894334760859
3440106597059724520
5728159717465400684
722387405508879623
4519023985413975628
2856932692181583598
3948253948750432869
4475512032367365192
7353383684455813578
5501646313201358890
413203454947835434
6586001201135970422
438063123394621575
3957026143590825877
2005413550724767770
5845434493961718837
8863128096666772548
1033575907158013109
4435466546116430494
5446216897066996765
6538638491746177619
5036256126553281703
8867152727195337244
5164748533614008815
3632985743173419062
8868815197782370269
4015373921968693884
5783769044687303121
5659643249711128435
5278187905348078059
3353176747126454903
4967680907905824696
6905920570755556850
7302973191635654616
1459478156909044579
5064907836123120819
9193414492725528733
6417510646766203523
3773758385259944601
3803272588203255057
3084088420424305314
6912778859051030730
6972733776221460789
523452680240191179
4806119811138182713
1619094804820896161
2511088162939428265
4007974489065636359
2007576804884212630
759363043849231567
3370623075309107435
1632729424400689235
6447335766777418686
4073585110194666763
1633385103301453342
7359999807740951635
3205272465603799843
4225768220764293082
4592355756515422831
1782612098045887457
1396017510129504884
1332559820376796713
2346394184641221304
427032148215960374
481273480292408024
8654270389358809932
1895743363051365622
859978680199880579
734481282948809142
1051197341733635882
626065409149095889
1921371385594918091
1904187418663811608
3739966790940961123
3282851853418669260
4232819814389007501
8530415878737167372
3255692875887989750
7573961250495313493
5897745818289340891
6299063944654300208
7036218760578509796
4421580299960507047
7437824485998071912
8854760232586741914
39060944921836835
1348073223334693485
2601808211338497565
2432931059593383285
1529555785762587243
5959076408302697025
5795080239537487721
7659749466480213917
5780230623908764140
4161479644996713878
4661343668980475583
3128559554681357912
3121451077168802352
6448583669137832337
7711571794405504656
2155570918483941504
7643473197942190963
8298457536712550519
3919074640079820168
9106696436637237845
6254533510917263403
6930189401298066627
3714292064578152598
1929735872693405210
4951015463476696352
6736309195818865128
749838672023386812
2293248619360433187
3798028596267994644
4407924703728986345
6001567848699073737
3089431516267548563
6078020999697775961
1630099552617175587
3192263630773931751
2559624917770476225
480539881584466436
4910389938327174969
6025299225553480641
1402432723902958399
4956655233733280045
310065434678561648
6166801663240692570
6744895435286521523
4218419592256095532
4542726389101603445
7551187365093896086
3453221298303581098
2942484759901878115
4112393803653530557
4754216765840767686
3710942722166999534
2713029853696831917
6341169196658477799
2702148819133052021
5363426208092579838
2602338156991757176
8799365406618901909
8329629481711757243
2917609023527045424
11288125891964538
3708758960501994412
6590271870338304420
6214931308735806458
2495953410281376257
2123330052079496749
7932521070466265444
1952913643485802918
701652819409319759
7917533646852350188
830621236253876727
838398279208751499
1350593095422608268
286843182101143458
5841517368292453568
9115090493135150509
5117186638890208799
8605527862470155103
8258805696729424560
7139877655588173774
8163790595592509720
7948426003001081883
8592606608866975661
5435726815719097624
3880501927825052886
6352003981155048698
371089956029487237
6389094580622883129
7359970310284573306
6066483148485655475
4059822839909401524
2430731010016973534
3545935544859655258
6306248171905541823
4318990697312662192
7929369953980497090
7914792774062356951
4835862233891781129
7030524047073078113
1510392973978545996
245262131660838471
3989111027645158705
5530262988670332754
4459996436862123681
2935462773775597876
3118458211236729868
1168532618829492600
3937010715394040517
3984559419062498573
5271367710378262136
19508638621006834
1777924663711445075
2188650396478600691
6065638496498921258
9122424073087799294
8165028653185658760
8717145116035279676
2594036823819994360
7084361108862908338
6475051539800734078
479179671097303636
1063144940144924957
4861951531954837173
3138419788172431777
9086045852081227271
7615509184633010912
5404875723542022821
8198830848835312529
447980419037566766
6126564652560339841
7900431028603389971
7122912742270393359
1812418123646899909
7823680644598681430
8893131347679096189
4885331049780087096
7104631844876666995
7200467797747398960
4792635191840346150
8129610419077391379
7979105655359847772
3710611843178400121
5803891595962432090
1305889672796742578
8130365017919921050
6677292476596782387
1527526638396823112
7508414466169916087
1293887435401595672
4579716948104186892
3153910649222758202
5262010268107557215
9972680425262638
5602535610630772810
1688688495333568523
1938298629292114029
4929636179377712287
1697051074388237383
7646635253956651772
1877850608776374536
8329091162988887143
2767455800460545231
8353089815572292830
3042645560817669725
5178459402460950547
548038181960872774
9023475705949522720
8656392546299704048
2736722013992091819
6407279794441631932
4149188787955247457
3728626949286305989
2128278563788903133
4156474503012823524
2603156991257298155
5791498645135518000
572016669091166406
2291033560037389462
3179279485463425074
1282459645158071018
1249757587156392324
2149182543005217627
8865054562891879003
167215611628477439
180446025853132891
6200118940695220167
1017245966776743072
43740928620858460
7836625187961724936
630895552222540588
3954732055099694623
8523200498321050706
2292745060514341389
6814768183279858221
1222760573137295242
3351717099756032692
5611568648374835438
7850419804084973016
3846531096334552103
3998898146178637204
5978442228293364907
3438531081779449260
9071892889615823486
1397500584941164146
5114783268340707396
3592353664849454687
9153063759732569398
5227574736742434017
3646970329274388335
6822465510080641882
2161765912644247887
6656290463775352827
3600543026996333124
8335249371176816764
5850743915907599599
189122778157632105
6764961635928381593
1204733639650788392
4955417772568007919
9136581380777421962
3848139163211314580
2842475368533924657
1441101230771065453
99682723455646683
2141222087114804172
2690306073854594637
3802256856541676013
3563250520687343414
589150625242908731
7079213101957871793
4987390398262670985
1095613784543847790
7326432091319419676
6914333163866368493
4244688515193866830
337738646166689199
2208772171740294747
1798156749689964207
8768421467581430202
2420517593470129864
6116714784265685795
2055803733847978384
3370230043115421427
8302650204599540527
487252401149081118
7691970182442030012
7871674895083799716
4826101644751738092
4612849527123564478
744282910626787587
4772314652400092149
6376645959363618225
5495212786312158584
6575822214497570549
8846396002821246101
5587808401412599412
6398581112724563877
6625288733930228478
6998954234210977195
6838955051249096474
3996346589854452365
3716732224443574116
5038918792399664982
8646597276760887081
5704814314470449303
8872759879331018149
5186174216991462280
8929634045556230218
3267799309977884375
4324174969931988241
6923225875264311889
1331369191096351725
3472890366906070019
4992845554457638612
6790884971862123981
9042775246687776833
3211433407473372974
2740228172649894696
9119228574652158740
4825847526249678874
5780666535159414507
563447940910386586
1035054240766158405
6243441783460438473
7572233023023413973
1417678609632104879
2040930149281167305
902863223346070595
4082606494864694004
5517345870441677325
9068506171997199754
606510668194667473
5372611518967680490
3813882407098471820
6746498989032898346
7634563180088958929
2245847944026193808
8959587483101263794
8655181526546102195
6281929670362997772
3488011030841159282
8511494591467294506
381887348727096399
1160360883214636799
5857885211527398930
7041810454524933329
7146192294585743228
4247507833190556153
3260711354484479848
3518335137774340563
8739011268542020023
6132671902482456604
3525072128242226597
3867026696890511006
3214419166706431205
8616112332456181052
8307921851681229628
3687696139379722777
8500132494677818399
5801765619517794865
1091980180511363459
564659826316250355
4302541188169717464
7323563566938215750
5087923385404404562
9170641027969252272
1268145849850343671
6571889239464653789
6200035116729921461
6457900177137795005
3085832285507855384
1607196434616637945
2481993945742766687
2748429737726837423
5367780990540586392
1665677866574044854
3113360302794214870
1777258488502143381
2397483714641022839
5241696627372246427
874392617259979545
2022945070673335577
4305093742207287059
4104363912397076203
2486012616160604900
6902522644577308692
2265509286194900978
8078242366337741071
1630475367077923213
5887979432233003762
4080109401814076334
7378288960914669710
1924953525260809458
1623471163826065498
4329449698181229233
9108152830888886739
7793871181394940085
3481318045188768021
3129027671110583345
6511874934069919625
7005633485087913209
6498766651424293406
7551517076857935218
4284582454786760957
4270628295185894218
1102271956422374398
4360799280643493502
4698507100441370359
227909379770430306
2584623972611212297
5219414722483585654
3289230622113662934
4300927573801519365
7004964949266123037
7095233559123799978
3391482596838751825
1108210310742273131
7419305954499581058
5378703173619375957
7708901817945414735
50167763092929848
3612973997049439948
5772102664913365529
3676642137133593621
7998452764091987023
1927822058698847794
1816880783726447460
7254968677176113891
7525945154169470015
160567137081457405
2627104840482438350
8372237402402711185
4124291567185145449
436258851085640357
1484830671514113033
3299586930350769243
7854129870335317223
6448098331212096603
2562646749161886344
7625058069049408840
7665848953210664764
7969787263868292655
6019073668277514602
1466530595053026697
1232547735830688543
4482946112192678639
4533564124346383018
4515071327893491129
6477535473204494242
270621803578639330
4869264606942810756
4463592132518863748
5114484379869718852
7748648657541422400
461789252912664270
799590485375179916
5568026800624741606
8044561757644570746
8640427251439364805
4398577707512494271
2122639032106486448
6185560111278110709
4753071997137329745
2988166826285333868
1985002668855621543
3938391912915579927
2937379673921248471
7668357379739288736
8434150090915433980
446431906471019163
5617168937966255576
2835833637816276293
3696444891463155018
6341559387733040477
38743163558604484
4386923181410189370
541302125586607943
4310937179830522885
3260971544738214178
1060622859409476180
3075055651824700195
2484442201754179171
5726187689942564189
4480207973894730532
5262040926078957321
6694049863298784293
9095291011039400123
4878004522559840336
6102464385163541740
1129850475685511764
86662013853162613
8822034827574536097
5327781925215837817
6877770226784426719
5919620933533256194
8551840258439434223
4543220050618104560
7653909820076674074
5019147070500861170
8486663676691666307
3988062254689008530
8063729175969611605
6944011062466239811
130920740160443388
992230308064172935
765690385281564760
8714278924727999570
4329015288334308665
40613679495604665
8442513211094425628
7723355110049717138
4973187610108007639
7281732849601434410
2230409342964031619
716197374649447632
640994637180629034
5079520565174924658
2453521898163302127
5870762013163497823
5982826347444202515
1615864189963095559
8542723193405323841
5857450567519294252
5285882673597625163
7274353149104430241
4913329124637123780
4409079894060657960
4740409738751122362
8476634005602916284
6214229757083352447
5843325614230501529
6231532381817696824
1990830834939737759
9048813550196658917
6216671753828984976
4188235132777859939
3113418975971280080
3083552560063092653
3141398749410572772
2678056412253200263
6442232300998520645
1320684801399483102
7320684548259444536
6935643139396735081
7226731176975647471
2049563176924038057
3439158905613762598
8817545935840994605
4374150316334888899
4010263031415152217
7198949407654435531
2122861874804204447
8819468081914080789
3693877053638143484
6674186178950511187
3042334705852186457
2055301334877221618
584564679749184741
1286464044827679162
7713571777242654999
3292836304420611619
8388163381552595518
4480876804961548446
8212421249459816669
2881433639974243101
6217600191821038207
1871474163056770369
2479956658148053891
312690313308256473
1650721108237153261
4755300381531266248
3277228510557560277
7252158506196931908
1358975754135646979
4154795347838195691
8995944935990490859
1428638790630879043
2326876771577392332
8512515939143014889
6219750124149475389
4141728554817884904
8714016207044881140
1639441424823390052
2736109964962817784
975149881436913161
8637638900520078834
8625831297631057674
6436328132789718442
3834777131801694909
8995202452160676095
8399871422361023131
5174044443145460991
8179024273376133777
1524975406210463395
7469368511665943436
8338027432401813021
7702919940369483052
3413768822291758984
1387721065502857804
8458440796047370828
4676621608606015196
7885879083067949061
8601434290865982639
6757912994193454676
7579244444416128262
5896064199207871669
8620002218236654533
8365593793853794507
922279306173611386
6253822433091830167
1743792251130700616
191172533540557954
429180708817329399
5120740455241848517
5735458321389937384
4455472458921763162
2793745986516090141
3994512982413574757
1023710883273957364
2148588478495260502
8839863589705978984
5043323452530367305
4914352647903845447
848199052064040928
8479066087123677908
3952104276458186971
4348300177182919030
2645317519210465329
1288483658652770866
9167900531881110207
4422177422328531919
327957799556678473
6427831028666890754
3013351566106281550
2468847244980061963
8042507979110678587
1383043383502109202
97371162938636255
8477684869851643836
4523838725738333421
4922478453105191474
2874408898164486544
3533592084937319405
898679009231589372
6028776734577144992
696446394886062791
2379817933458803529
5406841935462423227
3013751089908738339
5715168514132712435
4210189548095526666
3927039500403610082
1977400998820167644
6669472856797467266
459322500298773686
861952329261275391
8265843557393790081
7147356285141080483
807710162403890796
5386960363363703330
5303453998620797600
118675124628652061
8043550350716945266
2500210562901491489
6453374460772444421
5844028165340629626
1506795563608527535
1360611172243716828
6814970195332177558
2284791209118316875
5411053917882173231
8080043134587279697
4024812093034008945
7755472157111300021
8792015270784726593
2126173636271154054
8692507158515747302
1048824107030192147
4191703472689922961
1215448243486493655
6328606653058545946
3420173010544362057
5144248890381688522
5699954604068052090
8199620560440837903
1102854762500224198
8407397673169081436
2828516756002304215
3701548031517313473
7275011973982965701
4940829352931326773
373750729020695681
3028256170192242372
7601355128186825934
7066195295353021046
8714587424815243644
7789035940787124178
3529297493077978901
5638764780865847328
4529910637423279377
4372765836979815882
1004721936447746228
5523993345174037243
5229442997474195526
7948230772166837286
3230549012042126884
3353867874612685781
1496118797406077571
7008345890852763655
5221029703818845835
3439657603093127253
5058600159443262601
525016084274129781
6374997986822154400
699328870499319765
6720726487686834361
160692205050601077
2063168972084565270
5321344391401430138
5884157219768991286
4801914509994634587
3095680804642172002
162340259859014031
763079208978243747
3845747958134243043
4149918039744367604
5665154276274820366
8625579848505173990
8748016488376261799
4937261372636941459
4256916536508892562
3297557142409641883
1527209651812767161
2493728988135973685
3351282655046218030
2889670270567127243
9054649974770989343
6044825508765023067
6369122922932553461
6483315218780903729
4751233514790054751
3529768751373320364
8375801860451516253
4308589675173836719
7671695871708057422
1503596901681457323
7851952361711586473
284005295219442955
8376034209055348075
6071565114256940697
8770933616692646566
6196434318513812054
4179081070646206048
4243588270654192795
6421452917148219688
487375072150286954
528203647418216860
5281549564699964155
8471974527010229368
2060569370663225006
1720270982203985786
6001516421396565226
71507092016394716
8803807129888442289
2192699614539754649
3188770997223970347
4129449729730384989
6398800604630559830
391613161729583372
181799545718165925
1568957571394330043
4881820885727312633
6878800824469901411
169565941376255543
7039187987950148326
7391991481503806577
6257485392720783229
8892661336667562906
7888603127551958119
1303325011520123671
2929323896078214287
8933745027174700854
4104472224019736916
5604614918071608325
2950283371000630791
2850996004587004752
1136647725186647190
8695303030009295404
4351606480359029155
1660040124282580940
3759411570960044705
4777754994228643065
3436746787186209094
3143390828359918671
6827765622720464120
7151338002920889924
642227584847036247
1204891761472412635
951967355889905187
