4398742012054749225
2139194143955201796
7899437678232032113
1014852390927978327
6800611808572906621
5243105521165163447
716332926625206700
1634931811902934478
524073110619439178
8223781626009122145
2888352481468531503
5662115106077108240
7174898026544930341
4471346676267072345
7485526415679895373
8579677962722565428
8526044450037174526
9205701693540387956
3266171024793790477
135198367058906891
1587157747260489723
7159558826396439478
4959932089434280610
8444774858929202837
854294374617213574
8603348193281138949
4543689706092958539
40218307588965130
5247506079892211619
4000437552103057885
8597628107325020441
808320370548825686
7542965972525919502
7044206063280447709
8738444833631367603
5269439055938466565
272192183171859187
1755638421072873569
1084487212142567408
9008012868457234033
3832618366794266401
3615108733566407655
848404421293626403
7685801125816466949
252363547070318284
2755934328125613173
1721966959592743560
9215659136787094469
6582938784562331227
3328724999042526759
2569894317536623269
6769352174284037983
2918650508355348611
4044663247403532589
4647332697313959856
1678935858316602247
6688739246921884773
2737663643973658294
396846233689896734
5541944950232981247
7830825570073264294
8062643907344893055
1619497547074717086
7658595941534723867
7969092504032156636
2215845280781845877
2158911135027047309
2583418793408821299
2747399005311612292
2720967442831546581
304762264302905897
8357543923374265734
596294562534523728
5345362938729516103
6790935372744478211
4643106935277106091
1473181158837515995
2394742190405601113
2014544117300729701
203013611379067619
3140608014584203610
749099017366088081
798578700671955492
2103552265957349386
3874907771418452285
8315498702823872302
3249237766888855874
1075262856834341865
4341519514980779680
2920989619099337271
1478233854180849660
1721937135064610695
6934693021281498289
1028702480415826265
3012578807493479639
4106234897011967647
8257855951450113103
6320998744777696443
5056801336297100564
6258629527758726073
7783663492085615365
8430932950052863297
6247141696322768588
1620852296926177465
3086972938823767358
4262944583542524788
1133468463687271714
3425705966944289049
7533748864016787570
6829706314132093803
3652860408272193687
8432775679073509351
2648411108986241416
7225243502807604142
5437050542326525616
8050432110886808501
6326608069162390893
3196183193790819934
4776584350205010635
2537758665884161359
6475295617542704871
2769950358089883657
1404412689382134001
7687766705697746711
4560050362341282717
8293388042359021630
6096906242615796196
8329575048661691191
1740908883509698976
6303851786568735814
7439642892863891279
2930804901206317394
7996879428166411104
8757152798007299668
7074822584236116743
2760515532326005393
2384115097121618507
5012675332775281040
5580734279612337481
961570209530352448
3542522011959984325
6175244487015949435
8234733248642875819
6241163261719453663
1248010531065025773
715354257903396780
9132067542141230325
7014890577469311459
2150653395853580693
3048300373193996651
3369624632287051553
8264945983098372641
1621661286726539527
5644368607907024440
2035864240035499117
2702830608984543434
5735415219319397216
7866830364502011263
2106336288202503624
8764557184043221714
1733153174495015204
2439315358436445320
5317791089940911774
5888309846073238577
6324230432879588739
2685311022792904652
3936064049041044853
6347927074455020641
1414914254927632379
7724062784139858929
8173511720369235956
8071330148584667659
7183026766507767376
1757017974630773461
8367110637149454855
7527486803293383699
5196867725642850223
3184333784652627152
4464173474022377356
7407178723592556690
8285034108152809528
2273334361750112874
985045073820509651
7127577719476662943
9059461778049936044
103837976505394567
5217823610449562750
6279103297582460195
3111181632716479774
3697500540639289979
6485177776804506804
2369601044095112290
1404099534994081720
1443217706125013600
7161972635630242051
4814904712201687643
6373122240549165261
6567411580275571633
9000194734849888251
5058113248899184652
4854553473747944613
5412157532060694400
2813252209631722176
2741500288141151504
3586914994290800536
6346899511607513708
5467138610667573928
5187886184015069708
8204224782638118761
3819442500251793551
8639043646771628058
2769043231214124320
7287714242433666204
2112075504665083918
3461212491426993388
4362602379754210833
1874508507786928188
2508479936632057570
9082832530305629846
1176159132489952585
9128420055793899896
276960527712487192
8890128418788666138
6224085584723769733
2862994047899714568
3035624410305952873
5807799368307769820
5789902759619204056
7010226354820028708
2760851032016734537
2687234538048836734
297260668675060028
7512403863764194092
4711404046743411983
8724045512308185852
2813598607829837941
7894669811143021158
6903983469166485956
9017284365427151477
2970743209835044058
2527481886497352440
4078449833281298595
484560825144170539
5100197742333610139
2483823478959540846
1211244937042403968
5975759273839063462
6419949938044336875
1609589407104899551
8817753351852926541
3180615565241792454
5605330480483171137
2326005369481995662
3114128746553409027
5050107681306027105
7890422939226839324
4874385308747480994
4829813702186258475
5847258108419178406
6769659678214290708
6129527507636565499
2012875821522912136
2250498414941778526
5436785684657582905
7757426555421201931
3840153571065456087
3045535783666744282
8835760448722241214
6602440743580323113
5851725733987301797
9166617288408186074
1751326795798614548
6265885576118741943
2355027620795298361
1570377173413502695
9195985822539125909
6750421028165690073
8288022446958088864
6709400561048856927
3698402492008036451
5089321772651651564
8737523791675232129
4101193467394792386
2043094007713636727
8747489560574672558
4937207088383225752
1689517500247786943
213600904988393134
8238224407839062198
9058167194420957592
4620045944600982441
1984040102291901310
1892098545405466998
3278010703678478948
4095906615326013998
1976507481043207172
3229628381676482318
8881551749896696563
5690902654971529701
3640733174917004591
7830015698057379878
8901384163692918834
8402213862210325810
1033853411022825726
4282489025551710517
1668369030601497580
504147813588910244
2934335638820667780
6749721295454564122
4508581480651947919
7188098072994951068
7991407948613480712
3669284228342471462
1733837905559345151
8905085624860482689
3299933540831758472
5547523555921167860
1786252828021339510
5907137519975634487
6687205028523994621
2840141293176850092
3576042089372480893
2971743447558434837
9181436193351732660
1760097808127216810
8651937576690398141
6756133613672433035
4709703074627886750
2427902438657720990
1792328713137905312
3336717006960267707
6412707131580749432
6507962298890311777
3073700755103213516
403002627301396751
1765839011218430032
2011410283600193155
8997706711627831943
6187550060299666671
8771769055521948230
4649095932060994106
1452623693799545123
8867683494478826830
1011050193548149722
6298413795381524050
175386043313680422
3576403632400628300
7193813318762979208
2662440873102829814
3363577161621859256
5939332419638258001
8634866785719412501
7941175805320465686
2136294073171133201
5433263231257259450
4288292946685027954
4578849255194881565
305787732503860765
3780138779700862737
4712088644798839101
157378350621781423
2040688029799576769
8523487362788454158
2711877572100593735
4493774019876258038
2048709789602810948
80957238507626370
7176118947086348844
7119184057630321342
8121004303999901638
2487380509309055646
8939972532625446771
79721673426101526
4437061890517127166
8891506809237028643
4899318898434594617
5161710926224503283
7554274607551253291
3762614516055551905
4084922795836636963
4629940153409203727
336823632746144012
7296191881860797337
5210187159557314245
1757841412579328097
261125216944842279
63433400929652691
8225916095469653789
8074826415087736064
7731010936084866221
8037174913139762668
105054745167056164
8335195511232317532
1742089594161507099
1506800421058962455
6957632292262334593
2117549293156695560
8945999989110837821
7657630092339840263
4467770215947836532
1604612248632894689
3666553884972077304
8340710352755178116
7074423683442671840
1970639092391586264
2924671694582175104
8983206203390978287
1115845522659024997
7414640913708151740
8277629218553815671
789085857190297851
1777921897095943092
1886552293352918346
3824211527527278823
2218339535677999556
1672847912831651689
9187851268165879921
3895674623582146404
3213196947909607598
1012730883141760070
2851620923401795141
8935869696164338711
6140876170082378162
4906052228827974574
6913005806901588805
2516879749014048221
7260306688921922928
3654737420502397870
3528812338580643599
4442024210279168642
50324397606987316
2286138960021925192
5699361367344061922
3489736695718857654
5481825850976373780
6650083004744351632
3065434856861287670
1847417204749266726
2224011145627372006
905960024875610435
5858509166783118394
5775299410874267088
6711155302501549822
3732159387404549387
2471762964510520590
1982398973671091378
4344531342571537342
2087010466662076815
2927795928786175543
5878201084863277073
2659126410794443150
4768126744183973231
6494397072857473258
4904975732341700418
5253988995998113718
2463344613516582079
4657370830786716673
2568816431180353757
94350104445236954
7622866528177238275
1943637631271406279
1095461149863110086
3826235719597346898
5729308047980002600
8853168136733744155
4420312666523199345
5407177338951889556
1563442657184838999
870277946230189151
1851814969276652546
4426401464941049747
355669141509123471
6710157374426650329
2389574588341110618
2315113342400832023
66062077575712564
3278100373012211098
8721366992342105893
5702876448688792616
3331082821689222061
1921759874366682063
3368051452517267788
5187155788304329830
7037859688878698144
3414717887033955642
8920007117988886720
5050041182894217372
3596753513038344340
6279467133658593869
6920394578875556624
6794308360134355308
3552659504779790258
186305154807362811
8381075588442974934
543323340329230241
5257021051754192803
8318202800276562314
5203706706846485357
2106825605252017658
2360765323293994101
8713137829047796886
2457442039182483306
7652355173980037829
7141490007291538755
2224684558596411435
4344203076039384456
6289049630864102602
6902268881912033292
1319047581737497839
3043200650823245587
2549138817980840188
671675027772449313
1797947628828084057
2963516701480967441
5344462357007454892
7872724359291450546
497299717429701293
4115947982420353418
1033886671394180553
3449440879266612722
6222201320600261520
1271538031209454723
4019000584070011770
2782895449368535088
2084252961236814051
3450801337500978645
4098691191052900274
1838118786682156005
2144902886251781739
4595792292257766463
1861792139859048754
1238348605831759491
2305420232641904246
3392164763494033318
6819363039747428028
8443797515424139690
1572772996515245169
4398313053600613328
2632270202487331479
1935549944719374098
5844843764334174549
4533052955208773014
6147212389670582416
7054500528836297744
6533394634428401337
7738266676011089585
821849912469741749
1188646988648706266
528789175120183597
7657782948608855032
1031253356983233994
4199982471345985984
1016055033320434633
5703163907914395998
6455804192925222408
8191800316973886965
2126618362533826853
8544014061212559778
6538273989893829374
167532626135568729
4998690133698376178
6785088795421118983
6151314473342379246
8697911753511921943
504657853566668256
7978096428331791374
5463004236355764873
6422117950707850391
3687397669610246788
8707991332505158170
6253531739723736449
1611893349266828113
6351872679863570454
3956813702842436365
3228410891213695633
5882193203116222966
1865579416660853929
6453236687886530734
4647191005714565263
245974609174837819
2401735443819592394
1191440004168904687
6285088205100923410
4541254860820617322
8994658794195512927
876979188546478096
4783098792027256274
5843273188610103248
572309601342168616
3661027172847021182
8850347417788099836
8786134446892407718
2196075064442453210
7318699580712234361
1047581705086302620
4524549119491699758
7868928831875825455
263524865300222497
7988863337473243634
2907153549109159873
5233555599038952402
4132137048371851658
4796208533602154585
2982763082750577855
7675072455148504989
4082150266794828467
531980485719093118
4801744639356145976
3905033155173631828
687475924977449460
789187065701034462
3764789832017797484
4791502539832335869
5365428858686200806
3087555505702479601
168384568243490200
11459782702496059
9186766276850055553
5837501149390788662
1527929622090782833
2441787958175275745
924595251927949379
2719883087489648876
5242004832820656719
8617196442405024649
1983974793259480355
2271492440230040092
7020420978517749173
2224479736226691624
315409307774386367
8750562591433063602
4634433154318076311
4092064801225202242
4701068056714739962
2080906337388541899
4547621405825889969
6712315124203651620
3868030090346502671
2857030160151636634
7623923211033545872
4996952973512020745
6634256854406913137
4167071323083592395
2759572692480914833
1472238916843544532
1164208885568668934
4221702722119585391
3500753139176519236
8514427632001002272
6010115347518129686
6016703696512944432
4014978063125870189
6840857123962250136
6351907113001947287
329110732678462673
4655758629568352756
8538912158599841004
4327735730115951366
7030477391228880262
2982083909285001302
3047207306018410570
3498787075546920112
186574757546692660
5502542123206871633
2842718389140714458
8732041744922214266
7284034544394488346
114253954277450941
5796904162752451840
3737046840231412646
7381223893790785880
6403350559517221091
6683615496729682409
3763523383659941998
6249972678380898603
1864737321212014600
572019089419442613
2275401356694492161
2058843581101665030
356128729070726207
6461208461388541100
4982204249597854143
3697364116976145954
2262267016027813846
4172664087501544205
3901096410653648047
4027225138906346442
5358947550262203166
2421946930197739770
763057931983059605
5999226889539495790
7088104719328059883
104857549110856564
6100858690290651015
787760516143904768
1259023648208382034
7827041847927311845
8391239661082438465
4238816884078658916
4971627673348645409
4683439900918224135
6541391146074123238
8548259107291136289
8308180349057100419
8607137704799621635
1532790666786386678
524994186622807919
4042117306207213337
5857643917942439121
89204516329280450
3468269501675444191
5310984084451139364
5168904608418135223
6991977630470390108
9201005377818556137
5021532129663561584
1338493664681867382
6124623372782714277
1191802615889824921
6992942451557778758
88881932614905149
8364846471112701159
4705261158895309766
8985734479956834043
7964309937974793165
2047609386207708085
7442734398225861777
2505912576686042781
5233294971606465736
6061783520168850674
1033211100023324660
4654400466786519671
6692882533681484097
8040543873887202475
201664161670025469
5567144603107045874
2809787797693962606
7069438992742859626
7351117567729516739
4180684730263524852
1097223418337362859
7945100530466305894
4612330501602657939
6810516562062668254
5368344474284404511
3067519617184212002
3351144797871463066
5857635354360816348
6241306564591661999
2289461584800311109
5739158217206783748
6950886979753818389
4046437079592618841
1830455379653136580
1159569993131803439
7337809184157910523
862788025217918987
6784342519321007195
7961581064232483553
6671702469620756899
17750084090592972
8315331373694092986
399853151005324250
3306351542598976716
2196117832427025713
2292641443009866435
7922260735631420840
2276476514824245445
7696336410190638123
4412621853362698280
1868644516064948126
8431056038131606397
5046076346086898753
3425829841234065931
8805369113637503947
9067269428907670208
5642180754576621876
1174824242110871583
3192161187769276307
4248704360517094170
8659286856542806753
462786182032176886
1347315417261853478
7746006543623690411
3856008812425076465
6262121102850461413
1147323388218748323
4406124428305488612
922686684186787612
1482344791250210944
2020153665042240553
869976412589340789
3553278855772007289
2216652894195048462
7550641328791914918
7130182216786491544
6480395990007825067
8569430738041320855
5820402381596090935
5502790726046981994
3281336492807169605
83503485027247982
187324967604678298
8234914380408214015
7805760186107331124
2082242930637016689
8450278012393217970
2450544476640596833
4632583010630058282
4386025206146967345
7139813341741764832
6219185196778132015
8282449456326887806
2088610338146972669
497567102369066914
5128065135453925369
1650570992233315487
5949066244345253587
1283937870370438097
8109564154903407953
3300722493313790184
3990001666547176985
2797013291508290057
2905761864770162182
6708462407978043554
875515526771288671
6879323040404348583
6360852211864346496
8468760844686374157
1793374744467717183
5544727609081553703
177896000938768134
3203157036441521602
1583117465151370190
3351619518185547231
3938168791307632146
2235390748673880672
3191892391615504990
8275357097006851402
3752036063265183157
1910149960596486566
3188071145063656832
2298217903480220303
4924829514011981799
8515876818433314069
6145785008435946123
6927556912677480423
5755892777711048073
737270999542745753
2350140241805024468
2330062393365365065
7131014484674106109
1457219546217241787
8377494717658655856
7611389942213241562
7894677612205822961
4135636175818768055
2951902322582529573
6482309669029649233
7109104161509251936
8957401935163512275
5622417282648195721
2328078075219084698
4501360689680805022
4392576112223890385
8043333172861631616
4864987222071749261
7177109212722868119
6537424941014611894
896055209962828173
5700310549957805402
6522917856039669757
6747307120174615960
8279091382705696684
3744525460239317064
2175277240327701890
8834488816737879652
7618317706701915255
5833477062593443015
6797866061837835061
7156772260151444337
5475410328587134523
660089710661799561
7539608093866724535
2829440242121110540
2277531064026416988
9063831350694237257
8176877278354131165
8905908359918722329
4112653250097288445
2006488247708916472
5361618673110685412
6465136710474008585
4131305458423062688
1138196156916342513
1734735458473935266
5076799990386838503
4013870350151231282
3968014895551381665
4163590985635507090
1075059645341452313
6320386351552705622
2291916788817593539
2756818936254770112
4292612867359997066
559595419341956135
8341801231631744553
687549998591145969
4225633532664032995
5891156949559201622
4901883501369328397
7139519185703347151
68920204780267644
5501100787100930989
345220456372805109
1693420581683380709
7268154173132862752
8660336989838495600
9155616834182149646
7890986950462056853
5234591044735864387
8196141220006709153
86676851495112350
2340855215579336484
5801230891147209699
3524622607083108815
3815740104671166100
3169252025855312765
8231800718940833649
2287283569303500033
4285799886612908218
8790575199356097072
2410649449120623635
579968882836067797
8208490150174806862
2614477196204413650
7294870836344776945
6179435396100982165
5921376839648187890
4568624806430024315
3187954709380664457
6199906790053848591
5502885851449842678
169262140536203227
6177685234290277226
3647793520174573272
3311920402327114420
1675696573587116901
3317361015011559723
216330547043493635
3286451550242641883
8357257376483189080
531514772384406629
814240056934393592
2952645531506057543
6359804990078975768
5625844177649673102
888624470285026398
3312591159518284740
2745028907372036320
7495241623433336367
7855210161454999220
5051350878668087559
1354704107879601547
7393892451831920648
3884996328811719301
1589575298234714308
945138866765686191
3299711678007958803
7127157173860990195
1879745196328256392
8732590903954916954
7020337462951456357
4764397139425850505
4494138056305696274
6444071128066681823
7205812616202226249
1871146177253901473
1249391162557057641
604715860048909445
8479179196724340503
5525778690324691956
4988523414763875067
8629980427899947474
3641886655147616847
8931519124473687128
1853528389452251263
4607573494372984056
5358355762409705596
8634685546542664719
2111438495485252714
2949644028469153018
7254067668502621037
152315333544557840
7367390529727579140
3556715537128270022
7493373379186924456
6778112814259780025
2152664131374764249
6554557872603403501
