5359903250056525845
6758893775777368920
8706975580064913553
5931412255688146460
117740401085994730
7216467211986323919
4874691609236450367
5249753515084155860
7213805460583622859
739022287536063397
614245633800005408
7217432933344418651
601663410687301387
5600526858366850473
7944728226256806753
1052604913232354028
5758487243704660556
4187091196914868133
5190803681160510295
392057197687178674
513136264225228855
8273649212767698977
6653595403840357980
4230693484141380771
2784297097600859026
4793913187348659084
1699626881657937714
5842869869155879371
3870861220829044530
4782092679413577103
5677937347460671611
888061881620601669
6141479105105993911
7255730515983669926
6714276889591700837
4340259241325305671
4652386109974245166
2998767648445635579
1883394895200285516
2056349684592380081
5926842801685655678
5803736288345116666
5803429910118381123
9083841194981610790
8619178876030528880
8887320802874142954
1600990017305595831
7207134591520041396
8046040918919303042
4028595428141981827
5138671022052832691
6322872855145198166
3294434258990822840
3731569372393370676
5927093080967331030
2180057756696289481
3513681150464407370
8497388532386392411
5205972139378443801
5997492408861293443
7539853449980186639
1084023482004992019
2684022984071811556
3208816864143345615
3211379664469361507
2594247720986366661
6706084454950132457
1873963991818042602
6696840579072197582
1534585680462695791
9110253678966540836
8566151817152090905
1192512004460405658
7965418825694919013
217327783103574268
9170205406982230074
7059656927085124286
8897940828240364849
8225683960061567550
3884850197363005057
6913631806438678795
7441712368792188053
325049333471438357
4810486458303232054
5889916019717088565
7782253980641423358
8366895438782774104
6628394667840535812
1237282256396633993
2487218121238444868
1510519432758822621
354749351451908001
2382857300555759081
2943115610892321543
8626987832682175813
4643323908567763980
8279672129891044609
7884477682181253263
805549815236935071
4560245575585233145
5835986681425031905
8151633599354990935
3837568028451465802
3514732600112503239
4133715796608573557
8459385680418710147
6816283500660247300
7631989382808501615
1240038059510045968
8589862565219781458
5082280257808309436
515565590168741104
1783689517352441488
2715112236390825081
6973533367011276864
6094485491249708250
8590218945585330059
925970831228800138
8635862739486914284
6087499294907381681
4003959207372117752
2057028638867033881
3154077700241671441
1109342794866043187
3150856020027971345
3376944330149556036
8172475931098772069
1898537660334021615
5412159393794196136
7580060948813957932
5789069319209821650
4216817408486562798
2544914125424194180
5226939607668880000
8408735567309248816
7160538727174355505
2373843152235199489
3676643696239225190
2854420634448838003
4121780954945459721
2709488924973716606
6118618985104915252
7421495261958969773
4417925079582511200
8084933444192805288
4611219903860919643
7284880800073427550
5994330954237949748
2929980061554333315
1891397106815309222
993645780521643094
3035279686242873978
188610140502207640
7988316955123056541
2079911168036383312
6067219891564680057
6307329144669971354
2625508735502345996
3199801569305112512
7414561623317781241
9035389223719168402
2564961456903666745
5029959948618155666
7460355112485177393
5109499100692671969
4811119628975741782
3492737482136398795
6583869786930722998
7240156904624558825
5690874363739917660
7721398867859322348
6226254879093040876
7390116325830750880
4258067002701269823
4333793644084937500
8779747315251875764
2338141273241841123
666540154752744074
1421512346516673191
3189022701919096822
574476777205669336
6186995112368263302
3136281223729058475
3536897675367633032
2039550119743409276
6549299857989161370
6240884242532362623
7970780136404131279
162221746516830303
4141755035780376655
6023985115019252855
9069772330098187410
4479848659117223422
561589839238173272
1682888482593682541
2141523103225216713
116759922248878908
7922732782620571517
6973075221594841478
695542863392999787
1040713375866998866
8198951487011432909
4053824211426107868
6419385260470663282
5318839063751935201
5349639327943494094
7386667363014301793
3357274067408726226
386530764428479236
2071812528343782405
3876469258446726831
4544229476065746092
1193153509804065996
6807879958490983890
1097025420132334578
434532321902679030
2241398108801852690
3794498581461457634
7369238373686952300
5536512392996292846
7069311847911656640
8538966767202841863
4979303486018292608
6871155410838961609
1580436764736229539
6567332851714967547
4894978660440240228
3704434998684883396
1431382756107945085
7535664127501494751
4191563228448461587
2610090241125899695
3721455930052337082
3538375473241873911
8516050439235333693
4137985866171413283
5150431503187831507
5438937750142199706
3070341639333244205
8245037431522170234
6022038395636463282
8881841121724812408
7615567394819391400
4249902546156825476
4342145705246817178
4726503006800741760
6267817380196264896
304725508865252051
3023936602728310203
6097491278405747446
7212457710808678860
4819386851172320055
8421676050277057816
6539750650585060776
3199749123843891926
840820131989540613
8742764178362171793
4812066500106196147
3202564369862809341
2087537055220591722
7589828635683133816
1052236537916391669
7245927114976016328
6754949280725526841
8822477203966540366
7597672652850218606
440702499743496466
2635575550056020719
7523591946113636338
7716103120155880119
8035568448273741892
817102095454874107
5903946470672103923
4148377403138449612
2590306322535160147
3861096138434655271
1901687047537073306
7687945890134739267
7116762487770055653
4028630300515786044
1692367617829098230
3513581312959440112
9173736519425919965
1551932296966443240
5191697448834602746
1800550066017288193
2233924269511502267
7953237904952835930
6934912463040332156
5062327301724417531
2627423616040840905
2433090055808444067
5506965410742764228
522426357605079206
414574518803286152
1863879040518558365
6017293044189507124
1316278370756768401
7388990461673403371
2676127261586410811
261694980215302794
9170209539184061502
6384307893549613832
5645492433713455362
598791564921356239
2701683239836391446
944614730451690833
8346004375526716763
7200843799504514482
6192751504314453494
2301637931292637390
6452774905959715702
7993421271355320165
6076098227070019229
967418631525514296
4297954677601572245
3896375746024930203
4952678355080260848
6352907968233148434
589705212162708993
2800895749389340320
5620638388500380040
8858871856340288722
7117367598448480898
6250030261205973719
7534891074013256036
1658324984508377855
2052403248577937401
3020861165353685043
8244855664854553755
8828441258460709129
1980304159008304945
1115908508873744761
3365253463200192235
5513330588434460535
363447848663279238
3658020434263503212
5750147232071389443
1441258080482681952
6698842832234267156
6312233373043749574
935177438515373001
929093323397529874
7849047036517105864
4979601935305140890
5914434475974233549
2627549285022649578
7740656522900168371
6052714811122786340
5327555420373554153
6451809345896331603
7960277356017360165
5657120061296450288
7354424808201728323
2997178067493071970
517812287516032053
1388534613189106983
1153966622310386064
8807084314939616516
6539305799004531055
2903817858057542487
5026809426136070917
8769381518123520209
4916357413282237448
3792255403871396505
8736210063896338914
8619454786779297496
5239724339148433385
5211670476434999572
1910727515616431511
2607140092942625467
8157989254188557818
2826398021785159492
6916836070811091215
2837076529621693463
8346206128181468060
523881560577053089
7313284503705041204
7750947207274854659
5314592147291646727
6883280867580233001
4946630292601694364
966894516085227646
3451600070932255381
7544055973480138662
7854797273200027990
2066303108861085334
1997896017513364770
3895477619657776809
1201367801148088114
1154841357188756004
8217469493588673304
6620378269103944277
5895507703259616261
6519173739047984618
46806213137579844
5280175625002416134
7905752628713764550
5729971412045993081
6818254935614441266
192916766869444337
2838116169690506525
9119410288492442852
8987319857287885314
6112076337502295160
6526077550885018720
1616209705255169188
1848694392031482843
8272345633383487248
208906935773984211
1156501197474502765
3417358898922833380
3085654817470520494
1702066319179733008
3799871013790099516
522742784727460127
5332382977888078216
8608350932853250077
4530993296198312006
898558604482530086
2774842874833842276
5455568509856624253
3570137394670750559
4596762885946656828
8447562067022805379
3257309768400763167
8673201988562777143
974649544601264326
3684809487193591145
3492024796323150195
1749643092269904119
7255142934837699941
1815379380814794265
9053077679520780180
401220064358829632
6033739732615729446
2686242637953170287
6752714220215909156
4593013537218988465
5015983657487738783
6401180529312965238
2398966674855307017
3259050086946935377
2206524961507116510
8437078081327279459
2668805742530809453
2925522253281842364
7191779965457025319
4055689003160198954
4004332234060630522
2702544023517950676
2831121077211603823
3897253273797704798
3223647778817921219
1521322668985479474
2315852607540751033
7252139035043065111
6166656186028090819
7481336706078357744
5991363298093924474
7904386892344547559
4937755145116000418
3067913633593073532
4024239768651046765
1951908864196909759
165126965053105443
7113404604353198764
2428357418889350773
3506745395729087516
590638081783727510
3876379462106294991
4897266730494101554
5980072046447622959
8034002635009335804
4466393609809248590
291965790260250930
170308720177334278
7728439346762938014
2596499963781704921
4740612022737607766
4138709020153581672
1445197405688655256
3895796276145128401
5586798667324328539
8103731894702165257
6139017038978141728
7182664592540428233
100999697327952682
7823045667371006619
1605006827872591146
6607366749622408662
3717686691874298214
1616679433169184935
991591909097710049
8456329851687984886
4840266165613027038
2024173506456126772
8114415152642889879
1421770165345949803
263557474708644942
139260574374229678
4963344790760168324
5281854560738172890
3271647674574954213
8566823579791778638
2440813671559838926
9109909440140983504
2685162796652504792
6141854337664827543
164096329462242024
5839186072828276519
4298807920478793890
1321214598725274909
9132813057506376154
6940783979966252296
8789709854683793288
5846720731817207404
1767962554083944363
4235957844384712714
918328648070310404
2820487673637390831
2122776469933342079
4871086243326252753
1220281488911413932
4945257446542158909
41772540184250733
1895049890667751010
4642049367959795800
2072782918597130347
6164455139885390304
7027412394144262198
6737085991913208000
4873854258956676778
116463810736464666
4226530467970918428
2956761812811160122
3562871030638339534
8880428313648069960
291907333605686657
2482622831926227326
212457183559436971
2716489483588338602
5370112499809110804
2845483111962720689
8158880004380109916
8028142719907218132
2674368390333205240
1961238831260526902
8768567609049062805
5094573325664550002
7937583685464311896
5268137493627920779
3731769489197348690
7037907869518147551
6975194441783792045
8506806245572256953
6961761753797817284
208227497619511789
3849448168320480336
3107718731358938864
3188861450169636652
37289293243414946
8753824155644790841
121108021212735940
939748492207922401
8702864142364700872
5274849565315860213
7472904971717810143
1042065010193607502
7230961521786727806
7380611740800116700
7749049569772989124
8515186170939955319
2947522728432913150
1887091526792169609
7517277030170193507
3089331732308840566
5040094363578947035
8822300044340472424
7286831301099610367
3549093724051980509
383370997935258131
2082777662382372271
8943003598151555023
459485927591311168
6350461962111374743
716204123564406810
1619447078419369101
8416684756427402963
6102343137311425496
8652255607950979202
2554231548882710899
2929662715911924907
6582908546893889309
2227574794459037264
3085976896567885912
5017187427249951568
1333598802287478202
3998457870847763607
5444281298598185663
1405494048864237821
5316011028487868858
2085231147665584874
470533020033624631
2970638777330594456
8963898924108060698
2222628829827560079
1649861801636210572
7122341624440648158
3141623977473640957
2458187450904760095
1558998481568676682
4691938007365815267
1963552945425424133
6184930953599528861
8142898783981152733
8588069324053169261
5593847569105146298
3908495372463876392
3229212695709950965
4117811344412243036
4774071000524817285
6380160333605908181
2986924552746216351
2923996516077452490
1624551705602184775
7746482005888906997
3510314331718300825
8791461500283731030
8042130017029464963
5384660106451766835
2368009375685699734
2109846949498414331
4603444739715480201
1646307258437174480
3416870702097788931
475078055841038743
246820714477292308
400899908662164775
5537561855030515599
3272082818277327503
2702575329171924601
6250986756941737182
7259526202916870633
1933384865779417589
4709792916985445008
8973185755403471296
8763919331307349141
4926570379671808918
6327311470695434212
7173753661831876186
7146754046450607731
4978540913311013873
8484270884885828832
2930392847266959952
9012935435004530688
7480195499074237208
3459354958678195545
4954298091490450348
5360737367851908174
5729465389906735446
599198663770332031
3381425557844377595
4668522507653163374
7491485989120289907
2602978371627612270
2669628075266133896
4835655152173395449
1130829695142571863
7964198609074227690
1891197456002334357
8941351076515354588
189130619746032119
6899001221819576794
4712080161508549127
6592878830709864626
1298533500895805297
5998957979614060188
5868857331182333817
2808721709715574846
590741180871626048
8489673416487061516
155740305901438477
8216158124559627051
3091927690308422421
2087966740677312236
5586916516542738065
1490130783374002503
7964455153519648180
5657432311359516573
4195465354301706323
1197537279060624763
8680812585123953444
1918366276761840572
2860591140842384257
4807419651067384552
7083981007185101696
734709462926852192
3612059119852671168
1832687252263760416
3917765155493585869
3088425283020991150
8135348704890914175
805943185306172920
5916248580164177396
2620929196051729336
4389951218251237517
6237206745783861537
4962001295115944573
6523810666404636089
1044074783473636587
8726729333827562022
4251997301051673122
3994091993118436730
807584020809032824
4499088146456981345
1573015489872122160
4295986302280813087
3184371332699550557
4709211770634283852
683520164993074592
1805850333316700010
875445688455562964
2069390932248504927
3757091908440403961
3309743976429843274
87775036870527092
5525281876357597226
4372881246407784914
1182844698429960744
7275998980894134006
1408820689251553281
144935591388704702
6853490786588543820
6836292805450022033
8480073027387269668
2380928680610228889
7740978183406731409
4381944373539668241
434946692922617136
7655297026558230773
2692108926183560524
7751176808958083015
6250222614341494480
8573910426733326744
8834492680896460962
2932411553100019717
7175882534782965196
6410584775365166182
7591803982136304051
2922992389490673406
1458061371119734401
128459889743751601
2200217783372233414
7439528359926605004
6825776337699461716
7478195774139637761
9097377675223808351
9174296725221015706
7371274733042635873
8089316652451009223
679584798552614123
7672226719437271203
3691323857437604208
6343195427376644210
4816481002474297447
8406153532415491290
8268347038552377480
7405227622516693783
7054133455074282438
6351398228273291464
6531269266038621772
5074677103684386724
3631998056510628473
2323842540836115514
3298639428507955907
8962522038314871873
7064850410796325178
8667068550652879802
7276653729116958576
6943229799353774615
1252275944894989235
8943843644714117788
8177327346070117642
4965348075231537964
2742726945241948100
3098463722570697168
7515260757171921632
5753332930197280782
8983001955546265879
5304860229451577395
6275507964128121990
7467628506059471774
9061371916169753454
870184569482697550
5033307989843083056
5362036524691790587
1745870524706635956
9111544870282438143
6374898549784974432
5203639207197969072
3755671401190812888
8305978243110607017
7144172316393141106
5436446737679003709
2623557443696742448
812006674129464453
5267243843837917294
1932341262967817223
7616695242064447402
6076441537263957434
5610746397357621858
7832262159869721420
7599124546573738764
6073763550997064828
5756643264237590040
4917295640306503094
2811977225972060939
3349000159118188416
3867521900137271236
8769118789751510792
642220992326621575
5529105647567229032
955609757411388778
9062636075089378413
1877635826029525182
3351048225659664589
4821134252840672877
7822400975920323008
2717693202961334084
7079382908458473398
5429884933056709875
451679546219130603
8083840110609876880
3741724291928298342
961834874897960118
7656772148714230691
5131311720656383988
2089582346635824759
8996305495368197295
1787908408104908246
334743412574165387
2145575351103365281
3307671207133172399
3964615283060413022
2362155773418423716
1969188123100307576
7909129922428632891
7175746115040230107
1481527090273456158
66624872880996703
3941073712732513794
2789962271045576319
593539067393469597
688096506800510182
5106714265110682474
5817122839702526661
7671943638399990028
1946476776428918990
9137880173841464626
8159197729004429877
2393061843416519081
6943163269300966109
8171647749458375187
7366298048988907046
6132227085774734248
8670445602114481031
594031393287395272
4138213434484277581
3039742505371192088
8088548083013005043
3597563037959528165
3818581914593628461
1846196548607734287
7951586578543889577
385451056924445404
8186636140189504750
1782835188749560540
557628982708158997
8126575300499664002
5798239204774660184
489275910121032497
7002720115908296228
4359874498441833401
23572334848640141
2585328458281095112
5992183245941210177
7877298571428627091
2433108060085817037
8538433806624313418
7145779866071589538
9100192821298479138
5029762761727239158
6351735613923745303
3503936868622877407
4091700759791464529
8049251854470633882
5551420132118293395
4057641761410628842
4030075379776895417
4032740689323380031
9206036019087017182
682637020693247520
2178581113786498151
3684287746442468135
275465374317041894
7279572001301891012
1908002238652477274
3363708204427074625
6859385949390652575
5892313148190747670
999691473583521014
8239245094866907045
4216697548729018336
1825207667843865556
4228458519591475856
4228905670376548319
4235022797072054979
1939195786090384902
7743234989904015653
5616645521522592562
5893989011197323214
1401894111442230649
1846757371002030581
2876060364676092771
2108076844689386499
9073976097048537825
5731288596656300272
5410201786650134920
7115695318559750122
1353350520271900635
1980956315841648259
3672256405010388402
7387790374415113301
2651601912348269432
6402286723198062638
3690006135652941321
7096555210726223228
4583282530635917215
3785536584139878657
8200908615373587684
6644160283577032398
8327646457737506928
5549217890265837569
5468126271731968223
1630388700228714071
4374472017199068142
1800941497697522893
7528056269225237627
2227626824293335171
4624632979276390244
1625087229632698899
8723156185689808395
3218290465894275626
7006957902532454079
6208455117024224817
4320341508078405396
320364999349978216
824872059839896593
2020664540984412545
8844555591575730826
1738261184157944342
6175244598875548626
5583999967490813306
2351503901371010827
8264524863208794152
8457672075766371627
5764408998899926744
610857040348679661
6629990488453846097
5651066876209089640
7404314523724067673
1345525279305323522
3313847905418107557
8328149622169424535
4123647144471137939
2716670700922604431
8523388673106802863
1555546413385511346
7216349240036397009
3930670779740176944
7799077824737638036
5646644757731328341
1567956344050689676
6816641800677827418
2779572471471751973
85312103555307649
7690864888389265825
222346402203899901
2539910005957349806
7747586373213068468
1505055269324913411
3340637006979536034
2749823273854159926
3803746350830064780
4770923308113339773
3270758733396593041
4911933265629159965
2303841433163740770
6708153305974471369
