514100460420352109
6500864542776444040
8209555218069329467
2879298083562985268
7954998167489426533
5863946983028666263
7991412813167328711
4189019830939673395
2466353789396239293
2904240388968129105
8821132622775466659
8944989157928467253
1130200079383219025
5973710955993905196
787261251677775381
9187236762483331777
7668336159167473146
4812981070200876629
2502888733079879668
4438382127638994725
3271048971459381056
6462252440965881537
7378884485731836489
4414881038848885619
4420203816353985610
6000988984609709604
7550899106375359230
2396588110311247826
5582737848529534347
1769282747467847767
5812127399678169237
1859723913581400503
1374011720000415788
7277044861206131553
9204737852799208738
7069173641920092387
893555981425670315
4279535923946570359
2943121909894446992
6326112771669430040
4191226161902098503
4552839165769586557
619281166857602623
221551925875155546
5022715679216298363
1886763622372055449
527021996446262085
8070638008500973069
1290934293077936173
915799068690673107
509275298242522550
8142203343454043359
1271209255701056719
4079104154632489301
3866494288693907658
8295815496785325029
4741658965257185021
7778836459469287818
6170250674583382128
7577527199388483195
7178994289189405542
2813795489166936236
8895756723926701689
7495225246715366066
994311240923264229
5023671241952267308
11824180239883163
3011807573271337188
5522646202984653976
1972659607815099145
3241280166078691094
8509089577504818693
3169458759030037095
7885394621128811379
5426769924909625862
121821056117541595
2090264987039570583
2626725368668799516
8339754197609162097
5860609176855081584
6034149093171854715
7545948552064018205
5079270175463180163
4239083807496674263
5402393980548552101
4295546869811320050
2006715615444818934
1534928772955169179
4579679082488070540
3591250871914743094
6080794877481395558
4002290303433056270
6897217853386865722
5650409695171160504
1390669185367624099
289864295238045352
5041852295578093820
5306767215856894635
4428462027106438439
5864242729604189352
8337709606455470703
3961551093148050691
8893201228374793903
6644712525860036217
2764669516682841848
865477821279317567
6880300746384071520
5764065133185921998
1784219793171373630
156123603334893257
2558832424115172384
81142628374968199
3031956950576893002
7619653017845819395
6466071380240088749
4925927295351922504
8902752803149203569
1598612441937018454
2001985895460914882
7834652344442321377
3508910935516492106
2733872818865370715
5643636143507369459
2123454585903250401
6913701429385714073
1051417501573749265
1636685537752438908
3148263387905988766
1095589081742767566
174256751094545652
6802966224832749204
4799403018547505462
81475862936914889
7135196110634602921
5452288476127794111
3541641745301897299
9096059914187175060
3782288222398296481
1288675693042977217
7643975562472619650
4620851186529990809
2266710199825240592
5422239506594294155
2238985991733086219
8488090811878607582
2790970495356921584
2959456358863275451
5744118944809934519
8948198024649479880
7710918346879633351
2906766459913888786
5796415558024187553
1442025408124692621
5426704556251412940
9022797337713088402
4118099069018383560
8297892525398555121
6256653374801245834
2286110863686279333
5802907363681830948
5226075229524074813
7650660627441690620
2852989056455160999
2527726208266430875
2128882325206938470
2330436722339884648
3891439596244344543
4958111496026285841
2813115193606167262
6164151702602184682
2643202596025483205
5379704401811295051
5199763617501437795
3167225827071345342
4868529623551806770
944171180092338062
7442339259628491071
4530125998010589116
1877947321305545039
1363873236518653887
4375898044170121719
2380347179637643067
6276151933101395092
265473691580401495
3388708107727479143
1372715674475842305
5482417964309692370
4309652819114252559
9119085887464609624
1564624849114197114
3410877243924644590
7403130276183713500
510140129188484655
6048832297413100493
8870807667633399649
1984402588948616895
2823986724389816809
7702864028479597800
4771992958450315047
3966803339110286900
1038808802759319811
5228456160581539950
3558330318509535424
8637452087277617011
8480806013562198919
4876815281403249828
5328378347289151586
1350640374569365694
1185007165140370399
7374881004110443016
1572577468624339814
1378341013024781848
9006784070840779458
3294725733816122741
3789517289013821215
1609268440697350447
7621320153829143751
3173828957053530955
5616205569486847963
4569502118685657097
751427128172217994
4269804136827670581
4578759085051875095
4356317587830377591
4706594660479112015
8337781596685306196
3829456959967848758
2448494968446295898
6222477510863026085
363037404389089457
2040647964865362719
7085018597615500033
6337900263997104613
757550800066106971
7480291470927845274
2883408212455531123
7011232323751593419
681311859799402607
4822622773450173563
382608277523680801
2674637517493554454
5619600298091150342
6456760294259289757
1693951779184141831
3559407185173643436
64050782474906533
2825440047751297044
2573366476019736192
8172147211792010530
7416734585028755099
4829215971685212499
1500089542336261
3002845510471481422
6046890464526524870
4673094657077477382
6879036416407078369
234150031609796158
472971996523353031
690671031050969333
2744903509604451045
7919058335316619125
8099050603059133059
4327305398223994824
6165605377082504744
1070437044033127922
4436913721143829202
6081387573751057450
231609495009039151
3051524922059460971
3555335876296684023
2486757016440710195
4288102194542450380
4629528559723678170
2320400160288895653
5936063245674602711
184829648925194183
1205974805697894981
5330532141313600687
6270266577269966463
267657467348104492
2947608326076881087
5632494460413540223
7345344899876652316
7319546841165789085
794477872357121675
7106500741356896337
8398486764469829246
7063634534341985249
5275594194733705737
8911863856336149742
7081766585738391022
6697946998450483414
268596640203441635
7384608771297194766
4544287509438177792
3247734120925852812
5642708165706232594
3146009061497980562
2603219795972561338
1033343616583793359
6739941039513709848
8041529068151599472
8725013327641349620
6088360796662805252
9102135298421413362
7529021480952045785
6474869688582867141
4162275833312828001
2670343892968070998
5897710894521680619
5341488206868547051
5199610357470493827
1935729736662376124
4746389745313466636
3773581749786084593
2412303272714397147
8498851502546662612
6274419475976344729
8548136540260919662
8447654129910677866
922740270943236239
4549474453650084408
7195277433651156371
1935090538715008446
1854204075446888420
6891551921771055006
6946907754486976007
7586448526386182920
4178063228005706377
5349938581244511231
2965173879619684822
7158186252483463623
1616814293894664844
6956246180946603828
119566054479461105
8468183502726223654
5907606222315555116
2516402763482185930
1870696487470929930
8869368355465812728
4578722506566283790
8487061872205363945
5442440294309788498
8969058184745047229
2162667316902266143
4613350736802905903
4611157181926418871
8742726850927475822
5669511057685366741
1082108639283990150
8435900981019558804
6950811720674985040
9201696928123861130
3059965303164439369
7003971251303871699
2205367649109740021
8313686184457869896
6108353819326013923
1969697958372824150
1139718085065317228
7744238099938005517
7866419928823674705
8145241420589317019
5583384597332065856
3885556774055102512
6479232413146894825
3976681250432773196
3509288560706509171
5871961666490408943
2320238614137423789
2609657100508628797
6686954636253475523
1415730565068583587
7437282493477962517
1847363598680811232
2209162810829505773
8551156729272968239
9173273937174466756
2620203922110509870
3777938354619951234
468221226698633975
5433828795021319059
8236636860091037230
2648070891168453142
1122998379572730417
7876826215342681384
1332367708601588946
8299333824450878296
3022515627667476034
2302387466559845962
3754726539455398609
2310840573759486013
1059175018495224027
9155566235169337081
2044130263188683218
2653560295009968479
1233776940967107090
3129665848160825324
396297888487921355
3164099837195994508
5350010125399842379
4529021794842552616
6807524249554452266
6286942376486611002
8208546287526593525
7478375440545987336
3336944476561339784
9053424491144661089
8605043070130677388
1231579450827559042
5311618330057907779
7789807425737283693
3273302397113188726
7393771220778367366
3272743394969141596
5426202788482516270
3706013099596216332
834338746580943264
728891660221127086
1507000537955051304
8781583860113857506
8956014374322177602
184923422800672204
780905946969583359
8496592360523423490
8131546367254932830
3070113098925826265
8433586536060433067
7553481787711093538
7783937877470576888
7121050660585919581
9044292392299187474
7077991268118153468
8270807605523333650
1179281441520256328
9036901460444945858
5710640621161858774
7777399328361868314
7100015490698622896
5680479914073664810
956556408574017433
893162010430768822
3394918113547014089
1312780687592295673
7840680547293573027
3815612352966368854
2832635498846842387
1808761470074253254
1040894803090685565
6989905267998524908
8412073361917420531
8870277057859624318
7618669736299800778
4122533114330546072
5998092342737865527
5138682872732284987
8890316366720238717
2227146646737096718
7186535146804862818
2973931924013440776
198137119666015874
8262000089100503390
5355918785463650736
7772154459312999541
5636191486401901307
6529339114056008750
7215800633579420005
7030468412364847004
9144068463870723129
8437564543641564317
5190585899342391076
4544858073528548334
2687957089081161005
5540056901001626437
2728026138235168839
33471277722037943
5928239836632949222
2617836122239991066
1165511407018488772
742883305211351195
562439280487856333
5445857503938928933
4335569644173897751
692410659564944626
2431407704865173550
2262267798897050804
6696264525501850431
2247676685066366671
8657321097938292595
7951165219513201746
4625213198751145710
8425124516721198056
6002861562480139287
7560398931766488007
4570774758005178192
8244651555618323890
9110121072069182091
4201094509317544146
7455131701233076466
4442053548206163507
5596664308888201758
5847339686857250471
3672587101708377877
3618216568267557712
5939056772963355541
3953265200124028299
2421250017358422399
2741466592133519347
2988914892191283818
837750863616777995
3743607401367119761
6515902550267597389
6696462694506183513
7330855667463798057
8508849522365888751
7845381441499650694
1893807813135470967
7573859045114416691
169610140351011996
5476905649136834680
2567180741967567879
1305967117575008524
7334066101115513631
6052971498292521560
7817597140150993691
8061999129251357872
3464633306355190423
3237972667723662706
1322736846163467519
6729640009703541288
9187767328467163166
3366585238501498879
7513026868268862275
5936210876360475996
5037187940443604355
3906070711668434581
8918442039426908517
3748832661569814401
113750310688103041
3998883987799202150
4210633971689219559
813146261838622056
7097411140847908557
8585717891959422066
4251528976487224549
1160693839202115449
5971417287187146249
3336952611611920323
4987963276252311648
799415844012447676
8706799462179137614
7540954278194468844
8094468833232415147
4010732547435717380
9149574089166159146
2470182501377845978
4261002674281114065
7278974635693861567
859128326064823885
1220750277856490215
5795060392543581329
3196755851818890386
3625575121402348162
1178009247105716660
8545071994516415329
2589022410215441704
6573157215457266803
4643499238945765001
4187808239901053070
5055235094003707152
3506603197078636881
2795211158747999379
3520632889694699552
8472889751699825795
7176228421163478904
3341271609996402151
1746386509844062618
7135733056630608870
1483471905511749137
8793260356833051985
7043517160173788610
8462202494451803536
313070896032816260
7884186178695898837
7726551519192733730
6805807619973726629
9041287743885587698
8377167768971636958
5473826538039413747
8439974471870002289
1017005967190884620
2238752924574109084
2657032880148713992
4407990065602621869
8902016307244273578
3700111028772957231
1028594454289439963
9042915135327547489
7152985367906166736
2152181083712858596
1446262215363231295
1620033987950927152
798932836115676295
8413729631936228226
2995005243842732003
2189326112479376253
7901209671152763825
633666514899813214
5745676008647891886
4893789403530108775
5395700847045171198
602322618105580655
5509943301639703183
3346763282878836693
3452709666290261532
7908794083706027791
2649926536858400526
1760427902822956994
4334967857876597348
5741357261309637896
5493065770066605210
6456772309363142122
1045973364912546119
6880865103332256142
2540420754021085861
2481213624348964990
7498347430803434094
1051648185908476947
8667620090075621558
6469198633334930577
1299862821320123734
6389901774726809760
7140707069675026832
6071765169458588939
1039636002280146723
4504607232264075558
7352667344799913623
474312136878495941
8338956326728295328
5350692970433188984
1562961385057864916
5853327482434841873
166040219202740368
3503213081934299112
1743118523345270074
4358852474963030579
4540023228292616749
6038589760582909735
6762001976599092330
9170437896130570862
171453826194846494
7642919601326808233
5664701976992006683
995243223144896060
4281094766667516320
304199116314197595
3563869959859126249
1632273677815252967
6795657521941948935
2603576964302645665
3155065942228591789
6889009916361383692
1374830926490395183
8496385504712583630
866304996373998023
7229425693078606155
7509721397703044468
9223124552378088760
5467355784176904715
906161628039032971
1401519058021415582
1390609129411185584
8187771079148261816
5361834305639725542
7540829368113889804
3106798415684330434
8259601984301710147
2226454416750508811
6764092981196030221
6506403235591376879
7715447075418696660
4808440958185527442
1353400506945100637
7401883317097478362
1193160757551307401
2389684557867575015
4031008360778673142
83520451286220503
3748779303691758667
8785283275059396495
5073422554077617527
6131285640769679187
5802547407766371354
1564927438703900632
1267571110422570973
4764602505288742744
4372156818884326453
5354015201150043240
2910464633833213292
743958915457916179
4860624194376817763
8944150973078717637
8073802172708622240
2939530919309237593
5127687571301306301
2283081258369816099
4911678298272747194
293619011120951223
3775080516738220741
5380469812681876869
5198739817367128723
641312970526688936
6545957735352982377
7836857154958088953
6657227143616690820
5179137906718387719
1468904290927188930
1176140934553969603
3896754981341337053
5864592449423735389
205042451065296841
7506966183330774314
2692460526495671604
8091454128211848292
1245517462941866964
397283594905939852
2733813421918091641
283631241399581825
7872555691597655702
5310580473372832368
4350601232640347119
4876864539335801083
4025349425587190041
1834822657418454782
2186891440151716348
6451507867206418302
7946411210407545193
3215785674379874703
2105370095748738404
7297276496516334894
4942292486144674117
5372984903143741432
2755834252088685808
5063273776674790328
8327146295926844815
3976632782124138222
3960660426619470279
7348877324765159648
2300181477547278535
2127107306372467569
4856822113973077285
430230182042320546
3533853800568272779
3521895639351131784
1966604411894087644
4060395631968601823
8403329006444577977
5338174164779062336
8058683356921238357
8138289933626543052
7674381241317779611
8456746398796605189
2845892251676809498
3699733687294925023
5458405854667668082
8288972426166418620
4139934258593543147
573477950674477197
6671940146205238702
2739738091669567282
6728820717583975021
360641989585239128
6772490270546048155
264731868277770493
1582079146028760504
6485702295314545139
558996234014966586
8582259368988838746
109597565080547542
7621013634859860194
5908692419204864689
7857444515743090588
1781922043709116057
1962574624140835024
1822656511423410697
8574410015811728552
8694728903982451944
3661375529681234662
1002356584282517953
8169959746236866059
7839332736694818186
3558318248078491139
6849621323612676985
8049598706277260249
5615619936689261083
7229779951725347447
7617596347406718674
2005102347220862473
6241757368580295564
3974773435543675078
63432928281987391
970172476942091360
8714042598652158183
2788382016002204167
1846077230126320871
3061647789864401514
679642178615987088
6075996743202924166
9134526872249974531
3253400321081668133
3162912711992655604
8594556324250301960
8875699269202451978
315640282123595337
2163786636407987750
8282418305988278956
6737226859215089274
5824106445111564363
2539034852226897297
5754829321173149899
6631678345428043064
8777480565266132863
2408684284709798123
7104747579153505557
1491411198393223991
4487302365864487302
8580234666121374477
677629180483601332
6739986638205516559
8839761759332989160
2411920186669463350
5565722986543935900
335159837687020603
401145315656654279
5645250820265186284
624680595410598439
1541046651494806117
1362347922527002240
450668970976165929
3687685442599595608
5401050039011871972
2444727673974122536
7938643306459238275
1294463483975454492
3476523018547401986
8343255663144873115
8855498029223506596
627493901802257550
8960871908087552493
8203146804103352375
8829684835814750701
5042879090685392573
8857311139307958518
645585171070309846
1812196933616763920
8485218107824826790
6077548726869878128
3332395454023170421
6807307709516062890
2820761217502293312
5200686196643386020
923549158262115321
6095638851422304850
1251155998800680778
2711724921097462115
3347703911199683325
7152893575207072914
7597702605706116895
2575789594977314482
5355899852513434787
5985148475555276425
8223422411939294658
6589094804856687798
7527649789114288745
1851643482959966303
3850457758175137266
2745693471378136441
5481762260283442198
6477428307021826633
3307366194021666187
2954066675188708867
2458367217467718789
5078619052455302958
6601675652743066179
5932854759419181342
2556837842054893838
3614420750226941185
6400317992367142619
4317916507264792206
771899399880277034
9079974743988746079
5129445730233719023
3624485965811758425
4668180497681658648
4297034806850351563
6321567559646251856
6569356922813630076
398815302904701075
9179160622799448404
7766944071006875729
8436256957205671713
3988535562659023542
493560717406007581
6942570987026356328
312538799370014514
520554828792812362
7105108786042382298
7779577041793856571
3322764263560899222
6854308635586487435
6562672933541301193
8217719588294932882
3656342414530458961
8037831073640732057
792231278892894066
2836384112170811366
177551939601203923
7084606730213817125
335090795578748598
6475752964954992873
1561607469041600563
1312211689530401115
2359369131990192201
8670305328741509106
4693967040448377154
4989466480398150537
219525316200798118
5203835037610752559
4853673569964282003
1535775356655506812
3567364216530261413
8649861597388837355
271756849218924863
878601659860791988
5252086405892790804
5552894154496101560
4622952049102319053
3831478875993682845
5164239908707293970
9126535691597709312
6955998696469916780
5586921838656365820
150973093910480817
7309125280336970698
3907011892893371514
835095529764415938
5007830624250762462
2896179837825397786
2370488251034918571
4478670241756722837
1972140564640780232
8926760298098296364
1896381935539506974
3103232220490339723
4327795772258227456
7022911564630467378
8483991956381468512
405689701716090397
117124241687784247
4009333252047758464
3143485754450659872
1529378518140854558
1767278887314360708
4163736701680711615
3016267423240917302
7772245366139195504
2704645523769217860
9011809210360576490
3407650397257641641
3294026202618867664
1714027761627333288
6796021407888315804
7223191328604811004
8837305444809590959
3230067496930451000
4722391802344255375
5259769533446661382
7737344671809935098
8970035894623291622
6327408863341330781
7730901504598913740
5622444115419031973
7589632623511382642
4526524509785321154
591214870846379884
9166161657463492247
2391423472723264379
7125448370315324795
1389594664884930970
482169114163450352
3824211825722422745
5019753360914067470
4518046627911640965
1537410159666885787
6582927970926876802
5714976154163147638
1170469557916918446
5000244002397265573
2708124168665425865
3792988440413315668
