7761867988305694398
6882512981311923642
4333464902785838146
3337139329703206357
950221456986862113
1873067587774087542
4092994222806655096
400261654855380982
589494020833751649
3590483595707751571
3148354104128386950
1395611242842807669
426046673486790471
4859695636739548180
5444674694669363918
5405890824255519371
3601142914230043108
4663450721263624578
3546934678511761055
5339089369319761587
8782716969757438334
5697643600801767703
8933083020121689580
1379686881453632493
4590442732271432876
4879357723924244815
5238191546896273565
8246539515156142844
7664261153170603617
7366052372076092267
8562875350526136992
5578593485400998683
3151199531828802629
4950877385301917898
7069827496473352448
1805054397256287098
2972646778316647304
3458425313413949979
5730282562578513714
4621680132791190281
5122153769150701130
2310355536642113829
7268403792838143855
1293832826933147820
8694827259654948154
4902478030095693318
7586101704213851247
9136002871483642633
2855972583176686992
2596244444046885821
7910380945500114432
7063914485806247311
5653760367021533449
4631846965450166650
3689496674887359614
5126720209795227030
6362501633935435044
1715440062025601191
4788387105836562400
5117988781310268224
6405568690652853453
3852793486075382747
6202996302197405863
2830290997736106803
756100189024124354
6551714090376454934
4518523295111134264
3252501466552387112
8655738649434156625
1577759761124769103
2435135203322626810
7931483233854705976
4418345814302895419
7226419424684394204
7027197316101052669
7108428720152766595
653703583967074709
2452278734768836622
5084512214300621626
577744653718506909
1598256655152865560
1383091418432974419
6819526712441619929
7582675527030438923
354621034978515970
4693019620366579546
6169437449281774776
4847131691150032392
9132180032735412694
5271888779778054636
6949273669775860238
4401861417154950119
8868893079566859662
7666938028491410829
7180163080572432554
2158821601482065905
2727192067084400347
5270438409859505541
8020599618063757565
3103747477377322950
1782129624823279361
3320828111143467723
4415692220448527938
5622806003607010959
2782119673382905598
3561409220899643185
7621623725319342482
5971615053411951638
6526747465255513563
217729971404954624
5562643740198345288
545234520404320732
6585465614321540494
586894570004363918
4323732658277230040
2400568243156238820
2183184113905659623
6501973261824885739
2831144478083924808
5827217812949967631
3865733402954296668
4255301418354532190
5377957079474489982
3595363343026694410
6789318647723904068
6894982243870260343
1214534932835609782
3063583374009877424
5807199935399278242
7887612829966977863
6319424843688945282
8371516242669818564
1004988714745629644
7960405672718445161
3635558560672374799
6719940268103624572
5173864044013534544
3767254281464899135
8560902623320687941
3119124436650462761
4380115483632424384
4950943760317290502
3437188161952548427
363046514142479396
6507371646688886372
609309147390025086
1028616602291147784
7564359895234113435
6612057039518734168
1687266691418519945
6724905241220527115
8062659993131361390
8881370232910231153
6232225094798900230
6321874879695379724
3278413481024208370
8332287250754902826
6028054532652636448
7411766810464578171
548636792164355219
33315601152558016
7767914016774807515
3157395990582811341
4055298773970979403
6154534764969378942
8309175470922403659
4853820642944495715
7139344357690366842
2145001710603627823
620053476401786507
1640003813008225698
5581031866655362806
2161124092311434597
3226307478693679193
8875316928518778604
3303127762357098010
4831891226050050073
6361842074238828932
5942014339244774813
5543833818246704261
5943641721281149464
8358299222847931245
3688073042078520078
6134938635052672792
5647522585907635507
7127192032872674780
639316969981445399
1584436313085498672
4347330908203583001
5170522158101377130
9079126313540193427
7629826228314669121
5792338897805357246
8418793271742818738
7038195172028481622
5038250227583778542
1475323093358026657
4492461071940311077
8821572567373494427
3363664056481449427
3912311308699318549
6972445868642437446
5405244758717551802
8430504002585507185
6153834713829384707
6816405098284316415
3920235869884761843
4958024806394026602
1873554415000016958
7334603835695880576
7405920418095867720
7356595243818921478
8402652979419489026
1972901001527517653
9160964547834540174
3084241512648945989
3397238477706016383
2217374949452032870
4522245407152261290
4336153481461064926
877216741264861904
6206008592234673268
8231924646247047835
1100001097479910098
6743256504747204481
2593035620617908763
3949956159921694946
7818763167844605606
5265075994936370767
4823866307746195657
7802182033816952897
803554026257820059
8241934649442105203
4495271470564026717
4374471783732776070
3502440829198150379
2131489668201701308
7492944106169113827
1095031188984400503
8955658309002188117
6026665677883874565
6110375760180521742
9115831719060030336
7515506424633998181
4851369294485797808
4569517987516063493
5350056225920972976
1982608132071350329
6544506167320575592
8666224549994297664
8464910340715954370
2414770440300924024
8334787579659195248
1788061152852253921
5739992836987871971
5358727591145026199
826000359874069900
3322667202923449464
144686857519901006
6357394248639425198
3474228833965632044
2686196866614647360
2848558989473261969
3189850745565911787
3927590938412770196
7958648500467304027
7949081536705063160
6074477972806220123
3267984818942603261
3287764314649962467
1361648227239818224
6811481865554680536
7776122178666327307
7913971090973741228
7908829858658752321
2330965167978509353
7492340528124253880
5274645002040444112
1316199135095979891
4568904974154010257
4663796770023592657
8850214436341735052
6660537042023221380
2765583762259776193
5083534082748076898
6118576115274127829
9218322494124923772
9147817255129485757
1782629230569498644
104738494031008594
1758410603125350452
8632880781477998784
654417645618843443
9084766217024940001
6713311981250965300
5602254316272206817
2520234372172723325
8647256378430207819
4556419184112852093
6646857264436286560
3320625627268037452
3120735016993916879
4092289737417790109
9121609918095944391
2774141604428841559
6664381447187893625
1996371353116028153
1103902282590596537
2032620260346541585
1396904543074288656
5076479057897401905
371718588737029270
2539989318520984535
1824465315101199058
3053475164288659319
7644490178522967007
3743642288123560493
7945995689482911246
7434554247701231298
4380711136038804044
8851585630417981553
1614974193013643933
4390807021121419411
5575459847855953241
7128268482805765232
5212440494931316656
3152612560625867435
5337921150895702803
3168068925220137564
8700640987845299368
4875561801095872197
1864260472195118749
5538697459516776387
5637297686015727319
4792913011089129491
2880324888468186895
8883557515256709120
8033165388099496073
1215684791879427147
1155177157229476565
6278538294735817472
73604903529280256
7075370397669399273
8635319066877882384
216028649334820559
6135065484623170593
3085683426492427553
105339396881877743
5996704214032165713
1579570480987923636
3328143957804302416
8485164135408763387
7302562492442684851
1754712640802845156
3914275802464597890
147663850788840546
2743229688770540981
4228621459526001224
6388302759027243965
3701973594911540771
6314633539845479718
763942390859103693
7874243339600456985
4754727928632906606
357811166681169346
7215505917663380954
6296794069626385727
9088898852240531872
5456725610363552862
2752104797748165406
2977032034617147452
107300067161511979
8933397510326576954
6757925941288917089
131815987830259701
4812522940734974052
5854389926059415334
1351513352315148706
7789631894174222828
3510921110919362976
4728311026703327446
7971372250774186777
59041544190712363
8770549283633814808
5031223246781681472
4266753839337518523
6429097847063474591
450894427605703886
2429457475668604163
2044830845594769947
7226950847697422003
2703330574164842481
169182185787310896
8698249274158860284
6247024990772621633
2719187425742821116
5560270003903120697
2260577966382836942
1156401809663373310
472069038816312965
5346030957521712858
7052650689297610740
7489842626171513978
910378965105022159
1070788985778090481
6623553640813682107
5624819908580995523
6377324789720738784
8721262471846064760
4881274037803773963
2255695316719537960
403526504534617594
670433223511891274
5981640540219353731
778474895226579466
3412567492174066444
7415213104328458594
6153300342287698541
8333448106401910086
4230856959373730688
6272354685947335503
3101912010036790137
5753556782125286368
7106999936085865126
2593705736781446979
2180656229564504050
6574631525246428228
6830026775083473896
5995798418200356183
272024921368795874
6308104012516820552
5772614912866062418
2717583089975266619
1463751678604694507
5451990303691253317
6330440315197037685
7391383253563505521
6065807892677059447
2502390672954163785
1693514539605553305
4022979559305920396
6638297956186330870
4321428990451026260
2707092180560649771
3622978117321227311
3706823361691586735
2359521315308810863
4411838345661733822
3604936756926439693
8839441205771190729
1237301397625291715
1227513561277190696
2503012069605210139
4635108531438565756
2154500634280634391
7232198450033199817
6911082674362382334
4661821316271022237
8579002721215979529
313079073255129756
7320334933130069871
2068049188329722573
1708822686022661209
3420107747676530572
4297175241989042086
6540420390840349468
8312598527853842043
8672273611273529897
3470637062334521110
8085328638780498737
3894078164259211661
3494751090568371686
8746614075980026799
4392163891205121960
2307342571275885256
6594379633946834192
1792797479920085654
7469494685030777652
5912599851947800971
4438800265034936964
1428000182228064035
8666460362778438703
5308763008699714595
5248163941279901125
7572803071568524538
5984525896508156072
1425222990822546404
832994659180015852
4809488970289536
3644409815417852827
2332729678148436664
2684189600746670508
7374073749203381197
675924909295399654
8577386943760210941
4404623356559879013
2078711613298168411
2499424239030333256
952230300740489828
3113270860560384315
6449574377726294719
2052291168908444686
5974141687334779984
251571579785778575
1948904403534008281
2842829483200480332
5876666340045756779
6431104828209081660
2332584814594052536
7931348980355910787
2469428784784391509
5846496296640953335
6741771707324623525
6536617843511528053
8138163226020363581
4179117645518880435
3611555815487758482
4362688440728271644
5681963459833082376
5110666850350239980
8877956134541073168
5110261571314167373
5054145056942464327
5559763525260791859
1211121588126617329
5028711897480563991
6004428806595152921
2429000224582708563
3820102833271212128
3267559672069958201
2568275450696587415
6804851295001420237
8339716661647887466
7755624038879636954
3514952847102144298
3390354082705762502
1993047737312185532
8883795210069877849
7416067293826063186
4304260174766614093
3269400702401629357
4806211580830708450
3262306238908427427
2283703457406846097
7604960314396981127
1222795962619310460
1527940335142847892
2965553826060313025
8167054431359763653
2638620684515479822
5187285455114975798
5279412304412507545
6232993280882442518
6407574389517452178
589506342937618648
7536862951389868185
2652125707163897686
5622398582976074112
3262005801103818907
8765276756645429690
6520522914947123722
9092031004459884444
8854167368532191633
587861737262713622
4698858750942688162
4751175632604976009
4575522159131955503
1107323333109795630
6455446050917060391
5685718608836350115
2999617346715436024
7907104303023124510
4717822189524899546
4498207285882788523
6847565942220563714
1650720149043631552
2405320541719255137
2442858286047879102
7789140350230793075
7960882271358771399
4813508496199484019
7788469158097095529
3927041986547613369
8416280254372649283
5551410856917224233
7317926995716893860
115283910190150155
6516355265533450898
2068407222025980627
8782116422348721836
2505118166186166205
2932408340596529998
2001589197209956468
4018228072845903093
6943285860816616903
6833303932265068082
4836334653326476376
1391074170223669700
1092701243919106549
7984314816188518957
447298526509751241
3951649844179592874
5861543881247556437
7318315422594258890
7920890394697118092
6055161523864818159
4085425190495683705
3331408962540048081
539465832925334729
3993650381187771458
2146932680947926622
2165906248866289260
3028244745003564107
1148160480687696760
473866558384661238
7664864418503150922
3002430625730858147
3364382753463207509
7530676727465978262
3511730099979218024
4965035033621425923
2218006871846753823
6985461305243443007
6929286872034345524
3925242819817612157
1626125134099670098
7093802010122606743
3473620735367260416
5845307451590608249
2452940672037454753
5608308340979633717
1755373454443901033
8581331318835785586
2329453049886977475
9010481906015246537
6315132455916284794
2897408263854223065
8920686517207306338
3570727366209603829
224621564600412548
4816404200687673962
3303181069982129502
4557159195004452504
5949678812933794756
3565725380575461958
5440308036050314860
2156234037225331562
5253969756980960831
7122878477377087881
3899421682042783381
2645346179248296526
7261087116974395174
8413399141015056294
3091040694062402885
7884003085403053602
2915014127367399355
2143421690825924821
3718232155427020096
2107296288288990026
2859486177230232232
5082741393055870536
6118954150555963777
7171551055389996977
4366080444778081239
4418770636190443672
4957569291623873296
4592866018614352700
3429221644570699278
6571980911818203863
2539894269245750752
5090868964118943745
1912501998687497664
7023783129192767899
641182215778071314
1081780118995222044
6922209238750894795
2488138726229791262
3505924189100717291
5331664837813612275
819793686029115134
4380372177550357180
6525087751092341621
2766330721101764750
2909398900686612669
2855805239303454216
5754945437812512900
6559385193937860640
2376731550379445026
4795658910607040863
5011367779915302715
4512603832463361656
8688069141380426056
8923876579740310234
3218420098374334471
7949043701186822529
5662364778005923254
3155516679009143954
319607369702531409
6582517646719454169
6220152567958512082
5273592766720108917
3952589461918012929
2430846522850861779
9035296079601220899
1819681285870792151
1514810671184248376
4567499155982017457
7234119928514532678
427896389485729600
2583703437157257651
2465241859429294598
5284510346337069383
5254923760505196490
2421231247770487070
3386540972743506700
1624804418851764015
2924822151965604395
9185621857519572599
4252057882095907467
8944986929630351357
4998732915666097740
7928669415203669733
2016637412072653741
3420485511530951338
7729486823102076435
5334156547689134947
1238954307533757579
6020234037234931059
2264127831532956199
3065667716982096508
8257184659297716647
6144949332085107789
7208061317125390099
8534869865965679653
5131632562339599997
7516022621421939451
2084348540788732627
1393228048823211560
5688564596655392224
94215205744695879
7409307247137199250
7106195623006895909
5581896870029347501
9067942208272746205
7262005372033270821
8084144662445938932
7511288327855584721
6687458054908309640
2321951357409348886
5229985641872634081
7832541199173257048
3196599461781911535
5048109412424962050
2456616784519211819
7007448221157776330
2697448011363672955
6935430632698421070
5074336275934275845
4823813852784741654
1083221186878001749
7065219753978916082
6326684368665669260
6922823296442061197
1441644892048563682
8712244133399306956
5562468522813183560
1224561701459754873
8610702544912768957
2949165336479910720
5236107603880979752
6554723013001312659
7106765065709868770
2199074294628012166
2080022983816014626
9191635526598811528
8119143397938407807
871625056187565082
3588908216542233979
8423861349855843138
8037790432357191376
434040270047985045
1984529706258055332
2011104705858232989
7301320010834441582
2984966334025006459
3460414009714622530
2857079624903456506
4858432910446737237
3314044831512035872
7299628857566278560
1274255038926168628
2106114008885942075
3014486846368138952
293901067667742759
6694697884399666045
178103928291271520
1506913646507393181
1066875864812034948
3435166088940457304
2573395667545734359
1624421459470751493
1634925968444917942
8305809899653736743
4043598544054614072
2073940330086955506
7937917192166606085
1895916058506310573
7427264155801462847
1139427914493424140
7398292496029737334
8090927175800609226
4346529970800672085
1897293236196154700
7189636572286391200
540864350369959244
5135860653908444385
394935256247950865
5787508695638073039
8579391206438231938
707221277707561110
4938454827587830678
8104646942339528019
5722862197164425811
8584523932820992181
7496787253864540415
1531866651179928000
1520355834123741296
1466723084202480552
4519499506769765645
1660678316556169713
6722399680455984210
781890268996247580
2134940340408562645
1247107038014042860
7687422135449714242
4895871326613786592
5411728045008909279
3277668747904865251
5554729658862796068
3594084771719284898
5602594803673822347
1606545797795060653
9188159438034500494
5131107014917137332
6176676372337462529
5812853378509300049
4230493558030200832
3650859583249662471
7761095909224153294
2297780223924509665
734992673827101475
3417137607861815075
3307028222020059084
940192685265681187
547705253313670050
1248176117013413153
7859132767512171139
4792949160778402795
509325399163042076
8450071489849345403
8304416418385704819
7808400059013852598
4917471976638972227
3331118526060236105
6255075543519979462
2146276054729857474
1152250284630552483
1194142657927473139
296128762024939634
7684893642799738345
4580924915789581487
5020292182331876745
6719591279801047176
8396380063214814401
802755780131037189
9129528700190159698
1382707700389445549
59166585082160508
3643271352564722887
2638175332307235204
2022008016659013501
8448295691584087050
6324615549166280811
415901172217404694
7440551250906733372
4344443880099543998
5717065454841707017
5137663328408253895
7291706817990110166
439595630899303719
6129966515722983702
3390838773359279352
406934178398570045
4959985490891573887
2142452090121463772
8768090535812941651
7034025366065354118
5683653422942962609
1035633878722893074
7748219655741450186
3335014915537424609
3335247395986797741
8055194988309661570
8128542713152357042
1179257796019333044
3914378466093861871
8976310314323264035
3107735496428508181
212495436055425865
6989698001272013174
8818924398448474921
6344868970638445388
6889003011788306173
6812775553803702115
4407083352572726039
6589779455350994089
7346583356008083412
8642204438472863863
5812026624787344130
4696223355746316097
7078435072082159889
952981604810971392
2320539823710974580
6388988467371857019
5983710769602530612
6624581351861511784
7471751830101206929
7512216678966259347
4529988320381043288
6534228711947344232
70319966428197529
12192734239979450
8071926672161548888
8235353953681737971
2233503264596890772
1116247943755358733
3843349395768604799
70960400431540061
6821829763818992045
908191441276353279
9066519330586426597
2141521886052557546
5420219157713937647
4751054442520877057
722295349932217929
8239467921072195046
1796359373007547879
7360318413731039516
6995814142280175051
340137087044414727
2917871219123823867
5547693487148432834
6954859170652285727
7466055604042784733
6630427147974219364
8763034935133930463
4488969381674536305
6183949197107756632
5016737536366500479
4638575649525769683
4131444191182290182
8709934713071638753
5159031630704143261
7255833521233902637
3693318564051651472
6088807301912778391
6920393693285875242
5040305204177526439
6426307168865026947
1806387981754825131
5074335298335438015
6940328813400623515
4212286448767117228
2347014799491718836
3818116277303768993
7887572133214414641
2564028840494610497
4796713320487939603
1622110738345760355
4277524629453818603
4768673832948673959
559712377315989301
7396226377892231703
8319631785488709932
6636023698652218089
3821183617824643510
5932152358689850046
8114851999446834146
372804632771174984
2983863696156316758
8732799104298611599
59909092022813131
3988368732113094072
2204458725874796523
8379563842809373619
4446094887741257904
5465316357125721285
5733065633944722630
8037487121853977428
1408136493321068475
