3024292094339878435
3887961673001677256
1820645050717125524
3372265853019968797
5793499384184160902
7427915500570863777
988376080475180305
5464689443806045101
6773850874227322172
3539652273208446124
4429851450519879426
9060509876767615591
4816291984841757014
4898493969012381160
3812285237551612215
4889257623345829066
4869877180671807651
4487150004947097878
2775951902025885358
1062777418089020389
7477162608398619045
1810701360917707841
265443298153407629
3362657895945400141
648471602668665975
8928841879552424076
3721838606965630726
5929678152901285919
7033026331038141864
2227345727171111178
7515046912059711553
5391273395595349105
1139843509188179533
1584374303357337402
256898554135444553
1485376023806147697
5928938691375360545
6105911583225000962
8634885200813156311
850231971817263906
4993691754540676067
2513936454862714050
8173360129893212250
6080076794688171467
2737514921835262795
5198859751444190972
1122304754470023887
3922720426742242364
7169816122764334118
262124693686234600
6827096494464663592
8475301977831790480
7870118010482664413
1714358040293833446
7058764943714423458
4469940302650824661
3791369689549718820
2410720457815458869
2480541019582827471
2362954611377206826
2885141825328977320
8829449139936154007
3574720211314491894
7667796182296526944
3105761208755775649
2538303536241435252
8190771436708378040
3286100663565020350
6054349952712385239
2963246475520459305
5253153469892228335
9100848352431486214
7284611670756940624
4934977638124917381
3366538738685087142
3678669765542116399
2883299028978332699
4614159795978759841
8317186700354017068
7173358629336274112
1585126469306918544
2344287413850392018
2512230820360937169
1841903005877629367
2426203666126513304
6607756409886069076
5268944331475519589
721835389701680353
8344999348059647476
7756663648943977328
3436052144409426959
2364425372230080428
754820821878426879
5532244682798456766
6235882227649186546
4139247841154530411
4290939022868042049
7597892693494383801
8341865745291576259
2527668265032916009
7657224357274379603
8067134877920303009
4068237749886128258
3435900134754235932
4907207187996819267
438237431522205153
1520265188436064772
1639840316398287906
6702055603960429729
4449218369053245640
8217185881540947719
8676941219727839199
3185169078065309009
854515129009867161
7328248909952121659
2228697609110788488
8449925438996917559
7098508855037412716
1679325998167144256
6756747706705369403
2228569464581959920
7723314245029147236
3324144972536117525
3996891784442549167
3808592165818121563
4212677613470010071
3474351156885185345
3634870065818227871
2242191619104826809
650446202801326890
6301170207343820828
2227980793118270325
8806193962587847489
5346853776028510301
8930868405463173568
7948276097168932953
1193751225449207848
5215543438762773452
3266330185764117262
7965433905888745942
7400441159190260998
5566142242143894615
6576437122022447673
9158677939547375088
3718431349467917865
1486777693671422518
6450853626855155697
2631032397903896003
6955780506547349469
6360047695550676302
5681530431889617906
2861697144055532052
7593072164574577665
5846347354727463801
2347627025786543165
7853891688434066947
7710715973116458349
8339885779418814084
5219628041592326633
3216577426483489451
8169465760168075066
5775714102705390032
7021764880306058161
6621908184796656412
495148665690175256
3068521165421348178
6409817814727121389
4839650376897498430
3605132953125921466
614327562548513642
796571616877804733
6723521247971886308
6174369888853348468
6059359520806523585
502641380627296955
923868162855587070
4584719085049952695
3067872338287953293
1490127555420210645
3356354137400928376
3361756091044130446
3728714985490006045
6647865439332689420
7493756001594992067
3485136638489886754
479319495325517351
450341876591013243
1615112866410927129
9135485305792395293
1023294948392442266
7314683710096538251
4951797960662666565
6044070857502455937
8147502468287901282
8533128753191880276
6460107346397832895
8283087853934284816
6353699402416151931
7193168761169880397
8593206134059946857
7227898112508396273
877523189076904539
9156809658007670430
3867328315668518080
1104437130078239884
6804577812284832734
6391709250550336134
406530357770074784
8894203727738131921
4268684346984828506
6271075550365429227
7109804175493767554
5978563964574746034
1736781712916381559
6355428309841325219
7841093824300071846
4087039736499382923
7680641162816326653
312017329866911274
4081599854299949889
5331499940335918428
7070088207295492242
7604057217894549080
8273104466144006135
5456290720320786493
950972454530218673
7429480894085089543
5866062270582684089
9073863938646639809
2562198011016685629
8478180724900762307
3614570363144607080
5869180541164123974
4978821086609970222
1284110297530571337
6269822624089137086
8180933592491601457
1510143083183313711
722171782377128717
6605531617458961094
2692454023767941801
4386895127321073956
4093579442570907744
8843449645845211589
5814310076395606267
3834201480867004071
4354506616156686301
8668089488538443829
6050174395550854576
1555682882369203458
206167645318096483
1313099860781091645
7530539201872100343
5546742268730280019
3910996166306979904
7996979411941044386
3748927287829570358
5581574047269078996
2070594238277786684
6800182559863215153
1330696503266714177
1313733964955782740
8233143962305751221
3910768165709180946
9146842389656212894
7098214208797060434
2344737937147291143
1417145653119233879
7052214781797207707
5842546261014990934
5535251410928515530
3111615688481267887
7061193809224333932
8661535894772082155
6654322203218161672
1854331706307203513
141347968654735879
7335347774194316540
8307890690192526940
6029314930707436171
3363054100037157522
8715376072170996440
8156317981506134927
3710005308313311775
4547425926125774042
8854798724392906957
1287379917789505065
6724016985833196652
8280681910276630512
2562649075245996065
4713677906911456452
109715453852967796
353476735147515831
3007916897154814313
4664193794171857065
535747270123158777
1927673394962729073
4601678084278009975
5697529460403335114
847111576402254531
7580408349205719148
1720073474698511434
4824757041876771911
960430649668626534
3965885575949064956
2168126087711046109
8005659038171332108
4349026239650518178
9122746032413866475
3852198589488929076
3285138589084017296
5032195251984086106
3164520253207616298
4613684073717566473
3594960655561083884
4007546717224861575
4509425788547418052
7384375308681501939
1816898197152642760
3911949929772296267
3320400866451837165
3933418455441779869
8934999793034470611
4176397337486682063
7926792932352865549
6613745678179225195
8765680943879200812
7399476880783191268
5650959123074555616
5770751424694186571
8615841676072901202
8645396637846199406
64502950047216712
4805508434286094819
1761668228391723996
4201559259288221291
3150249544693576831
8292775837076147520
2745941589840970
8565812502019318251
5838735473257063320
6368036829448115966
1880015614313044798
1017398545462716760
1024693728452563425
1407471022369293676
8021985690266581630
1250422292013286366
2393492848339839005
5588362465894770264
1185985379982783612
1216830128958668163
7317460849722674778
8595627283509478656
8986894738242481763
4990009900275374011
5138969788324197159
630878746148653656
4446213963367087350
6368292092912106439
6133777987847126864
7243288258402652958
941048015482330072
6097824844784734478
8850942680900216333
8507258810484296524
4832173405137472587
4986654292861894699
8500364357137132386
3084472924606669304
7224528270513476186
2450077684054211161
432898851863029325
429799462471610349
5763046657042584818
4846538297724979297
6400946023395391440
797172291510947092
2817572076092669981
7736898646882015327
3146158774393495472
8761392846682390876
478752502629563475
7645326332769332230
4806655755324603201
5513941996354690571
4478070129938905089
5818546292289414903
2887907876155182691
2664343526311192015
1911429813147144638
4244129565125870135
602128029123532745
2177256632402782204
8155780721665635903
587819068853539845
1102090942914871152
2845353700866195641
6001964059796287141
8343936388302313905
5869627373227068807
8555630347299410845
4542941704902188892
4159354902268122059
4307422343077376708
5473438946209415470
7885851127961614718
1232896962560993733
8838815852552154480
5092602559076069646
513115170834127658
578514706683893680
8630084119370678237
6129046112927330734
7777912644635630915
5894959260496780233
3968951798249309075
346210185970396644
4050176693035823934
4508073297364239176
8933253600458530850
1071467179140253951
760776384316186590
2057827434099772980
4068766092241998379
108824586618733378
3683561999676265261
8757704373043531858
7012009527691239442
1896023685788790593
2752329349009278123
8724125765565027382
1592104880115808317
6203627091072062192
7541833275764852749
2657763097721322531
2412739458211246402
1907308610931612901
3587646278526863767
2659629880868914680
9016873938374636712
8074925911232206785
8236305739529159974
2496961524222843847
3652386869909813731
5124051699027399421
4134697291315246534
1230799849289660798
5759232933085071168
5078814117264470766
2370336073481881268
7309332596435663909
1715048175108969702
326953008631254312
8723107821877461759
6536608093983688645
7804650562390917157
8853728734201425349
1956551200412523193
8774970043060332897
6060943150345588956
6635044719302737978
8820904306633695200
1119812737909612506
6712782854445429629
4528279614409292814
5037986022809343614
7518981460092184528
3840976814504321730
6568331722815983453
2936530545474932605
2015599716742389569
3331793239167496511
5762154522966058457
5390399676761819968
5113504906046290711
1683778195986606944
5735723387078112852
3024882058626510217
3633800009671790005
2754585836151976062
3755386033939358685
4021950689499864892
3879254294350652457
2099858436832302024
9031880159381594219
2910709621926130022
6842446025676417136
5360608877223875727
3634533601910912816
7355960508481933351
29284159793880727
1716541534888143730
8273868131845675363
5505403726893550689
1414253218856859074
5034110903646090895
2373255142617370419
3823273415365305795
1428520869850439318
418765527063701110
5631618250672000456
1702414252992645508
3803343973769157107
8872195746554117763
7284279211627188610
9054762552686725231
372447297211351782
5207635058646521343
6127295986721820225
5454847188988557619
8438426962907645238
5244910951489524882
5246277572738053368
7293382716324274088
2956683207353364266
8699604264794587997
4053873753757491436
2702782580070699533
8257523601887334761
5811319587450651536
4564546361454592052
3031566682854101305
4293976273797622381
2465792509398102303
5990433288902489673
5131146688912466712
6045334058326925325
3104625853523917993
7180631409038380939
3655168290909515496
6623191863515435814
3496784707239337989
6182034893929909583
3035730515153608660
3693812087473903901
8795368132740369486
5328143753829766722
881653943525707635
8442869172497499390
1554994096559399633
5976598546099429422
5925828913323638008
5513156811729142701
5681978308495021798
4963233120145619598
3303140567529947093
3609501085592198103
6317644241959827635
5662100652608775783
3158014483499952047
431673346890077790
8982143758516332449
4708545455597661913
4909502893672196274
5232607071711666494
7593865868579810848
1976730352394584691
1735369049262712612
1493514693685412517
7841999674890402092
7789625823126137565
753771302384612988
8854371586568808177
1399269537662999291
1639828353552655358
4422578440597898088
5739923549791205846
1281049398047594862
57818496369369642
5805124900626501471
9168802658549677589
4986911074983964647
6032416922904543969
1204280487188443711
2445763098558702987
1290143393773658753
1218373815809265235
8004125995738816241
1775094098501373901
4545030153931563001
5056613561252671687
589957194142018756
1750157399871478935
4013604165187563652
1790222370386650452
6229444933875065424
316482076576205299
3495451498013361620
881386909456402237
2136116404688220510
942548566388393282
2136583030321570631
8050694355972726176
6588724786661208369
1006079483051417843
5261359899462325706
560699593923103921
3726665352876290037
5809118067029800764
7688656300002436244
8855080264373175525
6386893138080738220
1458799324977381574
4903757523732372924
1579769742043157020
7662585611831055073
4785960322731602431
8089520932289898547
4970894595410702355
2441669653241340509
5796245325774001872
6770355965735406220
6827111553732243625
2609354236399385259
8653866488540366970
4557050818671162884
5454545178972442851
1244608862282133459
3614905638253562836
6148916261025667526
6205778085891451220
1254248052385823522
6055862560654591263
5703980133905766041
870040714893784328
435032664743723237
7240685309786325000
6800711261193081852
5404413086477604788
3993536642094053797
5094685566035753325
6073761935609754707
632244557957981782
3949594374449163069
7974074346520471936
8325170571955845656
7142617556105152078
4675160169224869821
5972016914325652120
6571028596219232101
8757262911272576939
4569848948412817001
3930094925034060923
8555989267279212123
9067784052676185636
1280031434288874255
1533366374728485077
7360474752587693347
5350934116433827882
6877249086199118559
5555086997927932776
3712386361471430491
4268463528863519359
3460741236569857432
7648568625393897593
7907451026455566830
2410380212934490985
4765871937331705243
3124816103566793694
7532904332583248349
723300783014830341
7134283828962016676
5702799502696863458
6654850022941329004
3082669048706360216
4540211243779989030
1817550510139837415
193896171934918044
4676811154229363046
1289777846307946777
9107725268552062790
1658867887688973349
4837026773080671039
2618358974009655387
1373919620759798323
7122601377788581364
337203776114829235
5350915261786125876
5947090761863779534
6167874600685911114
2981982554382465814
8771272324618186045
3396414199812460357
5192674502662653521
7723898782869919497
4079032705408829038
139667077087773651
8239246674347172251
6481182618610246244
2188113191848026011
6476380359162337238
1892457670395532444
4978825895079274631
1793302568841934304
9105775732375834066
591119046188974500
7504818236651425338
2473249958848813806
4438382821554692140
5066577018987212816
4024519718485650180
6035271526943321004
7043268371877320172
7098646422204635375
710598588552608768
8731295356104978201
5975685596184456544
1501525938786849732
6480977208097374660
5343208745685848833
8494853466523683034
3097867312391119833
1313767089955925676
491394190775718883
5714989306634813895
6946179893276089487
2646200714595985642
4577620881900462812
7319866369380555543
2085314978299527959
3864109806182417019
7307511726375259254
1596889475624023019
5184469414618300817
3394374173276113958
7083700715336623715
1728305249604645871
5036550302158060073
1905423498072258874
3627248481789198708
5765143366230644756
3764275619675567160
311922270375998493
1046542748266190041
1839723888883746201
1770258940710939396
3790581024934474649
6756260407527563139
4620807948542415295
3642463199265919021
3548473183112719490
5293235783130140598
4130281770924140453
7231143155505163021
6598123424931613773
4504216392000028591
3567468799097305158
1456275111335409518
8260215318009054617
5671029289770712132
6743313408094428082
5120577703343212523
9205439463007131759
6386418431843254688
1754359159192438553
1015929953046552951
7781388868721919930
2670205266582350463
1280409749645931879
3465421343549105129
7708235903010418892
2265053253490203955
5843304444743615892
8369169939212694811
6936169576480470363
2267073521474389006
4451497450206849947
7189967321562249106
2832503747097373248
8995163327414026831
4318422081055481051
4497042035271787496
6828583341790822499
1247896590714723078
5307547206118566974
4417671536317670749
445395326577146688
4784428422744299110
6005760404685297891
6431806818017875367
5710276439273818298
7051164149577407295
816194237183734506
2282927264340822723
6735038506909735527
8602631710138981744
1431766770513628726
6685398192843370311
6124097667272501609
2324257718497707695
6187919218560586287
8736843097212852112
6261661464041664779
6179659227865519181
2943679951791720790
5317271222190064647
557104182639864746
1718859212710380430
1951845509560146841
4969464489760050799
2414382569861022461
4417366718581438026
2714884107989024504
3753519229076811937
1466581431554442578
5551868991135080632
1040256590807229125
4571335276550808440
8728805753893264108
9195472069498284802
1986091073603947519
6024074947927556316
7946703347109735767
6383128903869504206
5596660604206994121
558469121859195399
2729681822005675217
2849665258784611344
58332495249917319
5346282798508579662
3449700514946377046
4279822440054071821
7245054219999334970
8112314509706404443
70789051528467915
8790145309897611802
1017630797153338894
3079323242152382928
5974551049619584120
1026462781683815018
7191659769583499105
2444487148215631190
6048108532120715827
4432316056854045846
604263204176476989
2193197560730717998
654078225708985790
5254398716697262438
1068386944907246254
1495372599546400260
2565159695578166199
6327641120458506728
4762686456263327120
1455573704878215492
5709082857361093364
3414576503508729255
3896734510956385512
6832658225879776943
5383722836344566497
838451424799701016
4595064035279646700
5609295579368377972
8899536770088249302
4501331012936339708
6640131589692873332
3305840282240682393
4219771810505660135
3103322231167742097
4536612098892389959
5863224345306485318
7406447664320341524
8878366321397446623
5885043692517790868
6524122613657472278
4207177268599357315
5627504878981165521
7919421289927922546
2319813448007200583
4271131824913301119
4471467759632284867
3650135705677727123
3683960238972085390
810022200294951579
1048853880637633596
4215735883023170119
7301345585992372508
1215636897806112646
4691385430524424907
5500407384200613197
4224124180648908778
5520471098653284411
6825226301717905868
2583017621896076388
3908221063113542604
5854874619073157352
3633054447584903988
5972408336436542781
8145870523856587602
3489996763322522003
9164550487285754626
5792034788407907501
3246332325791693985
7436296178815172591
3706423034869872064
311557925807678226
8618511635900587328
1194286003962446685
979756168746752124
788509399891239068
1025230170086363505
2241533018510163109
5940160356600763565
5921210037056782870
472991613458987492
2547919359158314013
1479356134360236313
2306630686800106409
470775784364207562
3926555576977841759
8103048205773778612
8641045745173934777
8140143002036698229
5353315597535788401
3882917114068319309
4469222943971907668
7782293514522989999
2617755819508453611
4876607267805495934
4444551687496490553
6147050448446051550
1732063371294001423
135108796803913649
2163302837891760803
3716090269754658907
5529284558624073251
8180413458635815626
6781142103021694597
2358615043980901654
7619078782635261633
6586777550421173048
3469292832829794984
515189744891243081
7075213239607673353
8122777663798021609
3561870915181796484
2250178890536274221
6047319662159454398
2504693649697783814
4604714193827205742
6623058944425932234
1955564400326642040
8878370413517584337
4440027391001523608
8177129068773434502
1661613829278814319
4179467238245213482
8457094447266718707
7741956450207914289
9002616992101626162
1354602321577545995
6375608990238689301
7354561784233073210
4966488254097716936
4232404846395752180
1941393136103249242
8984776665707230621
6378659882645437133
8940728911828587660
2173121518276728008
8735294360597252307
8002769375734878206
2247820482030844447
7327082980172223170
7107259105310990894
6338671633762619794
2123745951136605262
7927080556689061168
7125691953923711216
1532167061671304572
4379271044581384008
2100820602894254331
3722269595184212856
675378387269909595
9011174011347544879
5312263847225677582
904369259629213668
5099802655863335753
3160676272606819929
9164194207968007526
6405485058656066893
7264572595829434550
2104143468967578149
2520782732226464465
68653721179854318
5915439388483789814
9050665736837941003
3637552965169214355
5253010116462428963
7424932395905652962
1068155010510542064
160904600370290205
3610436328880470306
6563385108238433048
459284061617056114
972047565675666137
4261233001935215034
7095899227765445455
7638503738401984093
7685828744460156460
