8495287928265773490
1351190718180655757
1318205465029222510
7358089750041474759
3373424556760872911
8095342572067389554
4963847579004431670
6640966468317623166
7054208877138160320
4739195742163602204
9032896113237406448
473756939015648955
8439431426274378145
2186778932813689315
6063696556470217976
4509242585845669936
4129517528902881359
8966794019650066250
8963818885905570843
278242707709464968
3264249307116067369
6129331188170036447
9125982259756657464
4917729087007314600
1773530611023656953
4508817765585534512
5291129309047695582
5139116025170918526
2888931293012601588
8471397409766722125
7925038026729343371
3768157779146238300
9097203890737374362
5588887972682814520
6872165339414202552
5283177908152007878
8594945985820674428
7581064867943171169
6802325136074452468
7040643971891709295
1189229833074906740
3800189693873267507
3307441881134020498
3615871643542127780
5890091959908011583
9021608623756485189
3479643955967558328
3072696654773576348
5889777151621969515
3397931734893207271
5088674734737517020
7796194930938451977
6484566546835482744
625039240262937120
866775628960266916
1555923575219948820
4700268603067309791
2181198974939429790
1019093044288705373
3967409881135189515
1556468161388080828
233744227867564861
4358864909019779773
2620850419722278452
6965974969216633858
3443733274707104584
4637185864689053978
7710846862789318341
1757276445035655304
1216629801596110320
6904115962022978797
1271874068389831664
3797982435018389751
9131866114771447767
1889389036189690768
6230351350777797957
2625407000965498876
86418182007557694
4096836657351020448
2567603907433559485
4819504628095658775
6893472729769859526
4119225440469142026
4025811198405717043
738804768133564949
1907445285663184588
5387239441005299314
6650508990437186605
3817585792399512890
7640634008819257197
7586429815416869436
6307208689617788882
8557821499389032859
4885532479651242705
1789171795261085646
1723230878008998683
7025700554735081586
2650832257634908211
4240836684507356804
5157369170084137520
2051472923145620451
70585861186057051
9099204081940036038
8196954385322605344
8493661250999803215
6257312997446328576
477052604515017813
1538460931042767106
6294216453571635184
925184678279345707
7475544461504416011
2344767140913480264
3564093971007864378
3525097764080194265
71996786253553800
4547369510589278918
2947256930595895829
8218823926002317027
7323050460856142388
1333508404458537003
3908876208424454484
7836805091662500212
8225935811395093825
5608349334294632681
8839258298293121048
7114086427467261968
5421235289678887852
5742536846376949122
8135112819958415980
6303433437397579885
2315012856449781731
7422005261360546341
7867311461719631189
6453931557284790168
4475259574208300266
4318419793943199318
2682012602756822581
4861122006132445340
8219455293063936292
8953540941382074187
5762628919650659901
2332997619271515440
1219141613791406875
6885544052805732011
7203259174343188730
6865932313764022630
1065764004151673671
1509233628198056270
7426028994458966024
3044967986119130135
2407615232903924313
8323402243889892705
6867823317707699691
230612976633553635
817078980008376593
7664886123375827989
1571397277148023854
6182618645674962764
8419202843054275202
1459039315484473568
7397598627696085745
6253872516582401281
8316011755013199956
5525014269060034174
3557243805648376877
7020206202897689637
1732326796103339155
7866610592058733951
2487342484435363195
536026280275955103
5697765762752991490
631816905903283925
2190086945237950305
2401361001053144718
1835839615942977572
4207284091759017367
4433664864381046365
2825409268855182076
5541780988009082772
7993342061277641344
4488884034570290757
4397307499059003231
2218119683002425740
6634061719680912725
1150497879163493884
1294119728003557415
2185881226374654992
4136782464218639500
1795987387085560746
1382737439827151630
6174658625147935732
5578460050405589597
8413528746225929660
1114155715579693877
3652099823648313487
4143582493274706257
7182060639321571887
6313548595557882529
8032993621674571722
5498429444757048991
1220887681853165557
5793743942474072715
8980392264372781804
6121321528697579887
7514271345055399517
7120978129847210348
6316758786535022089
3541271329346406277
219248095944189609
8306327459752832613
6225235678573781977
4023782245219151273
3811406294360224751
705742323595337431
3478745245309729749
1745437110459001503
7170059838168650730
231067427290050639
5532989179814113722
8278222063067308112
5229389861285847916
6177395284428676808
6772762464957805708
2785408563862335757
104595477420754337
6929116942418434885
4533016697474788356
1932322907677835711
3405664926665750100
5370759248126638174
1203181516301581369
4090546984792579907
1797995852153345996
8729002293349599008
1136807875237220591
1800854818934533240
6815129357031469529
3645252451475008055
1750892588045900585
4815315812581138039
343156489783820214
8373263797068371671
5794871956904419621
8401205868633753960
4806939661127152502
2220858682136433216
2614539837238985387
7742402576147941554
4435702050214732623
2049714518982244637
2844287892645171860
8898100465785992528
1760242220682449460
6486982427610021047
5641612296527705274
9052174938028976899
5206185234567932125
8921483804578679180
6300615430929242545
7647653106410730321
712889986645548054
1005399304776221071
4616918956762410798
7319991966543904246
4523743566518705562
788770371130537492
377433449059961241
5081771986612687033
5109282897055307200
2878399943124474164
9080964294944204812
4520871148642514768
2720197168747475573
4195952122850003631
5259408407430655506
1444722748396717936
3497222476127803717
6445474364375956113
9013239512072577136
753223694797630340
8680714633085239990
3964895370973494409
763953082488648007
857017291491195914
6002107383448522885
7791825297562248447
6242065575838851845
2626600923328322523
7562675781048637371
8214630241699233154
522278471043530239
5257218107821062149
1823018689548996843
3307692934836319083
2015930132466518008
1879713058540439488
6944610129793486087
2492562452771788243
4859627382325421431
2749511734751852930
5112892275779110999
1621832022639123350
111086885787576410
6415491523703250195
1608362456571368888
710485183053615202
7122038192742254272
9179107610946043356
9192474275479364702
4981465449180261935
8134603272838138732
4497994051360936779
1971348150768244180
1943236601587354178
2969367578090206259
7977109693446123248
6799103262517916381
5503441646480511667
5139941981542896279
281338424674658690
1458961638032938956
46812300201214389
685691039811781667
3448502878992758897
9170147211662106387
6027317992181535704
3727491675830402569
1348006262027382590
54252052255160141
2285030399981348669
3517056804658970354
1151623351465324551
8664318637968416284
8414387411359939555
1056547357530623460
917844001673453010
689231188293491677
2063506888308861163
8913531710891892182
1958901755455501980
44473593178471187
8590169485389272637
1205609523352790192
6100330678717589192
2326621858466550825
6896476307089744576
17490722388250017
3683980548336089595
1874638572525122158
2352456438898100518
1483697797514756481
3071617130134796075
6385551939137661680
3367481904724078951
3122528375651674030
482977289786260726
4987832809203206892
9094906811375349097
6092536640181798949
6672433514976877667
4445676600359857539
3860005617353595174
1449250884261384547
2957754666226636557
1884158318319530651
734804581334047785
3206776936911405029
6979368759132560642
6633174101836595887
2736620690492082622
8560633256908566958
3454702418003636099
6684394984284586199
763683099430586646
450483839319493646
7866257144645515680
1678451924419028943
4565111195853773710
6762786442379829363
7929958848993667555
3005789901345126136
7430435771559886096
8186672264580994977
8408147138218293063
6813177599967384607
594122655638356160
805205972509656929
7999363207913862173
5924592786993569712
6306272847357179997
1796459358322408593
5630515702978816064
3769533388107389020
8304618639421460037
3606089295569054609
7045166768168566280
5510910600893018345
1805822245864913477
2808054752021704473
7180317878863540791
1680764332332931278
638553621422287240
2588957297596684924
2163549874085684969
7141367033864699586
3824060690776611827
4780441152729232141
97475076888144837
1981663613602055326
3175131631080614517
6928164109976492098
6074464354226355018
5646091633478924174
1177711116085781454
8506712057645087840
2934078056656629406
7024106468739165351
3550878948730783352
8869200983315435392
8233118844719473247
3230201763277185308
2531089370821546942
2962596300750927852
1803155571621343514
2188135842590391384
4943947665277363078
3373200207277453476
4814707865040626959
7190956607734829605
607805493401292260
2770286548933155981
1133844850716723982
2735446243138824323
5573249870890045241
3511845935822201368
7948051862364876093
6252802827121250089
7497076576734494868
7135275903180091388
6397868459821890219
2919107059960088263
8428043646548633941
3039264150416545105
437163127943589045
8244780922794005350
4028253924698234292
8806732877184152060
5956365422284036213
3767073463236886443
1149539819273676874
3541423910036845371
5638714541274599714
5193961892877575328
8505615113445416507
6177423511316468207
4944085103041268803
2580663114932613279
8398783800232598593
8132451308352050241
9134603036106811371
6102946161396919086
9194373214324906305
5224272942411525601
6385986958433637053
4621900545566196961
2293302181064761087
8027761896119794239
8287766997633708623
1884043496736091816
6563431556395643481
3658437397428669787
5628964967271782877
1343924088713552815
3527202566336002885
684500746626658212
5140320993782115291
6831266367796779496
1528531646641384272
9133016250584170229
9093717526292891648
8414815545934246759
5793285085342135731
8091292100754817509
554120933558623579
8647599564957064755
7410400509670295131
3826977857690640835
403125265733830079
5071749715178662035
5539529360068034798
6494600974266950795
1010616982730589191
2526446162774550412
2329820016422939480
1819221405353887230
2319962374742146541
85572628580157488
7101857991003967436
5797845643577418340
8147712056113889309
4606914297290312373
3043437699731170060
7220053432801866799
7566841524406804097
244715309301211623
6897015491399046653
7956620891541492139
3271526063051099633
1290010004626441749
951245114969898733
5785647225417031892
8380363514011308887
7064924794815333859
4230945216338717844
2712736370469787426
2375962023142892718
4140331888879091138
6748664119241527350
8719600303783245241
2334909048322461554
2965978868650028291
2794067125683776698
3176329124924463521
6755571900809843311
4048263739692828514
8842494724491467044
5573320549176929547
4488076388272543555
8690001787063116302
2866039091730582897
4684640958521746976
7616800606188886027
2236783209528131947
597772897410128947
6344550574424042254
298549655173599292
6898690891433306445
4964833849340865884
5931927661967483623
6108743481931281811
1359266558697314087
3828333191294937597
7804032408329929522
25581318778047627
7799692237525936103
6116832078282824718
2764997823657174919
3106447696295904830
13184887886282674
8504285020321565508
5807838680931934001
7642301382520269721
6153092605668083285
874275667619862971
914559040559132318
5665504116365299768
610934104417898479
4225287764575463325
3015191682741680662
7079101202545586665
7477535715271632236
3290387915950678654
1958836150130568844
4750830723644019043
4113124093060826474
3988864606686120075
5802597321182759331
5671322947340255351
7681355537136945979
4321446599912236205
6258489762164168612
2461745267332411592
6395455074168063072
7263618164655322851
8564783185828547525
8221120394866753599
4334021941076702349
9451796549974161
3220367785447601006
5964742677108745321
5648791644724572800
928228001839393599
6006485519617794815
3536242658250250230
1297651344098476741
22316587771606441
2520518988753999895
6127167651444374407
4845026952561293247
7951265691828002469
6421514447227122921
8396732956322420923
9027825098731083423
4240516413688971441
2542295631603311795
8323402610196668303
9163142582935638145
8910223638838618631
7162908525509264284
3494284026334436031
7813258117322591354
4997494437632349946
1784827470293519691
2419376266499794410
8894431274169718658
9044115338765643329
6370915459064050050
328463248941621142
2269034719854108767
2007436653322714187
198224601495560114
3063584230797989285
830872290668115726
5008321172182902857
6007763916852119995
8259818400490950512
1616154384026415588
2136145934849181465
7370233246105393531
8456922148662628162
5870759481149778910
7938335128995340134
6861699024743770454
5613215326417637840
2815039112930086517
6125998788188456715
3645724612433543919
6386777682767741399
6612308477956297173
4890443032105088548
4789263861527887889
7866067251205455902
1957879243707636371
513433872552777313
8999121642524513700
4338182177273986135
2205780039138582874
585824308194098214
4502962360480286085
3080608790794003583
3344884694960599354
4281967404396022631
8019798598644090500
7932207205874465578
1812395249092031460
4263348083504262859
7804327071322295941
1639713672394400386
2443074801664007379
4985893805553049441
8180982839395901490
3429506365433065138
7728195435895376936
6485433857312684464
1279760389478686636
4853077379348188684
2582706836256724526
2678480297850125819
8390317586576808137
7289772519345139673
8624402448176799293
6791368415953836628
7862196422577128817
6496727961389718384
7811714677918245854
4788626432396094393
3048656483701873744
5162557456957135437
7278910996036131141
646403473058022310
4426672665587191929
550657684383562523
1400679116715869567
6317950197021985256
8349400484211605581
4346233742632340228
3380179675681795289
4822110959032902575
5095934759166443491
8578423587747621892
5969154804816796
3871052649791746094
182110945003636666
330199074087215166
6160882536233912712
519556253975168814
3745315023519340939
4102844648885970807
604178749571713124
1919959872353531569
7576690147136500395
384633714594224533
917192093527882027
8617441204282484622
9181598361258733547
6780182093150440742
220417543585824903
551193621152485012
2027784318040376152
2707649669811710527
476868307837093856
8980128402995915251
2331036371410290943
572615066813461759
3784677108351632193
6976282927646181127
1507247004119406953
5563318858967821819
8018637723550933144
6128634872206510319
6470658925202324404
6405565117325118795
3431809420413442987
3396159664475106076
743132540736625239
110108567133404481
1362347806222934752
6496953347443645553
6373021065611714556
3147454811337240630
258091149509454670
3839070249490440243
5696909329862955792
6488680840632741200
4634166430422140933
3293640316878941908
615751481049177702
862927682886146883
3557518157848993207
1583226889472931296
4783761097672455466
7748337569790395481
7025317426719297531
2300809414221031130
5713538023847079619
4136013725515165773
3466048358976441130
6936913402015978692
491935405570531620
6671701320984649620
5518326518063722983
6359303070944392082
1658479313484066991
6340450000185492368
1266714936549452409
340007344922713299
3257371470863301264
6447129666277318113
7473318613053630731
8050407981588186371
8414075699447116283
7112903388072583151
6736277803202138470
257207513231144622
7302518713540192001
6293949058359007725
3599088919677753714
1831842761006213260
6510430716705412028
1471429138543564718
633738242367383714
5888828695187038628
3981043446589086979
8065998251414974649
7193235628405551955
1722276968974049806
3788859331907413048
9216820033049972975
8573834891324547822
8401584383593357444
3403500223209225802
131717412371019409
5944546222156803138
6339241093393651528
1686676254935128203
484023880382454186
8102867804682759200
5942481072054203113
7528832397302330578
923335799924666636
5672887064104244351
3125849620569419321
5158529206728916100
995940052943302449
1982400746011715155
3383333745969640823
3000915240761583380
7201620405040078183
6773269522201895949
6358451571881516878
4159353802067664267
646726146091963317
3629028776326018969
5151860095024683283
6930849589902416198
4972316512010024267
8138309340636994941
999550327985988438
5197582738042280833
4763477258548083399
5602232103852237432
3118729573856653981
7009621585005289154
2643329560988543055
4706977164891992748
1046404794347927861
6096202342167177938
7565438256277207811
6092293597647672007
6655711118951312441
1862783341183669963
4222826970168107332
4006349574923716351
7676025345232336176
7369604520641343874
8023280504274119131
8331908778530880240
4801555879244942272
917242286647200183
6576404118017399670
3812190019891242261
3491930133196012423
1026350093925791203
3754526482245808923
7873368809810320360
2462709748627421199
9152497730687171083
6143948901844980234
2619527363939200768
7383696569375704187
7010696328437799082
3119787160162434999
4784846108109245742
2787180375891644784
5222710823628514365
5364501076796318944
898217934915881409
5316305609362407843
8079411591478699982
7600593173336105327
5176953203835078551
8818163412374166570
6122301418846769445
3850247082340862333
6106997718807419647
8146347662213963657
2855561940381685082
8907939675612367739
7371012155080349462
905521861126346162
8410657665183728121
8027307446574753508
8185601359245178537
8263331481963558187
8670630577987335153
1218815532977751630
5585957177232494867
4141939236743648601
8920417053557598969
4280761209436449355
3390778042199619646
1263267212234222713
7780068593002203560
2404327644940279238
8094844724046324295
6105068492805550160
2664797483244925954
3255185618248859849
105429878118113566
4556689502843273135
7006843568527747069
2463280055173194038
4283054397464973523
8190691566382552595
855894387390261171
6894110367348826891
5297776209624268574
8752023532259147662
4341614450553382289
9091112627811525623
4524415371791624773
7528443127284764273
3452159401719432123
3695447077623363831
285686558319169590
620739765885917054
5761544866980533197
5465106513082584177
3001341734609669113
2380107466515063595
2993163226340377379
4148968592699140608
7025375409370100801
2889453020133854947
1341564015468886849
5201002768937632017
4604473531262095186
3337317583973616756
2159844859154743056
5468743301982540762
471098580749284674
8628238610422815181
6770156090645528036
2510501954466598168
1135257667122468337
6817506626033057802
3262945607304630243
4888641881448848891
5960014199913109485
2316866924926159284
7001315831897348409
6111324817051654973
3791093973847618785
1243550850848077818
4237702978487290179
7988900837268679394
3690300618199951705
723626485075394384
8761342134865199638
552303185235764313
3582950273981754564
5412442379754213638
3739631462144396881
5756714065059042063
8932948011913576805
3644765380583497407
6766772281987343154
2738722027511625592
4899889679549403073
3268397876068506193
6126983176842884716
8337092761384138716
4093718474671899569
3128522087152426054
8139374677981219218
7916448474832288958
8781758361371067053
2105399445722440400
5940249783861418944
2489603084815514220
4353572831462299184
8335458353566754601
1564247474731475320
5115903853880683606
2614164572692423686
1090838790752985941
8276851952477487236
8393874077390076768
3713031191166837057
4585789199034585481
1699069600895715959
7422556617632994316
6251527857982590660
23459877193066813
7555033198127835689
2056749517528758824
2682655512985315684
7644580333748669193
3591173384109964889
907494925802226811
7470326553610049758
3726707125223387154
2402937162139792295
3341150919484931479
256168489114797822
7009728733709680976
6066502682404586481
4403902924763815278
1416815673649260108
1669668427847209450
3508948287379121569
3911942636359906803
3442454251145758312
3683645244748498885
6736125125273700085
8964210473246886830
3309235757305544381
3121938328405423343
1207613308795041418
8191641988403993152
6327001958398408465
8469121562870426790
4771519979997250191
8149110849621353347
1747304276324116697
971223825938496542
2102746476613997823
3748922442081751375
7540544338693290577
325648033949153921
5681728448807162808
3962826628724323355
3741577466975596790
1063297122019111599
2615061420549526608
2398130080001749696
3571581651135145389
6430625788744549526
8924156019857757972
4385284869156566722
