1181133207303627007
8926713088486497970
5687433267272737545
9012773871103288592
3622416175007830389
4180441496293266504
8655818462040591560
2096360055752938651
3390958532983940610
7043143090860991394
4929111483650728111
3536806252859770189
1653163006104073197
1199842487925053189
3629223201743837950
8811021421760179372
8584807586450868218
4744839245040759605
5544972577991561712
935959090803467653
5783053822358712720
5489742001330956009
337455744823889320
26204301263228568
3643580226981286942
1053181740911590606
9095181770600216116
5777355777197537986
7941876512625618805
5957024762480977686
878080346003841005
2089096055697819306
1946044332305471869
9096211786263169862
1410522826532400105
6325239874586404466
8638324497233881217
3511625970286167517
3419235682143145232
5701856388159019303
9082570609065750919
4788444093930915986
694714551612293253
4932121748362162304
896561038209693712
3492587513075084729
4669633802392563076
993384369430820922
789764170008195617
7746102594744035436
4583122248328780100
838745865130430118
7736423686816771026
1610248627061578690
876642873391047982
8173547816869701934
4376681103361447365
149245929840810625
6020584230331153353
6457904666181156532
7261545058027661272
3046393728804340908
3648860967604732155
7786558055417435438
2354281997373023003
7658652921596973402
3757075781265181180
2184448677566362747
1838675805911657231
4107107443100796142
730537744980742217
7129571409593755304
8229991778620548322
6950180489685433196
1487452124927135988
3115474048865419946
1638343435644332189
2330016494108125490
7849220554789835055
9191210436367388581
3445472593106263221
8503928077456485698
4249610823176966837
2126512913924757013
7308512157153496447
1081111938242187637
3504714922507313464
1120151689246301830
1937542438495461112
4147925030693855001
7011638459603145861
7611000241370252161
6997213103967832697
6452769877065353144
2665488337599541040
1045380198234672849
5497356691453569189
5708870225211728649
4680063888993809585
4727863288555590903
3777854255577433886
8627573189400868741
6908353984882659076
4151741148900128250
5704121399509402878
6244301117294391813
7438120953585328187
6230753076408951718
4597929657645428352
6158078290768606987
6324868304891622041
740608897527303999
186690636553784688
5355456769748706443
638370960354438006
1214862289800076947
2880028482356955824
4592314231737511513
6639189814234871700
4900381551522693971
1175102667191346376
7816788869284541593
840084333716870403
5952420773141117466
1359054510968608456
109944799086639175
7237906089927583303
4193986490587938070
6066590978753259528
8319597647842203109
184183278042053434
1716033467433691582
2676525746697435879
7110922149632880168
6899970467024731124
7026218685540806177
5408739710794967465
4618870587123664883
9046173184159745437
8511357187314178832
849426759916972950
8903228826363161496
2736621775630940492
3213419149013351597
1707580612003943378
646319145813835335
4296596305066068496
2615123692563994679
8352291399712210778
4779093657558768567
4847849846213508653
4722805584122811764
6183566409597953634
7675053247110342076
2633600772551516797
2223832683160208449
5783870362080338661
1210287239396874836
1406490950383047104
2498463563874220886
8982524838906127408
2265807853001297757
2478687042149475885
7730486798363074559
7824702190391415316
5462077675985957521
1889450076583444408
4661821790025597703
7063423631766206328
6875741392877752823
4961333542636603419
4017757589681178203
1812934700785747516
3066919316021741254
6228402663980164708
5427190750059237883
2788151716427261855
3364240373231663936
1061240358441489526
6318951246610197182
4765191596274574772
9062994499030537765
4697105159364614433
5383678492020621266
7867458396584135813
611522461905838582
2785632707580879053
6871233045437479054
3324874651415817429
1158065512850339200
4755809418145914518
4062495039404308754
707846638923266302
9117373817769158086
8992147695092283832
5067692580437244744
7729602180653094263
2054297796079750752
1642426510991760370
2906983799100425230
8425134186185954400
727266931699782333
8241972086484469065
5336520028629303552
7355961624341603466
6153082224125906404
5401209546537624622
965795532314537851
5074297373279840192
3759899733607338608
2635143679386811511
8896599968502981498
5915909643534090455
684935064394724224
6708042497809114617
5076739546060706269
5163992641186020200
8746004975067269214
8709842618353100541
5249624608759273313
2291354610795814752
6159739136360714142
6537483606643749195
2961900612406798591
5159804884505450890
6530105175533127983
8283110700715746626
7130096243209701974
4635895324822729047
4092959045175915362
3024897480871066138
6973325700040029424
3147781469285652092
7627139089784533775
8810634786625736604
1669323670229219793
1408305395218980572
8218315234498078439
8680609437755659270
5847493107932650297
5424719222496084795
3825201576523503917
5717228983087701315
6022640602481554603
1877877146686783007
4052576199175006319
2930912871941728569
6059885882327501415
3559606748898582566
4591180567932027839
7780681465389618004
4144549276023442006
237160271368630575
4131485317657602043
2204667771702698869
2487702721137712040
2479517172525474439
4292005419414430249
4543572306479190465
1838724645561065558
4533042512094997856
7584833347290049799
5699218398860729918
4538865987950783963
9213022135148863032
648719285689628608
8271714584136203877
2907300730437603492
4452221278696839050
5695052928721438483
2233290041619217765
6146310368365741708
846813433705978776
2352331071548210272
3638568956737248800
451743437143834542
3714615491439260481
8903896508490051673
7101367267154870344
7940527439407315329
6196462203333588971
2605212123428800616
4807058701673672059
2931704185685227206
3199131743007037234
6980404197294695258
5749398780618579404
1057013908544219530
1555681276071331874
5665829378457033185
7068465379046972731
7892469066928201770
3790254350712784292
6696468038387116904
7582406811218866849
5471130623000164842
8065158232499060011
2433015169949511327
2422746321232937902
7092921451909181231
30927297804658670
2146490284689445374
8805836895610048087
1942756383756810635
2073990670241364780
687118223991611415
3430581056909022961
1715483425393648128
5493578615442919666
1459731072424363362
4855091303119134679
3933029614517226578
6955208948346388600
2859453126844025197
3110167854756012681
3537831821594460185
5756426978730928927
7255854136343253926
5296720094035093767
3060427488152276064
6342194051764793664
5680489126615449704
198300084034873476
7884577108430559568
3801744455412347070
356740121524128124
8908915980263872063
2021404334705726451
3919383397512354993
2950014997645661406
238689354435756207
3419134218313634074
9009559013386662834
3255254237178082684
4826362604351111499
1723322479026712986
5549428543102404853
8020421216768613012
1977243428859216796
5234166840249353877
1249130940506434669
6379796938933162728
1852618291148815382
2339387041701390410
8116731865150350719
926741715112990343
4446720189430319524
6255226920372266146
1148110642297259628
2336051242646722186
4598960991291535313
3708571871708976256
3760186021002444965
7382667233696903458
8840375723239596076
2357370408380514445
4053341951356590733
2606592875585513241
7618332715730032434
6990096779841996098
4438354586165134381
7056730669036363398
8411024314085561367
9046528553610761843
6969451494868332078
1902941966162773423
7266872579239735374
376318883853575085
8989102217786892293
3109897799979502232
7663172680920858101
4044771308089525853
9193407153076970713
6463194521276341483
665569778991020648
7758147527462115148
7545331074050311461
3808245251511848228
478367019268428671
2232884278887604274
525047808913213688
7019303751891755885
1674201223767664432
2745914191281590477
8542050321868276730
8352749379559340890
2897628602063290411
6826604021439298208
3048442229479947055
3545357350516053313
3629781011283999208
2246811596678607265
6524578121516573939
5851259431431891327
5787119833208386376
2311432218529293602
7885848543799313817
4547249772713982971
211903735641286712
8750448742017451217
2228354576887599140
3719268246647687602
1033520495950844042
278549951210337348
518625231382848833
6725112492559436866
8608538910572980668
8521623930764341534
7593510729193154709
177400798375912379
8760867608515688297
3050414460185586437
136343294926626984
8448071355299264385
3897127895763280650
7190564972334165230
8372173952296349156
618324941277118847
5342866405170659527
2829455613916776177
6081300328910525606
4823542192103604072
9074821231084833417
4488305099774790233
7361894858708384362
6036871256739440825
8343734811818603583
1590503079768850627
8748194548965545555
2787552113732451371
5093567626981853185
2177987408411408272
6664202821252971640
5286711807871083183
5997895744904392336
3561622832621114146
3552509030305947246
4219613733963467430
3922560215949766683
6472860073209984245
38695227790220020
6515485278802949792
6473073482801987466
6175468940930784297
667305063208212605
576106920326908715
4337408654925332817
3529379259682274281
9065290116347313254
2432631540062588993
7739660721584614886
2206069631856256982
4324652710040199821
8505340931426476184
6608211338464946582
7823529332721036269
3878903475031172783
2309604879129948462
3151202801556823500
6280803353248847629
1102618701895854171
4449652656150479121
6033847089946289875
4428785990784792174
4640778664991861158
3683604913437824611
3691554830972209317
8602097356691065928
8315247808076188412
1560579400183400209
3103796042337014851
6553568152769421155
197888750761200623
4468214630996170168
7821009380552357166
4527599396839339127
203422183792501264
5347010101153752852
2286320010372008335
8937182721831902935
8432658135578961119
8087314797914521419
4069338943309934511
6441885052878661205
8701780745490636798
7340341879735635895
2357867565712489688
5213753064686254264
9016962482888664516
5087928433487140277
1350515709484337697
8226809670400536858
2075396846152590178
6452590725505471376
2395329573110645037
8522508761140696686
2896710289303411229
8064395915775924347
5269059553578025617
4881911340493655919
5844085483282204338
2580965003225166963
6998332363621361778
6492008879183446793
8593137589280944450
6188913001451931792
1623254625861676358
6488393477617952883
3219602074224974690
5642434653755619331
1251126620459187938
6029879499548673884
2830300547829434836
8317266235270576421
558504495161179960
2218902771123757635
526633464896212913
7894166749369307241
242849831340355648
1979252677402816746
4189209492309668647
3200969153784536963
8230604033773975099
3379420201382080324
4866341081335331900
4484528653237300825
1939745212566362099
742427599717385500
3708586843596688315
5040064143114035000
466434064597592409
7675893351481132720
8649685621797561749
8041674167447125954
870222278224195573
919330656359637422
776591800245200408
5167610902000855115
3267393756171742567
2905142992439395972
766660850479439852
6644530193913334023
5713619115815000305
3885699950727000431
2178574922759739588
2090470545512919827
2186799866062800498
7438505795502482020
7668114543472267656
6786188042723585640
8828480800266915118
535494712567809225
46152519731323250
7412176964829879793
4622039663801565428
6511478441439385786
3060251686545418343
5137000378220833991
6669516212206696965
2750424122780268846
891401223348142473
5553628874759901666
7209452447997678814
1917777013089837161
3882817029049583415
3167091477061531203
5157356009152657924
8080345276399402913
2964581798137335944
5984642468360066790
2962826177078572959
8060091389605902651
5628032379016741121
4270788009442202359
76348643412382646
6353847344578927419
8813124197137833347
6702569429962179408
3945631216873195795
2987532852533460872
6375015029107198544
3608994366990965933
7056212478398123891
4254794998835082268
4265101520613486195
1898373339615039843
8051551907480726424
6422501294745321285
8998786252237477967
1068324096179379418
8337730005553007089
3342553496142649372
936041065099041790
4131430470319058911
2840717657928187392
2278901345833806659
7415627529039410854
3017154281776686952
6185863554958769048
7960842857961331932
3613128921845443168
8715245954672103337
6160004008089909320
732614804384389263
694197644358698173
4234164843908878534
3222381780119213631
6007495811654738506
1426663530658435148
2013489773520366590
7809823051017125796
5599659603867047185
191236299687844573
681577365692250421
8476156994686101379
5243576824132755992
159158095707605996
3822471311946303022
4463547967972760532
6099883195534392721
7455069408297319335
4777333844041097578
1923700627552125750
3960396540887627723
8453411116749735861
81786562139230869
8318626324500371111
5400057508743532988
7847112409711470454
4390797696180480053
2632797176848741809
2038540905856543568
8043278520753586704
4310164319910574689
3610714409379125576
7129528789856404364
5780181279236963721
7847531840872173083
3992038021860592729
9212916911545207243
249158633261969139
1176253007464516590
211765637711130890
7078125141299963510
7556397278375693370
3389270798365340137
2941678872580584978
524768351201995759
3323219584538255326
8240045625662604714
8740366999874010532
1374928057478122383
5725471791962689003
5194681611305776764
8012688121322576807
2463965393775860049
1268644749170850105
3901800533342281022
9191495244689771008
1410680252025285629
8436852648500876898
3925085102870995037
2495533130530979439
8006462114645446573
2396057526519417890
3321790314992951484
3085792060758272051
3825292854381271840
5357825947333634510
2311337474549270164
3110435791276642601
2566185733014309715
7185729626759648811
5985430358152780320
5903716924214050349
2872196301862501273
4385657394311133490
1249162976363591050
4631311865298416362
7615158652338753182
6248432383594998922
9080962854120290697
3292874847241332325
1175839007305244678
5380430954293711927
7985563849716462039
8415909754811877158
7342600488869543871
6471121012935875120
3398412738618540185
2744837855201875860
3428006525469380166
3910567552158963814
362643214563063262
5943693881349905902
1788991632725518721
8636230130468645234
5150161281456754415
4424499461254917178
6117575878931660472
8043272956834203771
2190310849710310787
3832932311967124220
1367552281580646566
7886857633623136921
2120894673392005417
791203059571898278
552377963627050414
2965823985167207079
1237490978333830514
8371354882863595680
403309578604393753
3493789153649600250
7476816181375548207
3522866318357125702
1847631103592640010
3110175194844615476
6992173368099834646
1316715817854212714
4524099291479117505
8884836029430980724
480289039846975452
3647493829862665940
1396317167086794902
6798383863593768495
1740470487420295713
4182350446094394347
7783314005656292958
6416946165150802054
4718987808748043186
8262025652271065928
4510257312525431956
6390748152335486804
8340524791823437474
8643639146738417191
2877066031844773595
3525011601772219475
4824961943033914592
5399638380871516193
6368080577669645196
6489647469469170288
5991846238246143728
8586798085724206386
8512535753131982316
1949066703038310230
20689898066170252
3756199781455573192
8670436140469330116
4207456186347724815
2940043959423441756
8560429250167104449
3993900622375951713
360129830790962462
3505882403790253807
1479066453623740290
3198258306167369481
1997606673582653964
4326258554849369643
2839775427003671851
8541433975310443322
3665434274941820532
2427191218585405505
7311761116647348726
7134386071564676358
213724872942635886
3481887796535637282
8951054289379692262
2154482375161996637
1564944577287218635
5375397331452887114
6571510677284223098
3870389707114665125
1120616979624837632
7733535559865648746
7242786793250764666
4838383958532792298
4144378235206423808
4331099095062772061
983298554278334187
3436189326647423874
331940756784918329
224632701350363590
1846253366960081406
4039278336886449793
170747835925562012
3891540906270924362
5412845445025997795
5323696091435754732
2058525233299519592
5223738624260827346
4054473204535152699
8110308227924491461
2590775139308655328
6974842199890547700
848830162367240209
2332106648335016720
4537485714232419524
398778462626470610
8547023692641609579
2647591851489628401
636429380631767778
3477362501834196339
884384686696503936
8196036245250686672
506819110706107664
1068740095934546311
1725285929692775376
71984427555374165
1646597588059419755
9018563886729669473
1280758893775382859
1399983343658570225
9058225216565302376
6167870397017064474
7610325726227871874
1564544452240064689
7645599684334339039
4813718602146551099
1763698477161125517
8102709509596890953
8123440859897206244
5152785004426606465
2639555551929516101
4769101404598159510
58127650780302631
8755995138084423791
3438429536734377298
6913394274597380180
3447845540945324120
374363256334391730
8098900990627632582
2605949059857372047
57157261458621021
9174511924063889099
3460353081114827832
2621975735965632053
6010736058265752523
6907714509920649553
917045140246784819
8305137478438310016
6484112329329160880
2551844547908296740
7653966138589286583
4371131572297553531
7055034587249205282
5085269779917624583
894909080520076848
5501067865908467441
955676884247655528
5306981143370758854
3501837995588958203
5823508363559978802
7040109051708467191
82555864194151305
445508212463691540
1392447190441930649
8845975566767110107
2822410949148328391
6042922615638481849
8288712178849356999
1330614575548147520
1980081987085401028
3556026817317091458
1593875141223705720
7634558915557079621
5479613371578232255
5970155115880124469
7373760170023185248
640362656269080650
3891473891045364964
7556020269727470915
6175513653252856272
8609562143650960540
2661471469126871237
2399174648254931021
1388853249931972562
6427667733105827746
2927487685977915938
1157103175419844434
4069195213825192407
8359826883202948778
5065232487395683948
2465233210664201132
2301066505601610469
5280184075502323050
7292603566842714917
8622104805099565750
5449247161164914542
7848788947561556608
4966216797381278055
6754175497631530228
7662679710979797766
3856915355974312171
3981096152061122931
5834347752585317108
3479381903623457624
402853882489885100
6298504458941932784
7974255629067432639
2885508638358379595
2873153510275874084
6206147184075561495
638556282325869087
1474583372493026012
4471556075806054895
1242652805131748798
2179713734964980112
3641641707183784246
52647037691073930
5362646137992236000
566916187774207910
6066028692101957509
676663098682042850
3679739690170992100
2891736432858164718
5705344253154050556
8537856213724326872
3188116544640052241
7322300412882566715
673515784072197770
3384221478046020956
6433387439294268007
2554505410402289091
5273421941750163651
8630782193821376309
1798819849143006962
8255109099458052828
5131510136232594663
8144454520391309753
1466944833205723581
2563005604918064782
3769867663247342270
1767420373549413753
8122396591909973153
5946489437576721488
6414916528043334432
1733105075436332171
2634746880955174097
6740924533306585558
2871979037290159077
7080547091559354524
960816514829970201
4034659953575983150
8659864334379047454
1363234912928146919
9162973055618865607
1996225161547358389
7152847864720485018
28621203940888193
6238275685459948872
3588550018064981460
3524671693593991273
8541900367451743525
1471780536170542638
6112817737637781035
4440985489538591953
3511890249951966864
756019908730471432
2470763684570662487
2952723738959546315
5501895685711671521
6088124699320695388
5755783146999054630
6798179806558466593
6034599401054893407
2305528231034220440
7352739994405059360
1158676430660264475
8845722301761882119
7823882407699430793
4973317798212740450
2170578919268473448
8020517845094433895
6086773499219163337
2566629733563885872
3598662492899240705
4477450081560148798
6326658277689219214
6165665981481531270
761238175794093183
7015572484903391897
3631393764158227727
8995638505795945662
6693313920059131333
4211554830116241981
3972156172918028921
486328423408376673
4047914127270339390
8866934855484395895
4784376418612279908
514715522526649315
635394102867713636
3653476634183682587
2559092594639495327
7306893061286273660
6695936059342612995
4941674517602848215
1204792838022991895
3987282084098902978
1483556530756192478
