7850504640130077980
7965775862043265363
4644943159858735329
5593004654873670152
5717634255775499001
7890269168374191898
8635377932718418603
3869303538534421595
8901700579891297901
6924002480862314956
4272427357269707697
2885187278126921103
9125740595674457306
3569381843107960329
2351156431864260628
4295612752814743685
7678910927153598221
1414388142494710783
7587344613362482610
1550777724198479521
4878085606885979365
6574037336938710857
5312530352442091677
2064057329521716623
5442999078087499989
4863239300442371546
8773454955824990678
8230384287344464584
6921350695760307367
664046006821773492
863400761542646459
8604187469475037199
2012035575473627022
3738430312799035377
457270595325363369
7946955499834706278
5215610619524163696
3681686141432459365
5583443134045322095
1049901707235552281
7286024196016086921
8338322625135882344
480368200562744351
5738518290780791410
635059012053344458
1470244472311212191
4386571535196215730
7678895037921482385
7245364066741654162
1395004839404993948
7766185048308600777
2845735306394843707
1560216254709232539
6071533018180209801
4953617296671660840
4747954178411579057
3755223495359256175
5146448313944052885
8260267123096915897
1944989168239200742
3662853935909100448
7552505730089898823
8639004054758335177
4310499901970164322
7524833549021604668
2687600026423195624
3167383543338065778
8608429395723021921
3020180332314444114
5058227754619166416
4756844487441414952
6628031708186481446
3946100374805534706
4545825521445493652
7977752844495636539
4029370761241086830
620807461314883175
8706070105775902450
6436000634573609515
271727487823394282
2038151765053957493
7001486134427182152
1712902864005460114
6753736951961406976
394413111107983974
426676136721487625
6732357556885186595
8657662284597842663
1774436129555744331
4247351301191971248
4351225308189502096
8661151234179350355
7413364592475456437
297084314443687919
6269421461027049727
5685915727890393349
8529468999724198212
6892780058476252527
2287611625315257017
3964614809986823956
23183762202224240
204395135950572993
7712521189261582315
4831086454008946150
8793381412152395543
6417397355705442222
5824700982287916705
6918136830312639015
4139863756981988631
8956444084868451564
3647482960203262151
8460491038350728515
5686033282351394066
2905061613648441129
8098080225507517844
2827263748182469855
5333362116707002568
9207213298155626403
3966166438336571768
8159102626770534933
228477180914558308
707633042056442817
7621379704113514478
6579644318440747728
562763461802057210
6706824027627832691
8966985095438913091
553219211284237964
1524017339146873483
6780042769752967866
6870759419571003464
5043219102672626782
2788898428826123232
8399880640330926313
2680033119149643732
7093933677287324066
2248554284671117108
7654168455289063583
1750189086936775358
668988978959246204
9016143531209470870
7939023609619175076
8266673530421999400
6871970625847105679
5939221845346219061
8286665234901599290
4440155087417004129
7864173758156112778
1620420604275460261
8207166040611548173
8954326300250713507
4034693112492342787
1664708270686021074
2561196269849225445
7022318890948151633
4325229640860785664
2951227979223819318
7576723526203393559
7472774773492819584
2192835328441543531
1000060199300164373
1248393091733759588
7046338058455191459
166220864904254312
9202541579808900076
1071889238246378938
6118219671534596777
5199039832658964339
936332094243777739
3056777525901415505
362210592798149646
1923360250554783242
3074752509480326388
4779746812407223066
1583572702385709108
2440859994819854365
2415203007320761973
106366728001936221
6469202767042116964
5924837771239097299
8451190238082548203
6846496814356801394
8608029292419419158
3112496775137746469
366365938079627681
4388170283138518829
2168831063347260496
8494074263504051793
1125686051418217285
1731486517919617736
2455796479738271686
7820510059362729777
4248430928636491826
2334769736269043707
5862625164016112166
5976937602805078874
7355144402299954741
8907744605492824196
497283124247984465
1381717940007231593
7307410970785454050
7554582414676745673
798543725693098771
1759345800145387689
1701513038646773201
6584811116952937873
7603252396182264311
7742572621291547776
367454374654696783
8789745041014336167
1468507226316157408
1394595973884990861
6941278037003955279
1196010738578175886
4516184036599104571
5444745879481791448
5880152078751808584
4814053943309900799
8105084681829342528
2107631476053715492
5486987951885612328
8847077986476749042
6788978004830211389
6990809975222952283
4041078377579958939
6149628037672803181
3946892261961857288
7528802000661133735
7937232461885957686
560843414446017479
2605930998661279229
982655036382646501
4684184044165295995
7120243505028394716
8964704754398487384
8190147189280703842
1497543569413707822
4422873265008296874
5322310144125331673
6232115931165617312
7788301069860815109
6201763664570993177
8062376864425253105
782686419359758552
7152824065150223319
2472865779092382468
5888867164359598925
5098311886466383418
328267019021254939
4124691047371756714
6840201315017086970
8936935241828007127
81819121362738298
7709502575127235602
4072956027930737260
1391623963598812517
4305451783635086016
7707198448607712116
5185182727920770509
6710146787183184410
3819498642054822444
4131394366361289157
7457059424615150633
865903180858190392
1960955906775579885
502547711769910443
7024036758470627733
1322434139459811006
4161410789365818225
926746875546882303
6951815869548934864
4611071700992195935
750644441548516347
5610861717914383180
8067755380624017985
4773203257883229001
3952882718275525096
5201662233921412559
1408362133018862032
3377381661003995738
4292625265691889146
6285401173245576523
8191020176573157719
1296364407450231925
5387785883944050004
903383518903250097
5190581547402631606
3820441963813386051
15560805313362491
2609126094708478705
3798857348315540969
545756640378853464
3428475384886907682
1169533432150547595
7389272701855293328
7474118062180304794
1997645954693953477
681666657574898275
8653988263051529616
3652182526065472367
85939613743327257
8648195506042518442
2124712540523884195
1117954277099784557
5895874264190760992
3678182827591207397
34634154064006491
3157925734981149200
1138974613428167118
821445625317106369
5390654169191575840
2671463184121983156
2243434001673416144
474465292973621757
562172223136961613
5563999871301787791
4567222706467215702
5384048067966174731
9172987217121630565
5384506047777689413
6633615528297523224
2412889332586409582
3237691160836772711
1552859335350441666
122308636097436128
8591934615939585568
6046968152119144439
8137073799068841845
3384977112256940610
8219131763831116438
3928907567167762059
1675937493493392414
198625904629859129
2514422843870752227
1450006717157070889
5092815957116047371
763186761863382893
7417902003079354734
5460227760866937909
1370579527812637888
6096964183354288159
6593453841718358312
707705330660958685
9095840410905374160
5857766347829173426
3823841632765869307
5906681149974740687
6102113463141759340
6684818846651471013
65456771828828969
2558872746567039804
5487200829759525339
7790162478341291660
7072890242339086101
4486055761831555009
4679405503127017185
5785172225480535682
1615045275287760163
4812083862169304431
6893239278304396371
5697967215136375461
2212019835125578965
1159969905103381240
3799600832210100480
2166761961149028629
8864916395173378084
4108944297888140008
7633645662223457296
647145109300153643
8848021096743280997
4285116050484439175
5979797473996988753
2065863803566196193
3474780051792295981
5179497223473953823
5351138217397743398
5096993235894011716
5989204923555533884
4107873696255310295
7439610135249432207
1975296108505086799
112113591845007028
1460369216474014279
2147752981365043645
6120683933923834997
1451365745990376003
4284226273006424567
8739381160420043888
3604944667377131920
4755404379930539218
643191224569871897
2861789164491013645
2724605884629492918
5322194709314180301
5966825452263473784
7760591267151442149
3481983167942425055
7326845608907013738
3405132315904050497
7026853292833662132
4580979401124321822
1815888783252186573
1647293245290168865
5524232708893090815
224259612710992492
1760340879411827645
5491671561155388255
9074027944595780742
5903988953449260902
2473488714962797471
3579168503885958281
6779246335696260813
8869802403259815192
8564869155264490016
4181819402185050368
3398504019613001510
1740917535516370456
8879835313155043201
7545537463537691827
1592763273658824867
7657231573856787721
3378729610387216876
5717148991024300742
7770833783101419793
7336774480825621239
990232002085764230
4713524224935467610
2886257726859429979
2565119418232247476
2051116449038894957
6010994020799056515
4249332540983354367
420372954803454001
3356023481227901276
5237950895096333977
7132101811952713749
685950935755278929
1123751400975096373
3624274832095764168
2418764296467419939
7344575212453675601
6926689608655846532
6778688775602060130
4747266431845075381
8834924133762909638
3610711314377691737
4415689397697811460
7000006170021714221
7508250634932341716
8959179230251569409
5306567407424184409
4301708977461324704
4279483864140902195
1563978028424783800
8543490827289885121
8441358411401622341
5822351256976153219
2859475888572862351
1116866308747477662
863283413945260031
1494628964037349136
8939484338263725745
3082323410274313876
3316684110366046956
7024663540577920067
4284675153046993516
5405463036109895045
6854705112551755135
3158656577568716801
7325927593096354052
371413289680686239
6914227840413105291
3875419785811658336
6973970301887455482
3318785392884593024
6756709601553100611
3135577009368808371
6722045597189765813
5768168942043820825
5959220204818250537
5125866712856373305
2306318218109674617
4416764179842962537
6812463687386388449
8625247530600081826
165373519165064395
3846492326354218740
1869061938592372027
5655565326154095690
8183063452189389179
5348195183970937679
2420337239903408552
4747105534334821114
5123441941009667880
5987513798621874471
3323877035710933218
5665153254067539401
809610970073665459
3195848143948128902
2080878466151265923
4534391947104183941
8427781407158647834
7863734055731616079
81521026566461260
6565974568106839756
3995619145946812300
3999026203828307299
6230295492153237943
1111452872361325653
717920228397957695
2459638368395471628
287206232043132715
7348488079842191037
1845105355630493859
2641035416457033762
260002217035818579
2787488359632800123
8964789141802926948
2147857484222375141
604683792376547871
2046894141412522588
3864227230888337169
4383854450891230970
6409401114432429730
2192090117983858022
4313655271386159233
4970559424405106478
8044285521305792665
8309231956079743715
6699389815542380837
2223846574995592271
2942631277897388689
3535895883677138627
3875402763899929374
4178799545329588419
7807951603990277250
4804459308946473122
4451263908700508887
4820971140400909250
8638395030176677229
6464361929596179822
4204197652873864567
1902822353903310110
2382249192911600394
1360526084503089511
1210561591912297152
8804520516682818032
4449724908897939451
3863078796413982990
1603737393767533276
5568729578217980904
8289420623880979994
6273991898455756601
2762029654377052965
3499903030094592787
6463559743508806571
817716653455487751
3364019439180286634
8242044830010530528
622920940044357744
5394748527034703579
2163870595872669463
2319848925497672136
3840658040170013930
3369484695769367826
7187747551568530713
7293987906208685759
3277347859700492120
6169068579618589873
3131813029097957209
3142937784268346282
3326535548610839015
5067692211196634389
1971440263591089668
3859652098222989291
7575304000676476597
5166904932320377003
497301451206255994
2878302142656461607
3225089264671532526
5434568781233114838
8807718401276720029
8795839383961970838
7266860244689415189
1766044696805585094
5740221588706461995
3184457695566625610
8864212099303270388
1164087387677403799
2606502513849697287
2800100845869374447
6439767719227497962
7852168478762485371
8749064775776722860
4400171043186496069
647659017742073067
737875885604719426
7210191271994412405
8952944503262952355
4892739594238161831
7624507201649029761
3709290254836971548
5123758185263283855
5623984265726153968
3487753866909811448
964643231649051075
187822399275587592
77139320432373061
3835219782304536926
5408129921722118222
3787534621098249078
1954489979787661102
37476659332053978
5508970079217930954
1239385343398004099
386033873697480778
6796470854912913308
906821668244105315
6709028910892790410
5809049708794422185
448123269394943861
9035975278515731641
4361069524643572654
1014411636865862217
6901588972254236122
6154135054848998462
8623667966537565622
140769331862758566
2030070803210952234
1874330541067851551
3679102604809476786
1031710903402028612
2533106541891992109
5248050134106590331
1219032085615267741
8081320600863688607
4463646839031873972
3030162722691675088
8245731827793639475
6120979873361767030
2148703938167716865
1104415704625517012
7571604559723211467
277354633153827063
438111578574672310
7649306937611518288
4524681759027848262
3242149382635264936
4466088805678849934
5577361436456756067
2504351177481549486
4742932708308654753
8909854607560644398
6361867643701302529
7791008629766489413
8705733283215668441
3542757820770037593
4663496945377659966
4297101052385219710
5844442527715657106
5587542141745477881
8558561964048792760
279986521487342467
4398414719929128072
8008237478435066530
1761500970871633007
7267183877553381043
406307351317798424
6089724960386565164
2897615185845984424
2413973474022402252
1706593828070879357
491081282402081948
7748362944462387600
1200946142120432686
4667473577604612979
1359088426657481423
4981104100152407444
8388372587598309091
214399899106147153
4396481429186498586
4658369761090121633
6502859476203884301
4199975965200841456
6261944404617387455
6082431000978648899
8836596643087884298
6219971167239007861
1176618117185407854
3453820399521830570
6410200228261674369
7939950574645675801
2019439410380312492
5166217093887198508
2813019858130283731
7491585120580045073
2794813047438615233
2464627752160347527
428011199410338777
2903516780556148239
3183342041303117898
8834540879259297203
7737032176929288306
5317090983668478919
1918740562604831086
2707984580118711018
7320638291214725232
5261134657298558217
7336496947903286742
8398472125016861244
5954837854984042523
3194284207393383903
8836161652172862161
3945904157886816498
4621454402113709739
1695180495729272953
4480338479858751137
3259035057111395981
2847830315873644444
878350643194429718
681695746815379542
6382958823585083752
2563070941579263456
1416557487276411169
4285550238762175299
8245650302477473963
499708618340542925
8771968008204443429
9148991453458065158
4220358924234891889
215748170158834271
1679629770549534872
7570107441573092722
1238242022621486419
269331512693187901
4606340749421187359
873354843264239014
4672050923294147723
104522218864844490
8194361464936018277
6031213716027905640
5838689696718360533
5196489233528902310
2619967574351803347
5345024258847393066
5625608872748433694
7642959280846701686
3111556887239288086
5472361174317499879
2178878502936031963
4370644186182095684
2484018750535264078
5022513402865074019
342649763418601626
947119939411011587
6037184784118422798
5796257691143160814
8356201793996019525
4200066631657407182
5511200597040239814
4430258208441597472
3454512180247471515
3284921056195399035
8299423163194756997
773688729252026303
2996508270972864890
7316277269451211411
6987573997922038844
4572270127444692806
3488119275667955052
975831834977919771
3175017686902253170
3152767704397644861
1429239581784004910
4403449202962836365
8800066149975393818
3138298552467876765
6928185160904989402
5918979396501595542
7073778713308633687
1786670267705685201
2695025574747034761
3158780223217812060
4874841375716233601
393572960045068936
4594318810029532193
7769943126869591158
1868853617684806157
7106499031392619973
2172145615197443473
2853913880085897609
2514223422302002822
4992854075515066700
4215725204759783084
3134929457537613154
5509540502309448255
8140887632352047466
4647886597722129708
2910793293894113202
9218990353041598304
1155683220720060564
4948485083241080073
3452955381492683903
355618940440771204
2627003846535437077
4033179007925123092
5257120703907160967
2262838479260266661
6139161981812247115
5603003034639571893
6210609708845896576
6522484179047682451
5999834110274839294
4844242288923668325
2723398237310636535
2270276728558006893
1948622197071160753
2829033310819246919
2605157565797288013
6522426516831997503
5645735647476115337
8379262833013087561
7048483273249324724
2225509620115013680
3880102530336104985
5155704543430323321
4869661130430768457
8986890981980205115
6087265693130779805
7606694658285699140
1131457377548463109
3059751170735713659
6772548977717160925
118268752141785059
469300559679027390
1033709350528854014
4401501454616031409
5975415694430647055
8170402587951177214
2754799913519205946
1174219327874111028
5910401297162301449
2098588181523885243
4640481353682054104
7749408813619135889
1166630318467190254
8203556194756706980
2424581131229028592
4553695628392693966
4005909759890854300
1279987870566014546
807754170951909118
5697955043763914994
2100063908737937955
4682658250888327639
9124106402983225777
2168179255206396095
8606246011822672064
5453784793679693314
3266276816929363908
7350342637575730182
5237043415608141059
3998126477448509804
7105552629504460463
4923594130980434270
3813979169828480072
6235839526105131462
8219669685241318513
4779053384103362224
8194935310219870059
8076094452852602797
1690528373183756432
5395287306008072274
5425171923264881686
5031724394296782554
61796937774326272
6550731141273036271
1216197699603970504
5575714932641247010
938466840824103939
5688001038346756241
2679603126073779103
957961142750571415
7740417339373774174
7156152213709073661
1445838792350916010
8886351740221926692
5532010609089893245
6671435046943057301
5764118994631295219
2203186075694337240
2873442757982064606
6712433227697672282
5638704816797575467
3633045205474341884
4376630329956935145
3623537731574340922
1477074283715001283
6699891695227851926
2828771314569697496
1310302764013306161
195971468211469754
125076566393380537
5676748559503430263
1713377560976926887
1963722768088745917
8900232660172062698
1304971699358594998
7506144070051431241
6588359379555758167
4148116999791459645
4918234055129624659
575790664098198619
2183338092231723356
4262341439606666212
8710579173151378585
1098800258470933432
5828765747766248150
1097398084878725636
6768115760701264406
3716614675608886693
5028261028815811547
1917989270903768050
7071573883948765188
903608739420053676
8859469787827499155
2523001654624216134
5201252121209236829
1895250578947302215
6780448981606810304
6216356280728101632
4419409688482655838
5213005106800466866
2411138257009846512
7472263726262858797
3664963633744283077
3394174446905468702
2713773008748052781
3437438464365025421
7465809782183240172
2920730195188550651
7539731677543636053
7990431142962031795
3177160235885785145
9124495831150234091
5951309043269019857
9118942472275025488
7297910325474720845
2037555382468195483
2066793757318440108
4853572474203005796
5022766898572706709
4038241531872016460
1079790542306463465
1537111187377105165
3964306286000579506
4265432737029670425
8820817151184427259
2346259793883398430
7403387084574400150
4069489372723318154
5662673879016962863
8133225902648847755
2972000416887434243
331623813078660156
6831523272549616923
2836084335336819071
8510987073266659192
480232918850848230
3954782952541996473
6264228584370448007
2594773160559367406
2545061138874750515
7292286339191257906
7244814504627978691
8384177286229441949
4941740043556984108
6203856613089270261
8687782054115699771
163130057926145617
8735914709090854198
3292622134522464757
4526238305559828834
1828459054023278431
9183489130948917787
3720663311573396648
2162142256281472897
6596750510618796538
1807294087574279981
5940707696332765416
5406788038476439626
8968514249797479441
2329716389184805721
4965922019821804109
5898967947150351832
6168015608956395376
6171961867206950387
4928741463332047196
1884067430113711800
3224314502970035843
