3800359132010655981
4406643957458212278
8336214606629536826
2377536355578217967
8132521362484649736
7348334498774400831
2241180210224759790
7472755482320605384
5507973921245797907
2170040885884654285
4930533650710482500
4013031162323478872
134481239470964436
4325197326959589067
8833874059900259667
3641773660008240545
9010915813637883523
8967473162089606944
7970276154161306579
7862516702400002040
5969306815070388036
8596719979038219736
7783685397157286012
8526391807094447003
3448502948919570770
799437715627004434
555347633375282178
3472939905328138727
666241417823817483
8887671513089525775
8164280959334905139
2186648484657905750
6527798794183901535
7793562214089065857
959224825091151087
8275461605564816533
442518144327270470
5985370165056941339
1723385192883134346
7210930423994060411
1807618436590958708
7660704211621451849
765081175216650303
4704688688356514515
6153814529788218622
7631305896889486191
8808760117777979818
6918585471057072496
430509257736658639
1700252385066798276
1123536266378293175
8581557219860366232
217244634644812069
5524411939889630926
5295318750570230563
4042769344791954402
5182992207551208874
6215096785066946544
5944137043523942196
4159106583262627859
7302374224119279935
7942474580619821536
9088686415645527303
8201288795082547265
3783387561237996836
7094446221722254450
7534187965721239136
5094321017207421200
4583334217030961356
7980346249295278992
7866930312626225305
26811066489153630
8416391159516162477
7303662981905603759
5810907391146989276
2550364382101490915
3653462700979676060
6609557773447712735
7097990419319182441
4400822826143573277
5302428435070796994
4410372399285030756
4886760778492214528
7481145566938690536
3330955588268977271
8398076553493285904
8627971675035931864
2865270435608921615
7650681171867050889
9076339844539735258
4306311424779681619
2372163438099210214
8049306583711792895
4150560140390825431
3113513787289537649
3977215116021291374
1795074898283127353
2566613640112349496
3979281496523437862
6379365189212273330
5230746864819421353
6721000385575484005
2750010426252409434
6924944156436494815
1641342592361338786
1875637501878071215
4178042850510223722
1170083178866103501
7775664937780517053
6350834208378131041
8816018737918680562
8022991276018627995
3339017951922234825
1235997359834301503
2024487638261817764
4879793549980574134
3552575308151970844
1064331976691971656
222029299601083188
2163664856617465931
1945753863480898830
7860616623940600159
8599801311563747048
2968943845456604253
8414793435853865672
6782175322985456417
475417164661128120
7135833467822791075
6960252778122168347
8641762086326877445
543020619040128894
8343548564394035473
8248361302504035271
7724334481492044167
4835657386999166247
8844549227031933526
8333156248579957950
8406291905027050855
8513909781704321911
1237192625428462759
1225292232563151371
1424562726971156377
4716158323937002720
7349319440306209325
51807769855661829
8000835089581124503
4175388132614889939
5193077041905983598
5967405977048601886
8204620519919737300
6576205687293583673
2488034419326969854
2447619955146134606
7658706856386750604
8654090585012816099
2675110849169456211
8215409888223364839
5812161004972733264
4115840753404758416
1269628142642028890
3880697957534339616
4852265007249542235
6865948746356500956
4626940202306525316
2221822282649957168
253634545410896558
6695337623276967347
1706890301272123415
8530462593666642815
2268761472814350539
673106009854063133
7134988857556025735
1873117143282638221
966970440139057248
4096607079622149142
4232199562427414465
5501094476848411288
5505428767726100879
4191258317494519910
8212313521761770566
115879556358387931
3395149775770418217
5930315324898669861
3412877515998247889
3213729530911544703
1995587005999743896
2113313836462329719
6324697138140005576
2255881307218434964
3348235167817982667
2350028050140980623
3142577781871703069
6290257378906118057
1716599244658346352
2086753246956287988
558550415741718527
6847430043835285017
5568998043524990699
3975340068737483158
2864858709230950315
3494770116695965746
424045567790995711
4323210835518632729
2845073384230423583
1990307133238343357
6804872419505550935
7539867048690792347
5235032385365740535
1115451406628746318
5169690876028705095
7682702370805135794
5656841488679638618
4506897331702215863
6209467859539064203
7833116351724484800
607966151840393373
5338887510022707662
6441945322434432479
2666970407613499435
1986374895405911807
7722434843229084825
3717645706008867821
432261845807197319
7875773994382763383
1889728628726284097
1376479267416271694
1363030238496926063
1972331722203027794
1949021903320488352
20593156841056757
3760783502480839044
7764489636055772100
7782166565841515083
5932225161310781249
8322490753071457321
2536183301520401242
6605200859408100879
2143927435798438389
3100130250203903120
5991116661656553458
2097669169278461534
6105993446761226642
7072688543254820514
2988023669656240269
899929951029213339
1697916295734255485
6195896822790111446
7078432486240349946
1803991564846957469
5715675966303374178
1379092612003661997
4925689982683288084
9126243806320233367
6188972318066261243
612535826359286852
8148995093384543501
7270758169370443921
4599524243615039715
4200021908834286048
3674205170444495184
8864774514897109840
8944669356055793076
3537224759759133148
542040210634490742
8572016770843460511
8896333851337896166
8365875472038545493
1488629911912251271
2733994904840428745
6008345113652145181
2594062906306832358
42024444935563244
1411957880729877398
5493151215618212337
5909403673527869397
4393295163621412505
6276383354237262705
4609740735737452368
6399976257877752425
2494090972831944073
3597044293654286993
9071978653197418017
593175044346451364
776687657520092492
4058240235337991009
7217536796421567686
4149296140290713968
6748121786245231814
8247765308351576402
5129664848722873263
5692338469921382543
3720350998148977453
5523181251130413032
5498126436647317889
5289970973506226598
6224385084320349154
8169642188261996995
8234697014116156474
7321787557143937467
3316379627781769191
6734662302031467825
3960377026389940374
7688752845619034654
7585119096807488401
6124959538890919881
9171381580847686181
658419564062081526
8818625999458612633
4154587722241028460
4591992493730435716
2377325844492642424
1514976811796170992
3753045361101980904
8658345128615439706
5904153689574789760
1966516070998870316
3515294042143887732
5584493415280464995
8215032344948406363
8813439595715184099
4994406889936362031
3423232753575366942
3718131364870989477
80951181441898903
6179070254812617586
9089133038813339803
4032273859077732347
7458377860095499237
3879554332141273800
1920736515674896534
2190313981988826664
7113340969395607272
2314240083821452733
9034560401148411207
4977337789977862612
2800772419395808448
4486525531244706242
7264150798123329185
8581019844083798944
7876930972463660856
2846964299883370244
3963715226651724529
4102327590486641961
801185636913930977
7629362527197296635
3755526499825442502
7176138263109014655
7810252147593306009
1398413674400009510
4580316761080249320
5854279553346242648
7598871640084123038
8339579332319554436
6975958831772945776
6381052585788690856
8610423207157336051
7007362229681122433
5579992221735452530
5162699072926795457
2889433716842963631
5956670817357381252
3764969551515190388
2876085230399900840
5297146499861398528
3651655390965372501
5433467056909443151
784356053956235039
3246926333041178055
2305192094075792478
8096437745095887022
8834602758190524088
6886075878453707418
354986940307888675
1778447386943779750
4336775124806745577
6611805302535030582
5877982422467424459
5104615513794169227
1025226642445028815
673126353033622147
1457610893430671582
4076863692733551160
3193170586244256529
5285374732850386049
290663725821616441
8120653224508911182
7935243851103826369
8535669694800254027
912935975044155551
6248458367406394090
9137995890017084190
3791434427725009512
3052256854881094079
153826868573495229
5572484769402871824
3752622031169327942
5840769178726067299
1289011825400410109
4180523849096100742
3474876895078750800
1341038583069977621
144500644194393557
4979795458206145213
340380504458788457
7965342699692630613
8010003357488409195
2968618596751527661
5344235327199414986
2738328608522856138
883574050013818185
3194323919276878236
2802255633950298139
9028137980075923346
6270446431137730887
6857066407205295127
8127995797748039044
2263825484719261499
4367678213877123903
3213912754792357592
7929979398948884019
6280698794121254275
1795489024850420876
7347543700665558859
2087081295684466367
4057562802914587074
3404974571545522014
3749777676001056174
2375517601790581189
685607553214582116
4174868528582890462
8691719550616348658
2401348340015970989
8661492090194762173
5842700834446504316
8901255829629360487
1961868801467806860
6771307537420684149
1545907186804762720
1475066180544799711
1817334400854031852
7797250429682676247
6031952658566275778
852009858480812274
8592725737796028757
5166564309291934895
7251133625710400666
5073309801602682034
5404389345978417656
4461874682188069142
1707664018168099867
466528493744101727
1171482908713071974
8011313712681568843
6593165623540365671
4843660631027465996
8204423899253070917
4535430983100011278
2599752057433257634
5104067630242323839
821962047347559004
1728818712473791259
5549931219554912381
298583524637074058
101182862252079087
8771200352651794616
193918422411733938
1063827276958200848
3804529921052838249
3591491587467122356
4502396024928478242
6314597175363814785
8707427690333274284
8574770274212017560
2513599551475111707
8598783940877885132
7693692806890139628
8302461815363060694
3978520458439830007
7406263330534656325
2113053975692204108
4829763401952677194
3459183809214044248
1790900690295059445
3751432783720931298
7634465362080336411
3335479290616748300
3076048651194393541
5336270010133733119
4477954057724577948
7897486309668248738
5195122096156553627
2628048481161420121
668713299809691781
5598235737853076586
1028182535988594024
2407863938420511669
4829031926461208047
541222291912064217
4310916345787786884
1451163811548282442
70020666412752276
8504156327583297570
8115294566392668509
3329130967625971606
7611561391889633064
4577958013280894201
5081968731342968414
1189292386652243263
4219803714326968441
68389057486585171
7902252849899609841
3241422162216699393
6058606129246255917
6432754290766021633
3126587819727297641
6232355978982112202
1376211030645251198
8916369703368991742
5137643797454322824
3235127913414121014
5891273638039354321
2240391548186430666
3371029764527592019
9133863317060378232
2142670932340558029
1653378124685014105
478648362457006381
3246934667051748585
4477514150305388718
4894133764740252042
5525728031839839650
6479399496992355365
3274826994317199927
6673860519985844971
4277082483079151766
4722405992442882109
2747353448091169341
3662016352477388006
93738406695962523
6670008752661899404
7147155774505098361
4211568083107301810
354136862228099935
2485636038491904621
3527809573172225958
4536710035290060370
7398346688253970819
3880793501416289460
4670865166326109931
2386170606989751477
7148992095189289561
5963643666057697576
3975746559323311589
3455585899313815385
6170997650907608685
3295185194072372610
4652627666723349128
5974987928565657625
8288796207665072688
8650061556502503942
7985065814096602340
401884620196571586
5502585176604210972
2739338454755820492
4755804256411509588
7296869917293062531
8911102120948230231
5936238819388697370
885974643815982279
6803754744794114849
2077214049315865539
6458649539934594549
6287746239605798258
5885491231345072884
210257482047258030
1571891129011984328
5606136740136588027
604488022349456664
7514587142775148567
466841227911345498
6555936647970524442
3289917255657000085
8648613609739094232
2618143357660089968
2808393620099557553
3412592094053069860
8787758725734720361
2718975863885638192
5246087530582741305
5822703288344119172
8697076996476726692
8387897307469674339
1100487400000243132
5987273852812451465
3942314333368296829
8161742980915311850
3639782080001869227
2000829005144733130
6455511917319825863
1350268594106823952
8299325351068824820
7899925648429132008
6301941051920533641
9046821788797578409
532130624470284175
3296897171999771105
4819237464170842584
8777696921988518593
7207416376854020726
3599368101019467260
418315116846771344
7490169169713672872
6001893434383285879
5088144510108130034
2213098672117554105
386929474877664060
2971226522798585262
3336524141053003327
7768557662148921374
7310619502579979091
2912077437698119268
1008915697445493369
8222090421088489865
5641823330129350363
7342972765318954174
7086483449626085207
5615103497318172008
3126987364004303084
7983771149340779979
5567675589983632637
4883011991975123725
8611202021846366227
3688871432469968065
6512018450732663430
7237909456843329115
3542326648223718323
4961445976096148495
2592564313445501832
7620115541567348901
7312154848140136574
1817116510275468104
3264416919166943565
7148527313805927747
53748865663018750
3648074006655872949
2078372133191023021
8989377810937840161
6144393561397704285
5049137477301706623
6643063597684074762
585932165295907934
7179041172233247437
8304432249923108338
1042998974353875592
1772077126935847848
3623679843980915168
6985627117917184325
1414199992199909616
7478838407514501606
8152488485748638438
4836709597835109145
6208254725614386114
1067855675343572684
5097616060713517256
783159175937180248
8996393898405036275
4312933451836123088
3651486956667375951
2471724574934373670
5706083557516818794
266928583628181566
7963911410334097578
1345951079946229442
8875226548791216757
5238821661401814757
339757638382330761
8320726753754067449
6608900975464080110
8036814423977562825
2161637719412914330
3424526272250242937
8549235999669845414
3433938432115309100
6847786620256554296
188441370543235066
6902756362540329979
1447897220426528356
2936122805421316313
3314996160178293992
7150586263211476027
2625451743961038631
6544868343061334863
7104683915587394115
5685298432302410331
4660759460459342491
5774852835677833940
1940049103369425817
8363874227694268693
5777138009644732228
2575712222858073261
6526077742181406620
3799121340504119765
8152083644604181836
1263422412044700203
4967961980128320485
3417401549863424227
2998693986804001838
4908630657594006032
8682869187043290865
297945926818317775
8470851343241257535
3116408772906138497
3692971902732103067
2751921243338124161
7202035837432379279
8627674796261329327
5720187909319383990
4759211010355839649
6050752864874252853
8412327753524916859
6640386705812719159
6486362320449886906
6587457568148674001
4019103801896072571
2235814885405043630
8233343012282652031
8756830480157831602
6789414494508364826
6841668486338895268
3911860257808982518
5568695902889861887
4295489029241413703
7604137370333015421
2204235877134919379
3462392650522927648
7258836302759242405
8742944948578956532
90848934837147702
8537466986805769411
88816542607460311
2305492365690106608
8427148974466288603
4123573215105635960
5424381387088996927
7890347558505549331
7865308019061563663
3750792176903574466
600704136586260695
9118255533861296005
3795248102445287606
2104467861891263524
7458071100390318154
890517028418552803
9005151534567567133
8652260851120027846
7758306667343661331
2732681266785892790
4987299012519144276
5823513709943718154
5523668606340528147
3771604829665707915
3908672605882618239
1349225121982929141
4187159947525142658
8440209486134153385
4784554053214450197
6867863880495105476
4908880493522933640
7260128945670053904
2471608635962933195
5168162494218589533
6532738628437744052
1704798356959179000
6765358289689719623
987674592000645177
7422385123204535516
5597892440440322145
8284667401743696197
2489574833982144128
6955085874625606635
2156262826791300511
8316410793949117583
4300588619913999636
4179975289893245321
8746850929942800272
1026492409886000019
5421695775673016391
3242467376085685572
404133717897754611
7306526355543921059
3105875182512463823
8351373328365867527
5230714919413864910
8004587474501684040
8565088686326436242
5626911071746026983
3258726448023585091
4492698982481538652
4795955906556717174
6768905741363124438
4963533911710094937
6564267397261676706
5452684180481970569
3149786038820348859
2825025503662570256
7250167063054683085
315347192362019478
7771852599775117512
5146451560233877820
7070564283609802070
6507089736707811589
2084045539934305880
4251509135312674531
5463650786341114900
223228431618266537
1469588268856846253
7655326914520609716
1987139907122585944
970179487114923180
2681871983101410874
866889324100577855
3280609481195818923
2994136758830144850
3264507568357221415
3182216951637354247
6642716966936811024
5441960794719727192
4670060457281917702
7012830900081240431
5084889512530546447
4627389886093645200
955152799536580977
803168787063999828
124724015738752595
2374216342399599380
7451607079924699324
2759931611596877249
8516587758892348632
5837987516494058823
7469896649934969506
2645091943844702811
9208465396887439600
116566009459740283
8682414908723966418
8602576975733032938
164504452954925570
2653235856146850534
2307926651325719564
7677884575773210970
3455453246536632733
3592511692005696933
8414517093804361906
2164757523645600983
3528461433905860080
1144977705042574223
1229233137731275893
8333819323963464146
4187486232103219550
8338282076736357944
8690630495200177920
8907948181951899435
5858623356942028157
4748326344873886865
6744463128992394805
3764049514229938246
5300509308834529180
438106986402170841
3583716811410630861
7883040300116329118
7177006839761002375
2542869215779223872
5804156651308510566
1023230408589944310
7441828786252594505
165183523486607471
9035935956760962386
5831794865594947782
3126193530777116533
3338921616935334349
6231195344900719982
5047476100751955122
3893448013527114315
7992663264640879765
6694698471084034049
2876537868596349432
3178497655406262496
7582235482940074107
5810142965771841098
235536091220306269
3564401567145036626
4113211798573095819
2603425860632136575
5304784262146770969
7061373577988833236
7757037483690725183
7246483692585290459
1548116141997447818
3811939198385560909
1583462410920286852
1914912711593809232
8625113800651620973
4050370085992230769
2568688637449205983
3829282143382344912
7622526999107746893
1787286952759129724
605026041659656813
4749199722020021132
7502703674613658697
3426826784860407341
954311373398214425
4521703043603492974
7260164392133046947
2475536074337549630
2859670881770780390
2079742999192180399
4645741359393454466
6025399851148515373
3593348944987194013
3519051135185045257
5579366653158368183
1729919130021720575
8609579668682945078
4101226207439795666
3540162550658936624
7296092558016738893
633066533214283883
6766484016872209879
7046912597556282110
1480386445933397994
1495151173641808519
4434536625472343384
8018249487707202433
8868983456912841492
4443260548855109543
4947410007484846484
7018352576388413790
2973473157926006912
6886362830945867739
6627173535657575821
3462675320961011350
7449062364912236282
8506855976912627242
4753454114872887808
6004690171602650955
703598887175252578
7528785484400101805
8085785961285185001
4303472865034055290
3199682307385933602
7410086612378011087
6442804914320083652
5917164219238356832
1377292498504481784
7136116110408375615
4832352106515318610
2204731344482027808
6042720923889477714
5278255965769677209
564104515891306984
688709600339486281
472676709112209040
6537637433514036270
409441936787385256
2901488527942011585
3044010951659413764
8574732149145373962
1394058240961947935
316450350338248520
4816134333769326657
4437648690700891413
205421363755328921
8009179279767516412
7310433796137641659
7046047673545297820
1233903701825198506
136488120285811417
4579192701464068765
1080105391462355837
3353680927111890513
6687078044537785782
3796272274995260634
6909751229353348357
5125461728853906186
8221024286700307724
4718198545177131882
3425047596371746308
8659646730863050861
3481166452140104679
8913358495563640519
821213706351449890
6341416590695869294
7309608941179052233
5352258520061769720
5798659978395365125
7500393543192829552
1044190132447690853
2150438738567352012
2801405403152885735
2585715298184149873
