8433314903998692952
4021480965263358373
134575805979654129
3330861450271682814
1035184402230860804
5579616075241205507
1798628851406150952
4373527062583076990
6331377737529026435
3534018553977572612
4771031201201942549
7144023502010056268
5116673566848213172
1783905110166334576
4160749265837493395
1207045889311852299
4632911210346910894
3846476363230573672
5148297349129444383
7460413493082378954
5979726873172193865
6533183945414090732
4176555908528914322
6053953528564987168
488756785529593910
4220313301159574228
6676961144700993333
5359376610513408913
4822937077404129122
6468742334797243823
5291827324229680699
6015812175183192151
1395410532382635789
7454440512257566585
3229103615415004766
1779765797917210765
1008585904893574
9221606771077381126
1315070107028852436
1565428710844606384
9063283458576537975
4002093403613641735
6947345945302697950
3959992024477673020
6051104175842272593
2879515230214759710
999278461564245522
7790091330112913093
1885987122667692606
5919179300756451606
2992146047337613809
9057192063478626602
316389457117492678
501876906956829461
6322445165764172557
5371670075345878108
3653213324923325193
4301260967040636037
345532656899392639
6589177773215151023
9090614635186377293
197043156491851933
801773767911848221
1559743371045684000
6586654066004867874
4625983141292906497
7140765897658776571
87100231733814078
448483567127577949
4607066974754175050
5685762297411949185
89124956950473309
3919460127138234248
5477809602244029877
1559214649531224560
5424747646255874115
7153676348244550505
7604992438345010251
4858190241309452734
6554916772714698031
3563918687808359405
8912350711338219694
7686336011424268276
429925431892044741
8811498791970851176
1080804105462803973
1105667971392834626
6236557490569082017
1592444128642853665
866279429033541186
1725677329008843406
7126187508493807843
7450784822687273698
8093782120505455016
6583209172667964334
8872140669417552332
3675171248778937746
5048072817908317979
1985649457245401250
8926444873502740916
3735968760179161239
5207158859464789551
370907139866629176
5739465198625841271
3990984407890745192
1039242959150050757
8787945168249237397
3201558921829132213
4072196499964709391
6998645864154559188
8165548876875108485
4480797595492691673
567187444045940223
8900732896311446900
2175313670017575084
8027476248348280243
6606394834262758137
1627909661598168261
602440445117569111
6281962020177029278
8245401831159650995
2072589843606546136
5779605743415812180
8399004339692927811
1922227558498495228
6688583392571110160
3360548840233301510
5143517364012349852
5508067035553794742
6466024519323094184
6753375866096037252
2863102813501543938
7990546630068176876
3754916626786781473
6139099254430269247
302040472180060103
8862730353745579875
945828424985363809
3703613314360895604
961772769624510501
1308578563452382928
4706057070846744520
4802824803037111592
1393325707678741003
3577248616653767337
4619917440394787451
5217777192215749425
2737813002138577652
6980705916220809871
7127169049427085232
145890165394099029
7326897423804357673
1432067805906513981
4341579205757220387
3825236967678185575
564188725930803524
8206625114532214469
6197850754859278926
1179996834805363227
3863189993837061813
2825842347576831957
2427576040671180608
5873636999820904087
8269226469046113142
5864252337893281540
3903929103392468444
5859991874992537416
6495301913245671379
5245567824834448307
5074653111081225785
3856290027941818195
6592896909392749735
8716499084020307240
2652100304021511530
3040458171486430304
882109198752831833
9204326650682366191
4906436964588351229
3369777077631431206
5956059211980304698
3797946821344198745
662131214200061148
3338523832910265434
8830805726909353105
1579365775040741105
3810176604236644250
6993399429199147124
7230084805620156228
1433370719502845373
9178648207685116506
331476145911838718
8907432685273588752
2587522130554350557
5307652989260782128
8112654073120856980
1455753845216566430
6137178206357596402
491745660686641577
9205048959286911785
6778159825569593416
4255395495667829372
8215910104793814078
1939384133834935650
3987913458253746378
3290454397278016026
1734242325717375082
870630587480473312
6430775291571080967
1649804307093293822
2258943889473077045
4601176268086726721
3225910610637074008
8142960203176642691
3009964409198155370
1793348599755232906
1305733580279803130
3781885989036506795
4088737593819000208
2680323144118156469
2830154396450882715
4171707714417263396
7125725646321503054
2751315745020582326
4889929691442135130
6734656728244881952
3553579453460701245
280125953292792290
1271507392955067190
7159373257784974536
9028931789354686179
1493151975975610159
7454062532247380255
1734831323689050936
7266502003156793336
5949228340813239142
7256743775867427577
4412280090182818021
5965629458155539377
1234301902295742799
1408516587806002642
7346509940917753929
2668121104097246072
8092876122795496119
7838334853602743269
3656269967394406668
4025966475168402004
4540570240792464918
6295059255863830256
1987252642620278521
3326199423957062286
2317993372109367475
6686867047707164340
5229259367753335664
1781757133047971996
3888569456634962389
807503128143607715
8018278739915738828
2403337825593591404
6084907709114733956
5777596316719958762
2855678174251762017
8085032491926383576
522738589859903281
8144448100959982802
1527803903596484974
218576591109706295
8140163708995079795
214606507342544877
9079927331413959149
4272986895053435900
8688257836779805791
2900990301766797918
3000552830154626678
920001543646307431
3947377357502620669
1450477881918992109
2282827572287202451
925922299299438508
2277419679669819578
3937684617154388965
2497790254587509083
8938372265659175512
4728836565832345792
1452008062844528350
3106500800160564071
8190561033256904746
4523159022137886661
5491910638399532018
5584556882399198207
3165922832208030587
7041439280489647228
8059821038340912169
2364795868498512832
8207047772483091462
5484322220837325167
3393367612491504225
5368604012612181622
1471623315151855711
3094302495518028486
1918161321822102461
4370836340056867825
196210358033440325
2960745714871116676
4782501595545074721
5853928399140319556
876932770446521583
3193975262617747178
5561178180170532849
4277545409253186743
6018986731937126432
1534392809283685779
2885489680286336656
6486311908003723458
34303241446159198
2718995553990543249
2681671187165606288
5290309979494945851
8659220142179224352
4199168042921115882
6000118814612822006
299550590792002307
5176617510033947094
1887783070481517745
4940438784753882891
1908448571746623969
6019398192397919353
3871316549918305815
6976066176960077760
4895065648008951577
7787440463046682153
2736702063056779289
2393401443032828280
2613549560108384888
3212900362379530884
5989449182936988322
2040749188506939265
2167835269878028583
2420737458245295154
9093436575790100541
2641733073647642484
3680558508461829026
7162336439894598572
8949927817620629329
5877740570977564238
8861708711053487288
3789267727073522608
1912143064485979048
8475848577081599584
5931793771157097256
5983096906192867163
7865403063979157948
5463551717669735422
4437959566426680876
6673890045248345616
3100089847862422071
7938380918768639105
5900755602845573166
2855965908398290569
4559108083467638731
3117496920857934640
4988736616668644993
3603504061787761243
3812367351848113717
6691391602883528749
414222414866530543
5473078423100735437
1114647513567899189
6751713390554971786
3715898398143431316
3236284499292991879
3701514931209314941
1246291118333592802
487854284296007354
448647364081803625
2628064250646122114
3677574966864477532
5405966288253519783
8423973450289399286
7416855791032322179
533871987554900701
5908949637935956720
2787068971088232318
5465426499630817078
6218685138732033249
7319925507529817370
1125712447364587707
2351238583115686103
3026438643614180042
303916595540281771
5755069249485942788
1735125845814365259
1388577900910022845
1199816114143341610
5762240188679252257
7812055841359215372
1748286870895373278
470174654454118484
8805571334128210956
4301112823548528331
4036388853442398148
5059029885526572543
373852462256874532
1699753822752932481
5426883475187125392
6807396501412143512
6195374451313300201
1008913562014881162
1052224288373993884
6873454837734843028
3863052645884273086
4262144472383475221
3670234599069827946
8565916087601230011
5203852404179773944
7631834995910910682
195361640594124880
4082748687482013986
6325877378360374323
8705780186509208198
2415895116953906850
7103401386212796262
9077502072190902323
6634583453724645028
6660245738905478367
4547013011827222086
4501382744128597098
1905863664180113835
7649956505993150499
6878183745553395708
8171253452102849630
8184283420412676433
3475206893282756769
8013295436099582565
3126234754574035994
6354817445222115886
2802065545936053014
6016177012628500802
5601973542766254353
4327267784065440741
5482057771125947112
5687458841815677322
6120436260939785522
8047617258678008867
7621084989174418246
3082037737332569496
8524263696841268463
4456619170473210680
4686010192940129425
504329426121519657
7113364544661186126
7299370386215589855
8830460161255649957
8917949735930330725
2792957268174644940
6618256988438257413
7876555308080984528
6829129778080598120
3066077259842141636
6467346398110183440
2689347709207500604
7411432736388902363
2742337975844383198
4187800890340889853
7874874178042894969
6010188067284710360
8456159148873208665
3780786503189081670
1917633464157799224
4312626708615820024
1931981942634598305
2591144910192476773
6354369612956635037
6895277635125964405
5840428571239779630
7901402982668131113
3455446706449443760
4144278858269393791
5728717633742713360
2454533919967307531
2557741897869910119
8215410348284250175
5371024649764737192
6868967551333109245
6478686373319150348
6400166910461080718
6364483494966887058
41046130334126558
7034408603092411754
5636058773394177319
1835192352598557400
7812091191252216171
2626172535779226316
5131973586055138669
2234483570899852899
8395589475178602443
2788300414135462815
8547177681006316107
8515915507237684747
8732783210052725327
5499944924323273680
2879538633176953143
9003262000564996703
4819799636560463454
2919131905525533942
8483312728595181098
1170656330127171220
296469448839192137
1630048975181280810
5014899447558769954
7958049893226055071
4399725546900496953
5459110013510755121
9165822570578747662
7208143145046236523
6647751354941131600
4953071212941046194
4724092788084603201
1624440575330210784
2504193480417756047
5503102159430298304
2935649690814502891
5979103066285189946
3536514686155902282
8673518178548832893
4266621449916685609
8412857478238596645
243767221295425107
3504967940158803018
3275068351461197559
818101813485281436
7148384510320282628
504925705789650891
34662301711516014
5523310501493545324
7065194003631977642
6740210569852054065
6118100828292789441
2535775438815115346
7033578384879290949
3434816629915902037
3726375744227834770
932920968680920458
8464282488525889407
3888039344242785228
2153913674871303225
2234273044503629463
2436886761029856359
2749410825623254607
2555779346214531104
1588675732999315324
5360799671288545018
2424754483561657926
217480259462923058
7516664131424628522
3673519157085419000
318842047970047685
5567473623699124661
3440582659690334314
1551593938154954234
1633049952943432423
3094618909673582218
6012911397638223918
108310429341014055
4817065141812892338
8246990180110079873
7721578712279096578
150618789186417617
5811340341802388862
8966170806358032522
652992974804257031
3607356205604389747
2825483859428499084
8495104465681110908
7476293131466581081
7097665456688836612
6863011734648746304
4121352449715776594
6343912287736931533
7751885811144400845
2611444530480437090
7270381986283428900
6614514718715077012
3449545357006004476
5216009294008586197
5347549569062154994
4627771791133214820
2860177272778666693
5814705556464874127
693659716677416090
8519071204834158571
2304262451141529323
8718029659491371822
7319483328319995418
2995846402972511983
7489344842684701413
3881174708968466807
2078490726184227494
3242846647930746605
6779548595797550268
5270714900260346968
6298709171333318586
6251537189698552975
3884267715213753560
6588383544844780277
502884614353109574
8317599017569020261
3198658593352064421
5199392050080905466
6062230153770297638
2302411075857682712
5751598908516977968
905248941166185537
8221349148888847991
5479187359867979978
2312491465622899754
6057933518294879956
188387088100361042
4409367875400654029
1709919192228803068
7028816631334192220
1036381650393158352
869171000139814843
7190142795504719462
3274942237471293034
86656044045533286
362884878701349451
4910931501475948762
9079816721034615936
5248192827327954029
853939474519711680
8909919436963277737
5047864868997232641
7337810222017508868
2442325724514862518
8962880672301170156
8635304429252242839
3936761900825996764
5706049739096211242
2265518561429151780
2510058045950534978
4982781865957762563
6945002013558436082
5016050297210202644
3702523517114208515
1244525852556198120
1802924391324859790
2014076074926410009
2467975672367884281
7679668370478119267
3129940196701441925
3160593437912296498
4244587930019818964
3413387217769660411
6908228099500202242
1353788264346369603
7351413622298509684
2914492402633709047
1088699518012655371
959532473988438501
2667628040233178781
3528315550571009503
6626361761304454328
1903367287977045088
5388339170737690452
5689838867950658882
1545348771042734249
3128045925039627472
7679298439690816857
1945330027387225211
1271948422365966705
1141942668319119148
1664394852698620397
8662371994735304645
2976423746330573306
460952693990688610
2148237389880510430
810578413086524634
3269786761969316889
6284499408263773510
4928373689153115410
6530033890618023761
8432669487266067588
64428255285371393
2192448783773249918
2051855000560062389
4200734292055906937
2535397140039696167
1972381646864494279
9107712351932344574
2545712662051506454
6755802810252419064
8293906941625283566
3496699222416710823
8209069357605630888
6090687525905208532
8227027582367498693
7526525167939019553
6272690340836065492
2404198215767629133
133276450012611725
6520366589643829707
4238020881366584234
7820022084665626154
2636082632336838371
8523279711191074748
775572856490208007
2829307591222001102
867414168546501317
8009224405400842565
6387084152495129978
2118066704537319816
8318252191956185933
6521300730275997869
5252031973210138911
98623145914141927
2896441721787942450
5396358816474201626
2024214577352902173
3781689255479184328
5023806614519150903
4363371052396800517
2679643096139094741
5917468756154690561
4682393183623572184
1234997785999042410
297018144193124028
9074919288351674218
5640286782743132600
725773114832754856
3385363484641634492
2241709562680293639
8389573956608678668
154559064923834956
1548609539767428065
7885855339856733050
472495889039908787
5117526660511213345
3540191896525971804
2095889925519976795
2547961096402482738
5672550090944580697
1228353926191313463
2234022414814658408
2230503227083280840
7300198037941998846
1375518912632084201
6802201340864290131
9209981546120514041
8161503777296188280
8947103661306505383
7122043341421454363
6031782536621074868
7177659338264697570
4209815503645223792
8108837651903314844
4626301430699143308
4382483385891459772
6546057075855179747
4468008881916468923
1473113936240640539
2152615771994856333
237923704217587086
2399381078529360924
6795344268929654832
8824023290638505242
6311970420860501896
6097673564736914712
1998059785900658592
5215876454806643423
5197442643972444386
7561769939429022081
5373663511091231059
180501990860966316
8739530508169490559
6275191876955892274
841995424540135953
7993785016606759727
3116230719682223485
7763553239519920955
9012968532859499377
4282149279202792340
8055357619045200258
8840159091978886904
4380680160728087336
1142174941244330542
3312227611355403060
3940830320171765413
1222326139430554537
5615202427141107342
8062616620994868635
1231874265384788081
4083559255458497152
89906726812166746
705677083158874207
3985815835050570366
4969885405658747655
8628794349379173591
4598097595828524327
8096918126657409589
2831289351849775664
8812620929419585146
2164350387727278731
2273855658701847866
4062190679823103222
996671366476292468
16339224143651991
3078098290208362932
2097217462445031206
5732748637791092335
8057484962127725091
6523688897068861724
1100660745302531167
5169058955633277119
4597006331708308082
7363696260252001425
890714758764407421
6146983233715862273
6755089942958029946
5460183655140703471
1356474927351723242
5759375234821409977
4349127945969764010
2894409313279118454
9142685660325051813
6513492077380658134
2897803403581079527
1123446491020735429
7845226871502682396
7444567694291550739
8318789368719706987
8330512351132469444
8286250666399836186
5186629406404133668
3374744862966374508
7284418790593291108
7267683687125988591
4622624894312802709
516770119230914224
5952269207671701025
1885450112875468553
3854470308104406390
5692027110316495856
7909736750671684608
8019636295787207768
8791113317584038461
506034331122077899
8884809719272583723
5220803360751814733
307760801891216568
2990856535656496905
4958875104484898994
2184783741684031705
6637411005648839094
2587580190221118010
3686201937724131460
5436797999626282997
8542208717965648483
7665542941171522469
2091266801985603352
8089436640532002357
7596462689512846123
4582229173312378479
103202296122990478
1099169154202492343
1897995448230187418
4181019000579953566
8773442719692470745
1121650980081687622
2742835164040074575
2601229316044130775
2163922712035953599
8307352499394035242
5489291491370053263
5215500843473622573
6466143697041097852
3740823009772936901
1637998403043440369
9191142451132915365
1995217282481042371
6199211423506691099
6119393593727212897
786235474418142499
3752888957776674821
8034426480804180419
1831171240465624045
1275396791703891761
193499940167593135
4810281720210408837
5772933747099279660
4917223653932706834
5861375938245182379
4816419992389367139
5996005627736321158
5559540672531045013
6361081638539346861
3551327641049141861
6440865069679323621
7128095324535180514
8422705917042261620
7275727369974461594
8063492456662931590
1509143011310503388
4247307087011215905
5055151412720683551
6519488184149088352
1208740680680761546
4360487046336964979
4110344975503262173
8831514787285683164
6897507615697113440
1265179297786510155
8119446960569471336
3386990816397056561
8176757128575509741
3282808156874193123
70223669608613579
498138212196559139
2778918661839883899
4688414071611196446
8500387982930133467
2502278913814043479
1175291887613886708
5811611383867048213
8450903417407242349
3680436035344267508
7612555260690776293
3684974877258248440
1653338855138371910
3304659095477680970
4802275473115226792
6029138302766538262
2867981045735062470
8687026232631098134
7399632100489315318
4379055901409756280
6798432935985996665
3952407596929596797
8426540931007438171
3938750214075562529
5741595485148012360
1668826765215571933
7934779210324213533
3312697610872905970
3309777938197147731
4085132310943915551
8532436533670629378
5618156819978215790
4141511202452517636
87201792920333194
537134193852378155
9147527332946881127
5922836082462484990
8717641416226638018
8442176955104002809
7685146027492891364
5996222026442468649
8175545689966117081
693886027684444529
440913972870866551
6973356706466377043
8646271692112839895
2984430162939990837
1260721543965369751
3433186376243216422
1926500813168798327
8055807305884349554
2103194241608789720
1856052105719077717
2607159607300484128
2115520482932357462
3740709906864818433
2818420630634159676
5606354873113347162
7635014103211728896
1766362235066780212
2312548445954281662
5872367131629830250
3001422605545613881
2021863974823800809
3317161875518008456
1316061532628304942
1413916619192188871
841287082504831702
7524032992790839599
7518853605390809411
4714784484453544240
5785903960765039612
6007572783850098647
5683510692876174768
1638413279250242896
8242899716084935422
1878242726154225890
6149519061883738610
6714609635512486620
5706081739753274783
6221385351694972332
1214090396254739164
2970123631813407669
1685596045103146873
1051363365640240020
