1992905029533056789
5794189437719866209
5244991493472781811
7602339539659624349
5213173690403430020
7647007140536039432
5191351091009464513
7878813344549450556
1123850428261429447
7180934781044115937
3561914717404982601
6906368674169799519
7232134487947747153
191125049111413577
9159568107635435957
236534433341833828
8558699922418103539
6728675889369076434
2286902138379765622
6273745886530080858
2329549009132857010
3416310163251318514
846646463321465557
7135429883748366693
668757269983591726
2849694348839073756
5485592661119019852
7920677330475416585
1594792616512260424
2039785358228482915
8944324459265567622
5005780959769749808
1360386413602989626
2710206224782391250
4914838386204663575
467319138539805465
4740494449157896206
5069408985049786346
2085178511715135278
2283249530535916727
8329737719740818344
4779743638607867919
4989988737212215317
3165888876334352081
2608506447729074198
233444480599574992
4971831865586275886
6632527264429114309
2997955664888646056
6885395040213106999
6369702588201024128
4183496046485794892
8207249935827664792
2496076804469311298
2430190738108348403
5134907530135976775
5036724641015886660
698441967874347345
1527683447555070877
126287833482702711
1239806889833202464
5213207370610256251
6198981326702501012
3281755059679400129
6628172411235665772
3317693337216444561
8406738425324696204
4265174772082103570
214320606283246850
7419513054548119248
7245639286604257936
2912270150627533813
8691231246540349086
9550131418620824
2782339104192119467
5555532888276351454
5403619347365852626
7411816374181248058
1010253498638312488
8405735738552576331
7145768933282684966
3023644224088406028
4030919889918085021
8872539695034130341
1888409468002244516
247071599352299568
2419846540344731619
386185854489477627
8350659416817536507
4438227913026832652
1303856107819677537
4234434299119978055
5603454992844232901
488867971827519300
4065917392133210896
1286689241324003727
7816713924135735259
6667762522241410698
6841227115613811951
2593008834875901814
2306069993350238878
5311747223930412982
8484646883236884088
2285933302429261188
730641540582106737
3235099654831662732
2759882046770456916
402783922247277716
2274831279720095486
751082286602313171
7140983018179870225
2794304487426478387
7152220249969207946
6683983508704115148
7891011480805574708
2419273443879335339
4615171703087200797
7557262729168465029
2504533235678680051
5512321980023778810
1525535753937681210
3861216459288255658
871496430824269095
3613123287389501779
6523873119647562147
6892183216731943053
7299386255697579970
4644895714470977948
9022861305474285940
5636490633961007614
6061630863158522541
8599191735615265045
7814128726158614184
7255970574708432529
6817943798887975527
294861205824992537
777754008542419547
8895814238601339622
3476110865610441117
5136733612862923869
8852822904091542457
6490645245536217775
952308986354561908
5666015409131094417
7278525965552871926
2775933006694487709
3449858541771473988
3249389999005013759
4103339271647554391
2137753851257984894
2591325778429308580
7028405086057062254
8010912550118807934
7507506370678210
6512123480895387980
518728266587452709
8431174234439475712
1377192315459383081
7849273814956770106
4320563816233395165
6948526931332772934
2052241567521238938
6219441006807794265
6777662502393277746
6819166702736038007
1849376933868578731
3368200567271198958
5325844076599889774
7796716992680244399
5035694660109830185
8869480114013656892
6092140555701417368
4625760108287120891
2796912805942048021
5587325198318268753
4290253730605499877
8583194316757511773
1549864568655263587
6869483972143541315
5346390823014517102
2864467579402617502
3667269880839261014
591744246542539434
2896085473582223471
4827008086869293840
7116411319687398686
5577856952561526011
5240105275384634742
2990800329360539196
2191532008968334373
3451826918827141463
6609042715307641051
3324514122226534760
7955978842272688582
7407875412055609
8241685344776852086
8340915954761422208
5568953499836996985
6862736402074478635
2275747384828740729
8245091951019582685
1640852691156556735
6715682205020222362
2500432226454280357
8824091415769276405
3007242101899419873
4902964158886891719
2165723676826324797
1549386806127529769
8153131220668755236
321499911482158375
365177930091700477
4597234735599039809
5788329945974025131
7534719165529321132
417070327348498363
432502153004006505
2805283286809625352
1868234531586060181
439126624874414082
6754653755497714014
7769577122713818258
3771585309036499560
1954821847724977001
8085544180754506505
48240241520630397
7550730592582652241
7900255710704026480
4870171077306989893
5259817494464298548
4523717473694962077
5142970222710508287
8705508923415211537
8229293756514177937
6204348942115985373
8956096271838855516
8489126865647036632
6253772593921409289
4960778910792686778
6485621918445458789
1352356866580404335
8845225561249990929
457389175826824464
7877122079810091513
2383395825588685396
7554191725999284806
9040340435794570
3671944439405453191
1058448745869087486
1224914501969870287
1341200546595489150
7742087165489675547
8368799217937608480
7907028055651704636
9032476443837734822
7166996819681961705
4444167396337144877
803866761427739680
2509265611954285618
9212201299894495041
8816902168170973416
1399397596266453946
4084681607812038682
4433797238717297101
568424031496733070
8260517136662382921
4557363572921094688
6899834242925613945
1649656091441531965
103363114908543908
3826316609495129969
1600271786481522082
7163966255868109865
3727841495808561744
4141562617659798198
2560853253995489399
8657392850127828102
57638365208559231
3246899594586374229
5903698310175199555
3001261495888505861
3292467708648821153
4738593878001815501
6559608148448406525
8581971024570934573
340970655609039781
2717744354667834715
6480560065323423651
636733273844304436
42065959351812631
5308777935509265431
2715002730511765726
7489602068012601758
6902443588307381452
4989755252168538531
4202953148807105999
8117757135171573139
3464611728861907122
2147746347611863868
4969037469459821569
4416531666855744651
8799819989899126927
2908141339417154659
1606105546134469606
3225758621945995965
7936569622145852683
9108640219983757643
5177199736581349222
2535816839669961611
2759740914558811792
399571845688466409
732024843468197975
3385707971007965490
1789823694974175949
6652077361103373020
2242325216110366998
5150251220230995750
5042730914948575567
7668502814292225591
1388348368113818011
8172597091257784597
6892975365684085681
5530599133773617643
6939337545986230016
1213704006360707481
866832562388822132
1354659161009947963
3257372476972365358
8561909717928160957
4919788861404256001
4402564475621949580
6132787566490769133
6352587762455991219
4968390537067324209
6296607832503672126
8051335336339547919
289523935040496398
756456452358846224
7162512725550489640
7653811144120829102
3832089964622488363
8413679453653924553
1098320156677134857
6356328350052604148
4370033754773029631
5942352389128654534
14572025240875202
4905681756868201553
6582764736482100807
4529539644182488078
1044335534847463502
3177917624641841271
271281035578932483
5441504125837047685
8034545900380008978
2981939791020167910
6943227886894435701
3759536980114466666
6363532486148836998
452160589280711394
7686854419197799929
805822870716604208
2252571490229892355
5018218852186411279
2088161270314492912
8587029718328732148
5104947455986201693
4587428887650217568
6796187998266762685
7923542654136439276
6919927023176857873
875134805031256406
2126091345876796691
144432849429550223
8052168457928545214
6505422846507533519
679221973095666543
6888831994844830676
7787470351638548073
5648115880865678060
1537864503687692806
1637025551001340157
4340756999874906254
2376675875258606207
4965668378370738284
1142074258239696351
8135206177327307158
4639357051090414902
771903407433160066
5974871297115999718
860579744564845824
6764555434199600873
2663195115028074968
1078519064913356311
5765543313978078794
5419811612650280400
259946469882259274
379934479599278936
3688190696426946672
197565790609584511
1926090384065051345
4116287670895175405
8850542556539990730
5104372676592601862
5264683622114413076
3213365677529246338
4018952227333686637
5784513432396128686
3382539894430811191
648232243093218335
3392616209573257033
1442203744492514702
533028543764523279
6667815314917297579
1930207233394567008
6433130645764337015
2469004590110083757
7246390294482817825
8112815350846280372
3133040154819831879
3784428741788671639
4570110336940151283
6968428728366319744
6442960899892318633
5096681339321921595
5675267082581257779
8922339914356896002
8189937631923443244
1061827505674949106
6056342154453234279
1881499420599425622
994396819026947118
3722199030355149070
5198927749155464839
320305655735836023
8586643464815219425
8389654464636033879
6031579884912410578
2193113357546829385
2296862809267533598
3578557282776030860
3510139494468754792
9099617492245623133
2617705477195172337
6949840011687477858
1641607203293959919
7174739595598188716
6960096850508862030
8930450674762737475
8733030372421170112
4943106980714579363
620123758820841671
8977501011450748059
6694299181669130491
5761447177938895704
9087185063356213383
5452752106890043894
5057717484821527501
3416507682269556036
4209115666955960480
4979114712461832720
2332750603237516512
3406171124461807456
5231739202872123673
748849064448912492
2744607718483503960
6579304204651291453
8897037817816421602
8039973609819869162
6671003230425449526
5590180478086479863
2473856076170774470
3855102019538254285
8018918573632554439
4727897936613219589
3928384744578975972
4972033923631344530
70112635779874744
6479250231196576174
7267077995256700248
8198633228204460314
6328564648980779853
7501884112541883251
192701110913587304
3523297408364234282
2238504996774197325
2047860724623647710
1016979082652372414
2731087835525198621
3311050942482973406
2376021413934670842
9041580890800553091
8702905950394775249
5012080552944369870
6138341324430769655
317675397092628827
5871491509886846646
6767820124552046179
8151125258309290071
7322041026047360103
1905614323117825973
7286230523779662151
8906763988152747166
8957940808850315683
7671130529894762297
5669681988546446478
5549359051046433953
3048315653204641588
2467180223746503824
8096678151277062168
8175215117625564778
7192733222040490819
848161807030430492
7506039768757913368
3943661190499429859
840265663850658616
8781239092139516457
4105804424966955712
5658623130725576051
2988546915358958784
3707497977208869463
6419109044286804021
5396767051914530635
6359333883030617240
6992312795146095237
542564692966123848
5282369275487598512
813982433121526134
3329919664583599164
8409254597932061838
5986756586051593925
6427570840797456326
1132803481498530428
1989784226174925584
1522824554409116906
7797507560622568658
4449748048711350285
8199557955031258103
5611768194539113305
3280751867057903294
27180148562115233
1964186392774320694
5626121325606462765
8300474721594943023
431754960785919960
4285760448323437686
6475861513404418981
2067127011077990336
8186483478131980131
2514349986032066091
3197547263998879359
7714181635752716997
4868453006863753240
4302577580174031608
2169635830752139381
1131362280957283055
8919746603833681714
491689574465832606
7512071305927098545
5183683341081841924
5471695846934688296
7363946965880598880
3702150529592195763
370442425153207799
7471314635626983646
3792011308890118835
3025947511052244078
5982030717885051223
8887028855620832353
3358927674271459190
7520585811757232661
7411878769128160104
1591807854482383592
7439206034773120414
7276970479557883248
6278078366140702879
8861104832831475154
8863836659281210417
1000271573824077570
6050515892518058896
4235706233040113232
3887355344063629321
7271542594010943189
8660057484114039958
1116290166174899851
7673198805516564090
2581271505494741518
4380345907540571466
8827280600717463450
1387107103755178071
1808222637626192917
195473161060045676
6639804472008409834
5131298235332569948
1234891697365787011
1656994469663021006
3382844429911211501
6561371172573448190
3180390872242832550
3704365741851158973
2726097321068186936
9003233938101830436
2713251973973492432
5495243330614300618
8484857423972549062
6336792624170501321
1415577903460951746
8289512862036728915
4622152737204638320
5534515428513278209
8358795992018470573
3152314379099143852
6077446247802092726
9023441055631952876
7069120761348599301
2222170584938564304
4313891094241944277
7931948472178012232
3625349026443678245
7246706513188622355
5096806805979615130
6518960807262760956
4766074077524321906
379663420410791233
683221477156141897
2558183173958698105
2491877975512352735
1140722872658090180
6398249954271486424
7789874350215901258
1671594827008057551
7032289756132428724
3301854938119785150
3949075043462043973
8726500201192020793
3847364106742152779
7058004210414894194
1809113692725284726
4369438641243706148
6465333869589191319
7297635112432608818
2487654347616650452
8390861792676244741
2437049435479978271
5944543790081042752
4211269857591931969
2427682379965466950
7158534140814587750
2061794448260625630
5669210710307881860
831348834324406949
1172604762512846463
5881560361465253052
6509696369273968692
8269552815430454466
7338712664763552310
38698878616937398
2111998929716986604
5325570304725491243
7119084076300196142
7135433855559726200
3202094145541508469
1886406790397200685
5897304385580732484
7462997402073948218
4190878562583145845
1204806898396059022
7005350203811281258
1409646946405760843
6458927796584760286
3661689539278679065
1092991070807836636
3515259127826029072
1109456772534971741
8381462442977278975
9064863162823237580
3300513694285945302
3286950871863895204
6125635828156780151
3486811437019259915
5794063563814749510
6164878998622930658
6203765131369569789
8796235556939109659
8854020118673762760
1543282042402835767
5850179016615098102
9075976166677251974
233402832997967235
6499924480028168778
6895557952662172358
777852781993749080
3380111754172131447
6204275282133403258
4956296191429628910
6095716108329080443
1657816776064375477
6400537447141599132
686329344846460026
5302422870346353095
8678805603750962544
5127744897808160002
7343031395777238006
474841307880385073
7662159341268357816
1340054109114185213
7791936584031366653
2626375649086074901
4675018651890856599
7650929311018142159
8317513187341671766
2923754898128936122
5531962464099196330
6338439329546487776
3912923416716032508
2151076735110942811
3368787763797485508
4867450993012572275
4435911690720438306
5103587808712620854
4420708322358201370
7598090118713536375
1928931779445729643
334906646947004352
8177386487989306700
2258662210274652302
2983249124838133493
7286982931876576914
3725029485789693233
6324248537714312989
8670840772211029280
717008765062342375
1877926846833127725
3055128931304636882
6977646317708494460
3205660393081317588
1644857799978355479
6810479927607435033
2120427417243993197
5170060893955129829
6929636355670078323
5634545371853068881
6965864436250442063
6367934486628899410
2146298277917338284
7331212885148695402
3932280149640702500
4357348803849986238
1195657953260417939
5924342909985906438
5736128044910969161
4534404159894672292
819638965096412149
2425119733121158494
354582611131017804
2381851347334661834
2330454962171572198
6114623186793542862
43538045976483771
835401237887679836
1024486589023050624
19839279565810793
3829779209070426115
1583823611519370746
1195401169405160364
7328807728496769547
109272332322989227
3863496218908766781
2369916964613867765
2867560479839865103
4322110590090548117
5746919924190552270
9171417959915938834
5273814890389024931
3388702563524776117
7480108943978215757
4770263432105370060
7317238607053643381
2538450507393088038
951747122478779036
5845228459146689609
8054505422064772577
3163559845027786237
7535037397528300743
8742597790695754406
7717645779173971807
3629058554917654662
6808128769902047361
4507535544689919630
149611301827280083
7001889898549179183
1262259180740094083
881586198191581662
61982892915619666
2435842282816662955
8387567381275069831
8550865891998951613
1220767677118460892
7151607408273764899
8606883397714133272
8769961275394214716
3337327539995654773
7427567905854138116
5104300503958240325
2773152303779677503
7995539883573009063
4265531611003666313
544544468573923783
214988214924349585
1942058216876796839
1476618144630762652
5212487573453613902
6287993968957323167
4930144307449006952
4129910069600645491
7175508131733992534
7230233905408922451
753254872268078335
4650938378415138163
1849724212148682982
7855456957052015467
6497830606806525455
2931420313380564454
3630049417002885864
1296092885707566541
6736687538449813421
4741704205048445690
8924289586249853395
8900939403671101313
3467959876015405466
2446511422190809607
6374243449826829242
5231923582602472321
3799054402662564729
6040830639729849552
8572321606899185656
5630259919617506347
2771660072467169915
8934981531600627122
2508084397612679807
4987952437544453352
5868005760882041918
3091651909255538898
6786340640549493485
4442279326194793585
6552586765275070370
4701455916363803395
8629327346138287583
5899931890535918000
95121971803523810
7517586702236526122
3383667399412762966
4381335581662567894
4244746573475907802
7559299783469082512
8329991339880030675
661599949229134437
2457490712770389001
6191913934151463829
1726698686577574190
3064001926337500294
8636385007700422464
8554103923437139776
6252390033963337794
999339922487785356
9149070083962695452
5120127498372289181
828421828681984619
3056392065929474952
7467526037723250183
1771796374435969483
3748814903739565620
2741510841658766086
7283460893989281624
6679696144172668573
4362908065415024397
5598606445522844526
3087801996612903223
7937064410652023403
8579544159329061611
2793982320990514851
8763715354864436518
8095368682508767608
7792816805291522867
3209952744307703083
100973805533691147
5703767328952376623
847010220382329354
5514638293587385457
9052484972243759778
5268184583771642949
2983948014159837010
7587677168797662136
7814551160647449845
3776148835731408799
5402807351368626342
421729379762603864
5991999412665407328
5273185904470463831
758108006670178685
8043166460965471632
2164633169585249147
2769455462168231449
565979925324854882
1273529448139560038
5449601285731649018
8918112512921865542
3919659831192989636
3423812059786503898
742773512977273045
3415219238859754332
7595197263189702113
5178531454880268194
7182903295561590653
7664854084197999674
1703306595491430544
5196790350038790063
6344115635769509161
4943294701060129944
5813390350973432440
8948357835788763699
8713871809363998650
7911535926418248858
5981600054555402699
6215335677461422030
4326691138902702835
7898044737387786703
7218777869833463255
5008315993592862183
5569298012390555041
9051336475703216620
6539274311086198724
7985916638689018274
8490093016569674163
6459466622513873827
1224944471470585834
1593721210130212677
2642189840841121990
1100294092219139170
7557394660852050241
2750368704023829659
7706254778909432969
5286891096069532397
3951213474319175463
1849447523166682860
1454399816521742904
8763267916655800843
2990180370744991530
8255170579622386325
4398833850963080159
419907185061723544
1272297546075033974
205791789293138641
5808635589055624712
1847188718636356403
3563157830996894788
4102403164266821929
674983616666450454
4721199667044677038
6121460052194030585
5294108255659523851
8267948733377976213
258492234193560880
4615413802701832251
4537389762108215746
520272203466192637
6656435871414114652
3419778573772653031
6901538979045684651
3910388266294267832
2195384262473234603
2774490615160952938
4666080551820309435
4560381022882388429
491801748603601762
4915847357189224883
8398383962016824349
5358714327590439881
2215188914145441619
694655893053387536
2770808498515625124
3503815072964626005
4932980120670899870
8996735160437338309
589214856118990990
4096060778882968595
2763183173557390028
5450787920403725314
3788102286112282968
7709544763672391762
7244126868271178482
178208032236400782
6245662066952317205
3332542462830732720
3014075132949175469
2700835186878889709
6309777944063004070
9037966232554152524
9023217644474253175
5646444239866208461
