5940274271462547493
4889972265112462268
3759794058910864585
4355395105876196426
6812124463857412454
4490881096885766525
4675787216303488438
8566357198290391727
4960152664620229158
3545875093733487465
2406998353918977588
9116018480463472576
3899567550150638963
42216439128698710
4981169320522374617
4691880248639087896
8731345624318009317
1452215283580656539
6931235305275738222
480649175320352188
7927836722758953345
1054996996190058079
2328338551436267146
8584920195433678834
8152519884218566516
4299752814529511839
5051622392236763797
50061836186930740
950946782053132418
1765302671796627297
5682886066325935141
8840485187408784790
382801386895377609
7381697907742077282
7779116569514090423
1490764266956894544
4750915876595899829
491006905219911652
3809428355574835348
4649792415355037436
3930075561633333407
9077010985878152696
7670745076390104464
7193164003582315326
5174536436422613687
2167615394795102863
8685779649717663611
4299927222576088867
48522410641616557
7938279009825997987
8763100174442073012
6419650667960246206
6650558018252573199
4674345816938853324
2450171027970708621
4072296124744829844
2182846324033889814
6761642416166033308
8299884758796873046
8078695022594842835
435974386386664995
2542152074985736677
2374172607420012800
9132699190187410263
2969202312024030620
8973459331517091260
2595631542857906941
3599944796690889525
2262154559524824012
2168846210916719321
3545837907146770712
2116689999271140157
3825041312338994290
5405013440022042869
4635311573193300523
5259811705475903341
8526651914860752688
6644530623793094207
7059415843700390263
4965042442546958887
6249413815914747734
7096121166600552380
3177612491051171621
4848687232131832708
8366792392350477578
4140494126097779691
6208808919106239407
7099599269307990511
1719921574487472450
4709943815218838118
4266135596972784956
3636709929790068032
5447941325731211171
6016515171167519066
887541540542444036
2787727099517874343
719208087524634443
1096308776003317420
6291428034805422609
4658978786182788499
8970517940736456353
7112746688242629825
964298943091741013
3756189789189577747
240648052702870885
8710888459165798889
1459421452925614374
2302238704473912184
4538101487666752922
1769803464608415175
3837625692601091642
15875563538252010
7247122627581222584
3089210154555410976
248833998800744694
2678465035819928134
2867659189273501103
8920161203600142129
4728123305288986204
7275923037295973209
4353570958004595771
3386827846735835148
5734349642073259771
3509237590597207869
9110570889742214348
3712610794103079952
3473939805221020774
5822283962347879808
1278411507146612337
2028780727632223088
30717442983597504
88504075810767214
7357445087733336876
3015803212290432588
2450644666251131509
5327822884524421958
1826301939525637673
3311352988269592171
5791662693096958935
4981103178300546488
4786586027051069634
1769892794538402397
6862518654383240509
9240285129143494
3790689767073501419
8877210550542864522
8924589254644749594
7232585993885473647
4329761733282673785
7484232826841817443
1180128413102686421
583612818134440299
8498934518488219317
4974303473209822426
2843794188024736563
4726600011113981809
5461179433455351541
9206906440828411691
166064856267281206
8156307065563659112
5978465213706680524
1301864061188964468
8788532808224761409
1611008467588199366
2322982012625449150
2343464450646622573
6325643388814939234
6021244458322403092
6667629522677679668
5134715678070935688
697536982902414117
3407188800322149365
8560212784411300040
3985645117482714278
1285132889412167157
111610039553796681
5447159903262943740
5217220264138557970
8192859205045749483
2766991527699407326
6462563055114900999
1371160113579222219
201908997659102788
7655011698899039407
842982545521941017
5632331885459435164
6739831956024376347
1266230066817276881
3118839996446749918
953245633073155529
2796562409835673168
6726512325509411180
5357272071971097362
610375773192678650
1136509800369366676
8399970349147607701
324273709601146537
3180162297655424743
4845382363396078565
3827407738723034027
8172258443639248729
9700390124502203
7184177338505154972
4716408203962735701
6193784545576530117
5621763798366559082
7182305119706162504
8965148511927601200
788605148831550471
7529547070635646589
2727886072525891222
2244392735577893445
3319334818230765589
555238689560959836
6140193563099132501
7033199829949631938
5662741831287471705
3143399225801900377
4831660196038193411
3275279668735025531
8385101150866110100
1041771501224227779
8531904047612946752
7252308918839650483
693673255476757236
6937759590364637615
2633424824634436093
7212551218317790843
4004623482410852400
8287909541869031198
7789713150510231931
3370110997201854960
8523626881694010243
4685817922654997433
2629369020793271090
7810373873832815299
4413526175349611928
3012153421949243702
5712651550825181932
8428475286876125620
7106835822342912513
4432305247232688445
8599377907072520171
2299231474448532857
6661856875470255633
9103315292723851521
5492374607331116848
1564930478269546968
8070157095350535782
9017512176390043447
3585289811968777827
8812878312825074795
3431625188541992799
1435196871571590669
4905060090059645956
8144634524631914584
3619774710117591991
7391537517145910840
1315955158720732454
4657646300285078944
1582684476896420703
3971734817754562090
3641948503374795829
7289545752549469346
3209838691961303253
4370364187146185455
4455645764046534085
1792424858576277322
7133129213730970506
8981789789140370267
3134150998266989175
8012663954791231271
3635066060983697121
4094093395240218719
5762890990836003757
6579912825674833676
2647709401684677888
8181612607929891797
7057553565791219248
264822716922785449
7475860851850877339
5106994529231629461
2854627760690528985
612627449425044781
7249962776061195139
6989039061816213889
5640856872060376109
5394014516686299758
9006875213909989630
7720069908268102843
8321245509327631142
6526683156251268058
6688321708963462130
2864197381170591476
7190928452080751478
1620739265199349335
3665786704137130029
3122466933103478863
6168946592074462968
1457388174909050389
3946762448791161097
5623864522542967101
3868901233389338822
2156947410683973038
8818131186504841237
2286737969576635494
2354702747296589164
7616290883861229384
3787347779051573100
1920858565789147248
7501537653318341852
7891022872228307258
7631011287193571539
22452829856217105
936787520895015000
3263985630169344486
7668016694594238219
2512196497520721371
6048882729331028689
87984181691432023
3608083971414925039
5727079041479682051
8828245739831746378
2738192576557371778
351495533580059263
3567800871429534215
1550555511187531543
5591587082745465847
217681619506890590
1741642138931156789
9047677373799689172
9049893885268217738
1235090994922612163
2705216729795462407
5694926644992994016
560650708477830876
2923323916617162205
4505680112474137551
3638131798252679657
4277795496283599351
6632840954869343354
2532623190963627646
3831093157288597784
7926705132346065365
3888535695129133757
7587338381022570998
3268342065075899391
5794180974880256323
5401837125060796989
1491413416812178375
3085018401838590367
667348179273305921
7407254602239856922
6096220354956840701
8431512364742924471
3271724043254253665
6409814979662488883
2966615516075590836
1209603558781316480
6833255735476254196
7381380114596216366
6625211074685088170
273763958529394284
6400192009621373155
5874924626757266668
948754026452516477
1923284323959852508
7606442953213034418
6421398496326959531
5757784674059927060
6057475765145837198
6167240472778898336
9206435974352653593
1911220907017241584
1316199099252387810
841282579192757718
84108356009800792
8600573531229384011
4780989600983933376
5850209295199902782
7771460155624422005
2259626852525865993
1277874082134116023
5384370058991276896
2414581398624560064
6200486358037115461
6367925919052129114
5433739732678591142
6919421933817565767
2694111118201996812
6579346606008639194
1865409411600600095
8733596933492825913
2324967221513225088
8148777725048170844
4403692402829514627
5897753441163047420
3710928324021869995
2438484050017118392
8334868307239636698
2079658368446665662
7372515004496441151
6698508302692087677
2872788412776935925
2273968856380418410
9085227575588764689
7187345712164066514
842490357585141204
8028132146840225249
843186519845988189
3679364171106775509
2155784225958797884
5345785656077150720
2376059334713504663
8743454030293852702
8704651767561352145
7856004337575762746
1874113805831926538
4177066048994047464
5794721208794460188
6352306323456989341
8460065090716533607
2767552732449217420
1595431212698887891
5872137562820629296
2397890851411527607
6199122277133967162
281187370574536979
8354377001204767508
3264418645082507271
5428452274763004193
508198387162157822
5773108720782901288
8986935820889994407
4155365467705775617
5804948702674896263
898487441714090060
4704636296484258440
5498411956051575797
8262788928797890897
7620457086935701745
818638024544559259
5896185749638299201
2410654180682194073
5760608447392611726
5433979433473064509
2795324107419533639
5048003178542980099
6708602696503918181
4671452789467890915
5130559147737165714
8091791803022251598
1531304179375974771
8047103043005901517
480029195605412612
6772016070397551744
6338165597606809401
318408491208818703
2698597390316074346
3220924285701115430
5556845499168601066
4437862058624765099
1917244973682377887
3369672892409273196
1742697220104327135
2932377707799926421
735041669267861162
1283376441404099384
4339234878032072378
8903672343928345020
6253373806634197221
8565649618874309929
8489219957509393744
8447932238526981246
906287893142119466
4895989052577359249
5566706162586778462
2292513151772654160
4466990507353061932
5161833981379319194
5052872795382375250
507263753402452374
182571579132174914
77828413654421046
1368412962787407444
8649390841540981577
3330391133650861823
862516539165098514
255477823811749722
5896649369864472450
8532974060505564697
1048027434097647584
4598638373460614519
5629507063204206107
7742550986014924265
216726182373734484
2531636442307092656
4493145062495018913
6492014861284257470
1664756459041191483
862474935409016157
7639566157872715893
5734190526054028233
7367871390711800451
6804559019758362322
1118001676299430973
4596628611594987858
2073198164461805648
3143840551704653078
7006263336447915455
6141601704412505578
5376606567686213160
1763347120808195699
8058417351332346373
6217948783217584284
1432376397177012049
7486310253834429210
6044416302101642372
1922921399529570245
305274380842317392
1605945232406377050
2388375301243913393
2375346421258854446
5947340964730875610
1909974119423247
7525937163400542125
9143528846713367747
6463885903681019131
2900003506049198406
4016965536382444011
6145689001929284007
4543369959847354701
8875595301961505593
6952387875572681372
783882207418708542
8428018652413611723
8913957282923507873
7454801835579452552
830729355354182117
3941053501524522051
8640696090583783293
7674524160481715957
1266508393860782144
6350812245791991670
5315853779822532345
1378174153185005328
1177389658541943255
6533639660477064451
5668716809710291888
943518019774972149
5975620784796068218
8435984978712173416
7625855608911789657
5043131604540078134
4407344913389169452
3030564229152096807
4745290142128019298
2392577588097889668
4225070457359751229
3276042057360757850
4222552413697466026
5856391717968036663
1165703988249258082
3127765706256100083
5511193381793493041
2871015033647896911
5541629735239749545
3102519538671718513
4169389909477253647
8982534659868736910
3850553739782330961
3167860588925422406
1854478567336818387
3077245099397797318
5922767599699167103
7634261037007266896
6443812375360797395
1933377265573411723
6962291167201404219
4677386928787573955
1261414036741293413
3653981850388842229
9043716190112391222
2851366295401450357
3670568442269778010
9204701292284466288
6927307823836669132
1612353552362983238
7385529549464194365
4282911044533111309
6937896618992352608
4071544599134832216
695201103418751082
4076047581515530854
6336464672945452091
9101291505417607436
3809322103532654345
5408735874841482582
363929823048039181
5317366131515061952
1277057026156429635
153579818185807288
2588111865819636770
7766848237742317233
7936918328654689887
4741807380471582498
6455406128265995670
2411828879600765701
5450622973590293144
6683117975528026790
8861075218350333977
1226884225255316303
8768676593169365876
2085256134318055984
1875608352399243565
8791245821908826942
2249208189224777022
6295534049048111345
7479984824631267766
7167909615226538354
5836397414008955033
1159634408728395798
6183293665451266271
2592991989301823876
2119563462853962460
5115117870660819336
6576869530277192889
7135977050647102008
4326721039444311744
8738153531098756029
2328163674654493862
138751406145107188
1909636513150990227
3209630469978204355
6675272910872018910
1224710740582526702
8165494681418000452
2334438656228426001
565867177006525459
2306085710855230117
5764768824100335892
4977143028986274146
7248548941016821604
1585019604886961219
6658247377998809988
3792492293072713133
6561013322372279020
5246274660885721217
694921528216134606
7754853432399905256
6570365497956923529
732154000551771255
8017824689995005645
7233867768487309808
6559554075101954860
1326396492775732580
4099277031962499075
1954309536211857268
3396764989142585859
3795111900449926505
884713512762668658
146220924933498580
6766407242946826656
8762192930042529008
8627051827766633403
7810109655434923151
1180290207253292115
8584752111434835839
6945844477815251304
8271926048583060220
3620255477354504450
5407686362041149012
8084955601901952150
4675289911304572603
1749087764332554868
8960662862216911689
5041634623693655246
5819806763527189122
1978545538005129038
1789014987648284996
6247503797607184073
3440071683178749964
6102998225321891530
2982644049112752389
8800314849751892091
3181829462922765175
7341101777260463550
5769495809353824628
6577400897307128717
1810244791772158559
6722801037963759246
3320486404489749234
711843298037464071
3337743205708452940
6336292323169748310
4487474306936689870
6305375027917726009
914901122938638444
6034600781201595639
2423691566010402525
6297702541742056045
18546504892435736
6052145744600381614
6147660362287638636
1604507163165475242
2841164718733548089
4422542570218007098
3902511371587456162
3694323354062750280
1862786384805831073
8460826085673836187
5739060008754446682
7750305351108913978
9079878539861316119
3120876729018471443
1210915200450276315
4180457645290609248
374862103138927560
5449854997011316519
819074698145980415
8137213333098391075
6957436695304662875
7349917825287819049
7998218337010666817
7788580969767617919
6259427484664960975
6099654043447098918
4833600153610008383
935471880278611084
2849143202825293364
3827646081806026572
2585796243203512886
6933535079804195382
9030785304389621840
1036773984117869099
3195656480828990224
5398453620041496284
1773414663087924639
3020881783610693635
8092486757001198038
4299179653694531972
6789879544283203887
5008123191597991170
8079675746159834894
2653630570289126292
5057510613751576871
4205663379972751926
5692873920193189100
6665881847115761646
3205852780115243163
2301753436901797654
8257680274426563351
4815672495067407908
4754090013172349036
7739849747287926021
4512333312414848699
7562061240496238489
2548541375890093865
9631622820646068
2605953615284305332
5836820012374920940
3099272011836486285
1399877344123678451
4770781457106140430
1031561838071283467
4764703229727895725
4562442091913089411
4497644162866828981
1518590243562698952
2096797213677078257
6104153530083218279
8814996873909706620
4008220909687814056
7188118324223955391
4437438579340343177
3178448011876932093
3279215031927960331
7502096002660776439
4525190476621580338
3933469359151512090
6058843281944519926
4428973441116820235
7117873376001712136
2365389570820673510
1370454794969995322
732834288999169374
1602036842176977891
3457139801477709475
2803536510756234268
7688219251493531998
4476055964145905971
2765903945051511262
5937606266301752556
8345777188430753397
3654605368061190274
5494186417705604364
6900586597804031139
2798472383955096415
5029077452055177497
5277428881829689301
7074261676873697781
4036513306418565082
3193563848675275904
6469962711530430544
7723532257502779444
4497605628502808350
1556423577440939591
8956140651057957271
8437719042538113926
6874762584573887037
2947838002687412445
7024513900930712234
339445263036305325
6599629173435169989
7416300635554541349
2055113542692332615
4656987279572862451
8043739852348423567
3622566888762898773
4496724476772708844
7088878350038024287
2585538335954648581
7976717849724604087
2414990579228764115
2356012167659297985
3234143768095207260
8318411273275103665
3569074027400503744
4072335730376324586
4053822152886190242
421514470082764343
4918743712836508465
990429610870619657
6855977238331902119
3845570899431051698
5170327470660110482
2192303211270355473
4077534495448949164
6241126030849751871
4841884580078983980
7788337461326715946
6798758930270524737
7569536496846776401
8264079915131942889
6180014010874666108
7567130118162000319
2282348349419147130
3806231385187303808
2843194247385179533
5819818245578541758
4232608740021944580
4400776005816884044
4557330184656649668
6753788644072410261
5218912328658389197
7890501248608151196
2645506434936717996
7255858254238555837
8794207568254765275
1135560975523886123
3047550423934573907
3067217602669064513
3204173532310250085
1334299292255168791
2239710079425967248
2011156262139483536
8733693881800609798
7919149149841872794
3849654286317393718
7451270606907450174
3474909590536176120
3573768515009342434
464358281806471599
5732702790202963720
1946004676762084610
497869042695831468
7525265990027911692
1847697290066903254
3531099298408037961
867100152394916983
6505922274840984420
1990141927571521093
4039658764348084658
2285412583180236057
185124796330432292
6602858122105809316
2350078851240841433
128097167395345096
4674868314285680595
5103835949915306007
6908161498473156126
5506575563837687097
4933576640187976435
2253882249214555334
6553648925414695556
5966796842506480093
1089689860715150911
1217436935326817794
2418428990057311586
4041819202385879211
776802394962917676
2294277454670287414
1135520759443329556
5993950378791623891
3261218339248586051
8078583105225453195
4667018644887254744
1398663322808404199
6848575263125493803
2811023877952563466
4491386066912399039
160626326656590888
4592823680431865611
8119471571396925056
3370061875992727722
1812524683213618896
3505878170676108467
4936412994462376032
2460143128446244583
4968652572711074751
5268727490741938322
1631709049111149606
1795467025714473934
5015010155696385940
3244350498072492626
4843335382471258526
7321851950178741831
944266009662104091
7053475534255414631
3704150734939469645
4692502112769229046
3748260522722645122
7362912771879460720
2435269023950200201
5737808007678964427
6984088862453717246
1280463032118909989
8451357164711546767
7636631503848365081
2415381202175904278
2066596804375522438
3417399085953469512
8832576757060891096
6543579393971666655
689994437660510755
2499715363299855999
8953085407588171954
8381928719201898222
2269914016325763527
8872727780982253030
4523139859018478679
5867081233134262795
152981331816080186
292473825828307656
10880621204230479
2281463313527912711
4474057465924930764
2661961214735706650
3849177642196071096
5524984342645544664
2642344127455889521
5785541225195277380
5081968835026412224
3909243980771472321
6287101920565340070
1921446856818780551
947626904329931328
4494300400911188868
1889313344767002232
6579138986447120293
7315093132560011599
2686153371104086499
3372445592462919002
8220986865701908553
7624989458105470154
3250172204072565337
2682072999492789888
7661982928311312440
9008405191512446425
4405606507715884883
5813732278604697746
5010522453315138090
2704068963998588791
8544934441683636979
5116261503129054885
3307922915238071546
5706715798206443093
1668964847788117640
3470542052976142308
5458331727424725271
5759232162130204456
7864436395635876583
7019561056183095876
5281767215295744381
3167804391128478209
5045967722250609008
1468957418357887821
5144555538921481305
8124836896265561070
5609878940085149023
