2394588164103278557
7253908665490809089
3213959513424180663
5446572560940290032
8444127524192094121
2699386887848016138
3978163393299443289
7807581762775814572
1226855776107735231
7291544621063724354
8159274200915012916
5019965701236654101
4732384867485242009
8935037671731449993
7001338539299352552
2663204670776551835
3969736805122843342
7644799370023367050
8582237068578285578
5774814192462522150
2833060051336930333
7127864757526214196
6450992465013599994
2553726169580110149
2169833224974698111
7268557485947949836
4947460768677557954
4999644284864525509
6355681572963288096
7610723906914714147
8597592197368724433
8393322759282139788
8936272788298562648
2751403561137509629
8760987535688272029
1615870279629418165
7754406633273974859
1265688604555463369
987051688771772258
6571641204446141318
7798428125976209616
7126675726713489274
873914939878855280
2091161804675139209
7690797704392816468
6222062513794400277
2076166654369280248
7699363958304804628
9050699014389707662
5983739536017099928
4508474617169555302
8040336572957893765
2812358645880673588
1991080912782230246
5159765144007297378
6936990520858284706
8848925107561274002
8025883544181566152
1892880561024863895
8201146925925664859
3964953508183987360
4513438231810595990
1395705829536274788
4623852916256834250
5890763042223604547
4930512545225172513
2248713903255961886
6958695149387436501
8950704403793339994
9132384972364977062
1934660377370921971
3569244252452183573
5890709637379964698
3622404328019000158
6776872664625972911
6328245635401341051
2356680777255647768
7100659731954330862
857020051927490582
2341909517018643376
8197170703126917674
5872276286078888634
2722495559708000329
2887016886328074068
1454354256063363352
1270226285528186502
8897159810959839763
3040438692576932764
7008993670937874939
2717434475680840088
5449119757639023253
3438212777705618664
1346575475113743155
4083478815295637094
2755823314835987068
5184100541871097103
8745727647220677125
2215515633864911138
6041686470387837212
2806181516632330578
4352943204081155105
6738660076763916241
8067148114333055114
1415814646062647387
1090267114527582026
8769468962213105498
121522049995746873
5871741923694974123
8934692125850449140
5401770059828818968
3801281025578761985
6066854891864836644
7949312620460423509
1408945884861507814
4054147018658227516
6622397066461219848
2262762695436819968
2150236109203149288
3468894563652769662
1605520324494653425
7652198941939590986
4465392349825180584
520937562010052020
1523522790530514666
8475189125348501436
1760404210187337126
7232999070736153798
6548971775317180991
7631996076112683545
3451445488648085827
6107464164248955295
5596511029412988497
3492945648625353724
5049823565831428620
4248670411605683320
296341473132238308
1736581133885903745
3669216962127285781
4152576068894797422
7058526181066374969
5815279618046502252
7901290388155057141
3131179269249349283
3516026206084276134
3488798422005063420
230433951019129940
7486511182793699466
3726923778448879227
2171527662595534044
6353834595711786756
6859148780496039269
5936296955847951675
5103173369000611284
6431751529429441066
5785861064915141921
419243282399470181
6512655950309079631
8819526503686984236
4502560250807305938
9178897292124792323
1009824495348854890
4757403715834285269
4973033303863336840
6952258960469828494
524805863269167215
8799072460026511894
4549061035064880210
3479527913093409220
2486839251367810602
354191024491482434
4987448145846160272
6345140662581412702
6993915294364838366
8671351613592163118
600800881960760167
3054650760599716632
1419282342219605284
9075116596069125819
8124672740754091052
3107625818026350026
2141098213080096022
960890989062581709
62125665346351565
6719574390877588466
1125533024242353597
4176844315342061255
8166714475221125287
5821195180512240408
6214833138614362330
2030784065619575510
4736633362147716820
9214528237087220790
5406078516764001416
28784744347003946
4736792894705487044
123037307187130788
971298347761415456
3415576374637320567
3299209491691230661
1637799297878134669
738394178504054969
2675256071327715918
15195064986155449
8762233897242551352
4312250858970816879
6716352846143915341
654876288867546209
770368483652298265
4822450885655446045
8791044715089693428
6955770027210881213
3094704351478689942
7769027516305432622
217876815089619152
4746931351963950366
8366784120169912248
7385183812002069127
4309025390201163700
8318914099971232991
920152516423167005
605009585682316358
8634700005879072102
8203070642974910279
8442350927461987917
6514021876686384847
6974905125429273812
1656411834222349469
5699157219140205627
3508452078115588216
2284767511715495375
315021759720394969
5989483307757461455
8931827803460584546
1144434482650227516
7387760934242627377
6872081451507473470
6821843689811824064
5212309007035438556
4284202193742554491
2613980836349133052
4271879275970933104
387051353017899407
8068558925393069547
3062385149938651560
6154628718354950673
3953422820917602967
7551363850710223373
3598711362079071140
6542903258533041896
2085134480637719723
185565482015786097
6003408755101857529
8442206966597614281
7878986842764818119
398778201273323302
6374117069303179125
8915934216558926930
2527658190617953222
7830801801958439493
3832487970226964510
4236010865921976566
6848351708335404428
4261881717735940552
8566558165197894947
604332176493560244
7406701957682413041
9023708643543419412
6998152506030634885
252012281430299364
4127580336506503696
653945071588637750
7914969516660188668
5382545011574923884
1479382475283609893
229793245476690857
6120905923302188556
5864522374092487536
7394251674713187604
6648181854818529760
786836616386024683
3411088174613804638
2362742729236857147
500184869375930085
7778876153546401609
3133756573470385942
262805891646925417
5525005834633720817
1816907396507051594
2539890854414695677
1649949619032329480
674771096470419261
4285371768259378312
8909175533098307702
4912443883287827012
4452223120767528422
6499169243397909722
9071543540011806199
4439485813366908597
1669961131418542356
9175900186887596125
3038550628806269415
1688248410824510883
891002774873732983
1054234953164183040
3939593684264173977
8723797004040082328
5813454905930698727
2323818771369325608
7726052536026586112
5800782884372288998
8628791289485356810
8269308965178624326
4557865559224953353
8808024683125599944
4140992755409557565
8671306998808820158
4117371774731712421
2165918284339760539
3310006436816448925
8678422913990411590
2491956311952110824
7993811014470526166
1265765673434354256
7311642791606801219
8483265970760164938
590163801705667574
6930719525143699321
6967755378782611075
6706672576194678686
4332775135199827993
5778719383399820161
2852197876034655848
6645023120839478962
6214019319618119062
4994759730153724191
6772168839144237316
4108942086882885769
7956106892027321068
3042189958846501932
3331242678083912741
3374085752980916393
1325475980103528890
6755128611369071343
6703539783383883323
2611156924162159125
5423669076966220546
1763679994544561621
3117423723930732878
237816554117535635
8627235237248382395
9058353229780911162
633973563822825384
4739944714493807250
4344865561414567853
9209807269987822354
901985977695619903
1520484917372954145
220925003052598131
2653255510910742947
8023532704116310909
47271418363940809
6691036417615626056
2402527929367391987
9064961869306860215
4847439469508724317
4800793565443897701
8381219081420120938
3341104874409682763
5321663882331311024
7859745467452039481
2679300145764443950
5899169158706503075
6403217181771117919
8799544960326731479
9117148027953988882
692446331793706397
798956995750760276
2205389437024686719
8789407890687041389
6154069229416435211
323931216070512227
8739413539920523845
3131137079775199420
1991022157546513238
3150632717110670333
4261354147635637560
7553363199151503946
8401511151167103933
22773208549022132
498143175376373876
4004993620614757829
3204068853973003343
7198788026457578773
1011669155520128101
3710264601970172963
7066798245175394274
3826753092493461691
3375204081019478683
7522514771454156484
2691054996685207729
1524244788209343966
4889063020213788152
3969414522066196434
7077404809913146494
4177053472355673488
5506838744469922269
8440736056930004440
763808180850526697
3873393506166403613
731414907113744003
7284330338542548180
8331803916627765
5037520909827145601
6913628512591539708
9083765106046856250
4102429422576458205
2771521672753308922
5571949039229634147
3558937986065227425
6972272268974159319
7069524547160708934
4196743529070589979
6820550359690386771
5565577935776693085
8630822837898944112
9130280745473682893
3254098978989159297
8608168729864999200
587735015551670643
8194339632118664881
5460377066231811597
1407210042714455985
576712499458490912
752193154070225996
3139837995281190440
9214944965734357533
7152700502938704283
304014746445309904
3215288626224463150
2480778961789224231
3478224809337748822
3654248265900945614
8454242398475675503
8963242903267943352
6476897100002387029
8368818800333778641
4144977083346915833
2143636680991953609
5491480654471568700
911577476031597821
6183231988466912784
2668780428208900024
4677321715605528186
1181542724889206558
2269157221394372026
6699148324985276482
6450870489134977148
7277879772512514250
9962909197781049
68898026520754399
4193399901173427100
2310326128692275209
2520705208835369424
70603077385015431
927517942412721854
132909009751775157
8937189321852612396
1125322951598505091
7175877784475300563
6374288931759239052
7632172520560088947
402821475295488140
3138212264205297184
2628747835288085502
1777761972175431526
4859943940417360881
8737219072041701288
8291776960839763235
7713422988248032229
2186448895005155784
1592257815685784393
977927217287614399
1410064123494950969
4439145219178134691
6949585626571093816
1323664680489191500
5817373864367929847
1688237978516806135
87785301235051867
911723680494611661
7698051312150669678
7115420754674700436
7893585650118259990
5146346238544440790
6946196470007763920
8134501455904738341
6447449740608969487
1198749235506674218
2797886008015759856
285078169275024966
191186329887063267
6754222810443841927
6460789077977162278
8725406742654520474
5054918949774722276
6413155596410108961
6902649312793831561
5552410215652409161
1816005733270527322
4439197105829170442
4646145696151631251
8995967216230898642
3852306475079365276
9146697211867944184
2189042706988673361
1306856976917980576
8344098776353885725
1471134859115101279
5453189473389824447
3068206770443253030
295885576515081620
1708833907886120
7791554057857753498
5636545416132383318
4506607048953316845
6727477713636710618
4103765801216953049
6840030906595248176
5699928369600951145
1313918780008896611
3291344621926276797
2085544320755154356
8309205850340458450
3592542212425712732
2930119972384820390
6748360771493678767
2051533027328178412
5872544564759112984
7734136151558807396
2898075157895537307
4381444336543819544
9107600167009014576
2121770136565727635
3547697907017779019
1340953931038476208
2658606399229706484
6149762219737002293
7704788314509439400
156860327604159388
5145629774124574987
1087291949526925295
4917699638329820092
2584241823758829427
4146688726657781237
8543659809943818177
1998243936772314711
771836235229572921
2499857208364952242
5083131535671447005
6331718759931112517
8559549126547440941
8565824734431622932
2499440629551977383
8304213510206411454
7765798113161666529
8889552593347662465
467475195868557228
6737147397442840462
917245849253840519
1426154817259377428
5132683662057067468
1626991011015589113
4532912151323931389
4162530158823997504
5316069115109217472
4957328946388093227
5680008098888557336
8950543149076785022
1401528936663653827
205522278456477226
6112789375431580114
4139962132109168191
1341465496282877074
9179547441471969534
6326471743757081566
6012893593976956016
3524788372804908594
8466563204029028549
847394453068112315
1788940799136635848
3482445769884743379
6042990377178636021
2784219128967985161
9053331653341958229
6313492586276962032
1822905698062538690
5237717012515889577
1225067951454357072
8251475148561049822
1872427643998421791
7339873321750120796
5476105037751368838
4371113904823502492
2187665674930825022
2891978765629417707
2353158266357328631
2402781189116992971
7389347894257002748
4802705467780270597
7322901600307066432
4179307416112835292
2262945446183820245
6030629565931928879
7352249146280359682
9133057742879343462
7981984387476806574
4771712367592831869
1547059088222396233
1220262741348098839
6496064862029803630
2829089358807407063
7239155093416888187
2067067871170158422
3804717998048978696
8278772933846192434
4098809746217317020
896307717022314195
2819495284469976879
8029850735221834099
7971477382386554139
2774651172632708280
4823088735885441058
6068718153209484937
4994732187041498763
2467308665625375757
8758209502330680083
7452313739366798554
4221659630022672942
3970744287871261681
8094119832863907778
6092508435547192392
4859279381164807245
252243710226681838
1210334742183643001
7164857763261966444
7390268870542890177
6147814127918096989
7692204117075422690
7819122058507195671
1672871935629615556
4296551241699825928
7256833558225082049
3152759706356059680
2400097870439792475
7215405461370552665
2958464057310131274
7974761693563613166
7659107334280225635
3078318683738755517
1142349808177401726
1169220027094558371
5182538352556319510
7435133696234658582
3630546691321256023
2006580361299793687
9091668587482442668
9212816081445792960
7675218110154160323
2356864440131214456
5222458922029736479
7999056997276312933
4189905776822985223
7621567541910380242
3772958691465305852
2624386132746448845
3696746889004760620
6986417745423347748
6111713849726595459
9076082996922105842
5108073657455193330
4386212508869526855
1426894133937600716
7059660542515085054
417639078943420140
7108991535870958627
5894540961754636183
32165992755407276
8057563772318998116
751333671800571031
5494017232461309251
8458965925557708215
5013292242128590777
8242498554502345821
6743312321265772889
7237182221647522743
4606171993773485902
8283012411457533173
4856570558683191557
3345121486324525749
4600674454102902452
3468275508305860486
3343558330387657711
4155068137134986176
4982732676597712914
3622725676579367123
6618398969846328124
3558374670702556574
7492781199362345545
6730233005643497966
5996476580416983589
1719829392507957291
4305555740752045176
2026875887147553921
3599746859333495695
302618152741143929
8165562487471348835
5141640926241986512
1054806088726373206
5212301655343839477
2870917666952563534
3552582565853461423
322255636275020408
7533974542492817669
8445994683903732752
4819016537412049312
8146216279258297848
2787063049383859983
697984126479187204
1941168637955681258
6971808051145029168
8801402563043028916
8485152034546282485
1829302236708091525
2203026935054805090
8859297904009456200
929329248093277161
3522048566033101258
7034982106661677149
5729420039164763654
3206762933623190312
6175146517429933711
2201176159226208075
6670630404891477360
145381617591216884
4072038437422773921
7290788333100094606
463901979499684663
7593041590221933778
3537862291717642214
2645026304436274763
2584431130069263561
1978849373398319841
2416882846024285724
9078768998479483859
4704850995736493626
3581591786090485013
1569607778035145639
4585362370212357277
7259961636337143175
1697175196513765323
8119989507946247201
5873646366150193788
1330966962894081842
4987335225604973501
6711575221506908864
3172773864070790120
5101871493814457305
7956020965356618810
3668533134884247802
2197111007617530519
8151008195976502712
3322691871284927071
9084150629301536860
4740247364951943477
1010378686682475339
8947628329344972880
9079597767146002908
818995058766106740
3534924222136745855
4673192570303894119
5000389792389796471
2416806615231287489
7493847866428887074
6065428038371236535
8847711775445248653
2753607178978680520
3030950993039518402
4330140920068769383
2267747965980562285
8406224441700237290
8190709249992689745
6578722497632178044
7245051085785314285
8462600051736206907
5822904014420126528
4783015159617340020
7667329481751958828
19868374246257857
6718633913869155600
286472281126178657
6868815650942252122
1213349227451662381
1436956087196027399
4262642969687692253
5501120695392474923
2385043305176913303
5230341510303847401
3668514150888875359
200244805966618877
2066728092314333861
5411406425146888528
2823014973674848467
391055967184676840
5036320625411365753
654596613806537033
6944221022221173680
3115370585252696639
8296723958249357421
5753310750708396426
4695417699187659107
7922665129599058552
4903791679568109754
4289041857439711427
8472475761528994422
3352991676207984
1679783886875286610
5066841243080948242
9148669395626134535
1409571905796611005
8974906878204483200
1718836098972164351
2373781375503056044
4083251848505610521
992588923915014602
5041609916717052751
6007892707667565599
1365608985067131021
8080819872882061498
5655663864250348112
175930962474365966
7881581880093067978
8305006783496467896
8298236268766850898
2731155315014115724
6839300018051027669
8817114345066485880
6776510995173130556
364576354225374768
5344380299405992634
4525194987426851075
2789556262160660774
7556157655018604500
4158945099374080193
4440781189287027679
7738673494188239331
7884368754815918970
2041309885254913449
6512037225772867663
2792930312224037737
2743623302547747067
7122178009939070860
1246172654341435617
8163057868439814973
3175007949588894501
8570648567796589243
1391648894071648846
3662447586714146931
1326131415344162790
8671257406397943118
276226693397054321
568254079797476211
8855807325054610066
55757564826059024
7140209928438764400
3250885506927227915
4623126186253801856
6315246011437328718
3545923837218055457
1044755746162741491
7785326200691916855
8868730369540612641
5032498713256961454
4220435486754479180
820457753350547020
433825084042232041
3455439383895682831
8139085762666384365
3320773880638372292
1121355079858887913
5271897236968761954
102563204914022034
4354019314818484781
6758870753676729047
8354095193441127880
9056062489923939781
4606958725584854099
5454667617081308176
8953544030316611695
8384181514476695332
582111213265846089
7731939167757803891
3258701819134586713
5247274588929688053
2622822675789738671
39202512397573847
7738679284628027293
4947260337074319080
5505859294431645172
1223085876300415158
8343316514240531537
5275894583186855982
7910337972135435658
7594544800049214298
2682591304623115311
7183098152534132853
7978296246253267950
7011117626555931999
6570277015892547446
6436205798866738695
1482307650288274534
7276856763346246826
2736742777061977428
1120806897583659906
8413923016431538349
199379805710066780
6462766143172508605
1855148747575428257
483989736467887681
1728903034925881632
17155330143191614
5747378089032251046
2338212617644144647
1732513609883069300
8099939552238257692
2926921694484154777
4918434235574561460
7963321826521084016
7785299744699613848
2720494426662322708
6634467165430496114
4665865392917503577
7351624170284938647
2771255724319197987
2884627047304422894
2922640631995530483
1440385463902106366
7104201369549218593
5998471885727365238
5022222869108289510
4518174319937643283
3591881596255702974
2463867884229489159
1308370697566638068
6149892503414088476
4544317857868333594
7297477096632620689
9044874316191802535
6943972728797093981
6528514525577461567
4772110707249214526
3179057296878790161
737768904933617577
6396003210156929154
756078806075886552
5234217245181188908
1672382028558312960
5543472988527307990
7284453640011463552
2073836374534336150
1462168303970149352
4698160391135275964
8192560955833250066
178095982692024345
2626122552871205616
6684663204797340474
253359982611521392
3619106107194976587
6302025822343811073
3294196091698055391
738219815618898685
7068954122834301216
6624008996742711040
6688922912210689986
2518786388258717567
6510945177776731895
1592911740979819502
530444051895155098
626549368811656156
7681603990537096872
8272778006017185932
3045828246272886444
8362934372454509810
7132271814588201094
1882573728150189561
8723766787442124341
7556747751041839801
8944137859280106628
8824010158026807141
2126913096376525383
762479038986662948
