6525121279532146882
4778022677335662195
7493517309040809052
6779102200125866491
8180194246080842723
3824804731098941670
8077784298414944291
4790844527191109972
4202372156391333778
2960953634465391871
9109340855699824716
1380252598260179251
4414367606462528187
3970438352291891823
8183451460551982368
1893396060933497921
8668687949929200277
3028371723573068480
1635754923312411946
5284338718104215268
4917845147165159041
4441991540291780998
709066847536663606
8057013590334714627
4942865392700545678
2005762443484064918
8106261591926458905
5765833450563053786
842001792215174228
8944762027440747006
8420913450977870676
1314825242774917369
2713072465810541194
212779615203660296
610533655933514215
8742316260841135547
7486670657797044657
2276916432842506588
9191092897786706664
2413744825415941752
8765233644863171932
5637052462700081727
1931907533679196341
5636581688221659387
6156825937149257926
1239103159026480849
9084875390643775940
8305900021455069198
1008034114013244562
759542947162410377
8481433542521716921
224184917702664921
4924410743316121742
2473758693853306571
8921001186142252819
6036405882177284863
3290752210178061071
462963748948628415
8523769589749574571
8571755478428278287
6429668932915628847
810826300459743204
3381987246801954487
54121881017449238
7558212942654651270
2531644649583845216
7867905624654531420
1602814535390855413
6992361867452864466
4696484542427490611
4826281738469677775
916079893669896315
6741956005101831550
1593381821653421195
4753424353391962970
4350416997436531171
3709487283628994552
6666633844906788047
5653701588004434619
560910889236771181
1678994158822009145
7474716942133336347
7310258596139255147
8270773335230378667
3974375009598856909
4484066114628266674
2889255562762105395
3810926713492391147
6349171972657204589
6374812873173657771
8458097395556105459
6157380155728459186
514914790226036831
7104839779923803433
6386713806705077004
4786385794803867857
7733433096933782404
659293358700452831
7724834528291098351
2717342738307524189
1530973153305820452
6776214798730786633
1704026564125231726
7429738371297429740
1740587674800999252
480151717971423314
3094002457463893053
4680583436225849275
7140174641196857055
2193415816116021879
4064782492404482036
3425692130663664370
3206331159649596138
996180387961781101
8826449863278336606
2505164472386685390
3863376750098907257
5539316517981570311
7808699945308901473
647761484383271894
8875968238816156332
6808484105185614374
6913634201211480773
5077946536727138576
167830018818032396
3372699027062919135
7809005572937935609
820116283946470702
4878366858527684250
4321326713336740256
6758370500423789294
8924251861422848898
1119685190699303262
7154469130597030033
4526862388807582736
7986356283838435427
1184090216927959743
361585171279856701
8271975847849695190
4441561447127807174
6946819757576092072
7913116197758293387
2546228193271138842
7670509419297643026
6440441534031602506
1021944200209381172
2716458141735965279
3046492948889784787
3722642341730263262
5150711364832375243
4154136866691496341
5615581368894268051
8905376218749136094
539648067158175026
5258822605342266515
778800555186649430
3309251831596492678
3446377394876332720
4640511755242027262
3730163488555958557
6215180604401061473
5132086790316592438
2368790327532862537
3302683630377964957
4293769986943567391
4612292654550529057
3683545424630108729
4081068024811003963
7711161900139334647
5529622660482362283
2252529118612525822
1618215594279556386
6712683517862791221
7271170777866505715
7448358079267768656
8328231390475899446
6685178515243229284
5096524370114615687
8236624979385942971
4814705723492566393
5084648938174672947
252431322894326842
7699234005305367451
4818948467462386068
6595340992884450090
5841078064589251940
3201159120906319085
9141559844763816459
4857536491547201503
4108165575510555620
3090970430007828910
4712402443426203117
1349758282579513145
6187047107247763781
1176010487342357150
3446066249394518250
7387935624088897580
9076083689933636775
4831305676085412008
1137750468834570232
7807638687813695548
7310331538916869969
5298577151646020482
1936900539493482233
1725532506748318009
6327139923028898425
7679821272712466386
5843155574828550604
7757695178153067866
5397958201185060603
7361256453708420509
5800212315715224323
960144279532774226
4442145897134841025
231946590066788055
7664035069566647914
2338181432576484607
8572342867792682677
8613511983277905009
3984829885956025989
1007407534843372589
2796003957807817603
6180386809042953130
2970106227225745318
8450246963956417592
8430709334521513746
5813441139684126483
4376896788315885683
8694194583369477851
5794392798402323254
3728450650508787162
4386967864013908656
513283496514167367
6360033209531968781
2351505390448204264
6420317047288838224
8443064946820818107
4086227655722655084
399030961967732424
9041129868113726675
6285238180379496109
6746087336873797854
1909461648042648357
7289314289915310932
777084052099923162
2630105934381514848
6184794243324631236
7935495551259455795
6335143113860121611
7464382461105885471
5436795591222413542
3340847028433019062
7740665244394389560
7434772486450561134
1402804346280445659
8158051474197904376
1696041549423910657
2850654151409884263
4425935654344073825
2673624743934613161
8233173204492494903
851012442325018253
6908737032947448524
2967476803856120826
8724523498250893719
5683546872166189764
5089980611611012385
2451921441322314454
4445701140194044536
4637286330516745681
1270819037103533128
7165588055849075965
6261223732131093852
3834826177336909983
2285218705930414972
5423636649198340353
2858502087557945956
2940974262820736968
5029327498476998803
6120559512428300014
1370402523255257444
2453869267512117535
2522252963867006932
7314910950816965885
6290142012232436746
6171647388734769484
5745126143432309082
9066124766126931319
6858103871291408166
8611980454369669542
1240075636729455822
5581420703384247444
51956136510940951
5265805595836291141
4707242977552862204
4665179851526365292
7839646866771707657
7809828389911522420
8146446852013842280
2934712678412628425
2038904506266678738
1199278594176248610
7438593849036157950
7993342851544119809
7417306736992744789
7020387964660732624
3356175820977511775
1409714431130054460
6038557122569009991
1380505901001078505
1527851279650876590
4965601095011123825
3143244825766286827
3372208572020299861
7894960315808836166
4976325099619011176
5365529996959239514
4474630414368015115
5496636466178254476
5905820790948338108
2977848954684111993
7481323774701665079
5493782932205780198
4201522653415001174
3395139759571910945
93381171690034816
1450959371410483976
6392131537020864142
6113100231998111745
1034048040854063000
2556762807770259896
3313545273106397199
6908942301338034630
7095797556611192145
5195815937336441133
7206939129368632448
732121383382806344
5748323808068838807
4087876889789013339
5834854847081211801
3532804919038352350
3881271582355298851
4815891495829770052
6451061505136554494
7899052301599915439
3706388300391791237
2681610736713456112
2673771536102564270
6360903910037544736
344293732535514822
2783980915872692085
4582493810054783644
6758549809205652440
3148855444979746845
8688766158871593035
280540270674128513
3285764325686836654
8452972898287363871
5587066924045179317
7852878916624747790
5403198050276688065
5931956248702500814
5157836381220655293
7628540173451859805
7350343552738612763
7498472900047449171
8495446989506164861
1185611296452610548
5590408420170496406
8786128994749409250
3707601771655526518
3630476867164772005
3919633387622324016
6072962064553013820
1141509965627018048
1573103633526414019
4271259003672280860
8279760328335477187
8711019992531213902
8039343673079727781
8863936621628201229
3441536343956661378
3688002227406969557
7126533997860221360
2350897699090117799
3610852620139167193
4485152685708122749
694717588341811450
7501547972780568078
8480376668635427192
1864724184891028384
7849961488056606873
5425389220349351754
5495146315294779426
8949206970188716426
4688843610476568409
725323979769963923
5865543549533855189
4320405208923874514
2547526804236342726
1682422181793315872
1711124706071945184
5504347959269830305
5956970840796557235
3428340866849448030
5427236838488892237
5890389667474395557
5109705877343535840
2881448343606508282
6645738259038120240
1658311845635047623
7933612106433229053
1448765933749882060
2312068346647661879
5372743683576301679
7634747484295218632
8474680524099482237
9041414410557737093
9117851539358266369
8540753187446771742
1494510634400312360
959056083768419962
4475794887090727792
793072572730748598
8304752067391194323
363355887056738278
3897554376946995106
2024592379066062615
7646992983155605142
1122985982395715449
3896360223127712653
747072481135387046
833407358266290977
1687555453328645814
964730829439124679
1560731178908519640
2982571912895104454
5817982971011339573
7827240878427842711
4407607810848937128
9151236876371709113
5034960566442542166
7248969783439527898
748040009541874385
2346954940247123331
3770173383427516790
2983065757109261253
9217834858033853515
6050861465124414155
2904422090204083306
34647321362395471
5834872514403220612
3638793113639931528
3447875496775647936
605314186489916549
527496652897200641
2551770821578891270
2000027267597446805
7005374133615433539
7037458076543601810
959299549912679679
8537279178320243288
7553812186070650241
4901345176631425606
3686434922671967022
571331143693795602
8470570144626973364
8684366146210400108
2798208290688514266
7521394902403265468
5579128246420265199
6119923100839563003
6251810104979473431
8633335555648377645
6496970082268466145
3888438817421301893
1507759407422460102
4202039540164192730
2944084656277717866
649810352887848730
647186817798217537
8012444203722008672
491851301627094174
2911765759314445484
3006383646522687888
2292970491850085042
7343840980753001771
1550557327754072808
6635119359867930218
6351665394401891402
8058560858225804182
6812411375124577552
4393340722480714341
831822552743298697
2368746777929596299
6848329773747683208
2185862490226203058
2208415277434194952
6279679401030522373
7497684727378499210
2728678521411394009
5408904101824795758
7423029678995685583
8418265050595541838
1646074297703099568
1055084104232108154
4712432376160841583
6662944341178088418
2381368887117150466
4828493997009586107
7464301852254802134
6607985134815178221
3906029536547421815
5567454311867232649
162459665801068623
7259567934152758192
2978706685874508504
4295606844447273754
5226799869572742898
8195976744160605324
7345227214415843552
1552899320529399118
7201272880133124259
7458621596108239882
1577404999428046737
1696353565370098610
1099590765105815745
3474448310809185219
2199627428572713160
329259284011691385
4707774208087109315
858166682485879797
5125883065522959228
1398296842093587175
2286532822369033191
3445491891075729258
4939949564115415149
2445593474814152613
4570481112189859979
1208099963481844886
4289557684263981379
5770140666979236762
5715217518554233120
173754600996802724
8305989019322565335
4957915538313494389
294541650002466615
7328035088003756545
7254446001666907463
6667751913554872154
2415205181739378290
8518357287498148831
2415111043747834605
7694768623645198397
481259795413513996
8006043670604206025
3087616307273406014
1050234278723983538
7887497694707905249
5636684869578475006
2044106392858776266
7578713118881918015
7116018021764288667
4499868184026495988
4446336978781762084
5242068111117582888
4285566431521187910
5772104236924277555
5585864803247796954
3818683158217609219
2123395746594682798
8420410161844400419
5412243505296191734
7939998984016894916
4232989973016379428
1928630805941338858
8771138278786507328
6430741759140506143
2778639132039738034
7256562007991867682
93038409409438118
4014112458749226076
3267234779302738442
6690453300279635202
176916095586601422
3016283174981421162
6441352147417162745
1590102733457341978
7830612675333128852
6713151992524855091
8147593333324709391
5325662786033272988
5176097105220393072
951163415701039604
4433932076629757556
8085205513764402613
5553625130481709305
5763265807435142282
444186817173873632
7281638176359512131
8304379089549174907
2898943496734875360
2314302399239728375
728377210724295897
5647814905408821654
5272369723617121060
1494676764452592945
2497565180013812207
2761589769849518835
8225638692423615396
3304053971339929490
3044699099015080254
436287541325377663
2387217180598520833
8672116109546408823
9018263652221103830
188643102747170557
7785021120444964347
5086640898651970488
7095978343175984299
6644209888394456093
5320983333734751296
2237689793469012743
2229296828947116554
7610865533627852124
8394304732518064386
8433194163083962113
4383239269181976268
4722531810965909511
3994831173223500260
7286614451767302690
1306560279890949187
635269323254036900
4286087605348371162
2474417662410778792
5999838173435829521
7349930164037831003
6547884966861707631
8813298142822366540
1985147418461930247
1398390911656270844
6200942076104010621
8305073218735768989
1970900392597795367
5907393300007278593
3887354248554254872
8486706889968955572
683371573635414172
7210156096226495746
6203166537351477201
4692969979702360766
5644473892825696020
55074795251432822
8725439975417201361
2524064328556954768
4696036341420214119
7886076945022631737
1608959204757058912
3835037537841832114
186191392169468683
3168476282195118021
7199177122068045089
5293410513957936247
5155476395069089455
8312925237005235288
4725786773244150517
4843529756868281905
6155503866249569465
5499669910936311613
4107311226571918410
5919665430551304427
2655246114723749976
5079171453820187942
326955769593071484
3313939241462800597
3273337789867918963
1430083346369272038
8254622605319125805
6343316732158788552
3408973635721451299
6703087698996957035
7634872696998471252
1772783219619875603
5367799129264042175
5376873914485241292
7102467521754316679
2872979235884433060
7051737842398310824
5886092389573779171
6561567083383961576
8088815708933339952
3868854512102347470
3801447265220262608
4383766197162417755
4769982797260811109
1601594822893156573
7167885445904406369
7539477426092523974
6520736042785197464
4412469167173031937
9129432158989866048
4810334753005906338
5909371777199583306
2406421283206719249
1406365839835839877
8558241886557389328
4404898191636170003
2495703982744945131
8336945977639306273
4686598477020336180
4024349305453993505
344456516374066155
4887759528820360442
3021867296980826358
492171965813615633
5165772387781609145
2941455825657896264
6411737432651605367
7195865514091181160
6189396916758857391
990643209140858808
5653939291547974953
5409586562590768696
3898024071461302728
2150816995530015115
2224121022094057193
4095636981158919830
257910388451297073
7335980758082815015
242032985935596235
7077973804324585381
7173204152433465935
1186785066751745137
8768305122850615288
134023425411938182
3208807007743558683
9222671889968165862
1221433386240980508
272210968261868692
366883298471500818
6615463239952654333
7325070679496097002
6284379149386925087
6763218463348224942
6481508272119419704
5300413915974392813
3851524965921409011
4220417802989782409
2578182978324819472
4053987600693598944
2649176922607059948
161154153454544564
1671754553097229902
3363644959534182816
1835565115757017651
4214493643357357436
8062477124146820727
7160520513214184229
7908551860744353093
7025845162647362057
2090205394912247834
2670569928355420925
7130465949588540832
2144440652967521052
1035416733146134464
9033852477722741603
4561986041299257254
8583927382330657772
2757044527209499838
4554652817759065595
5511098907812159909
1350077351119313956
2886605345074252459
6412223946041502738
266600089781023913
5910819542280244422
4724515674223128313
3898603416315625390
2673299698511664540
2201743857168856996
4710743082189818325
606354929530143314
3933353350630709745
4926108330643255610
2481137468075018100
2919282479078588978
1158787998505023234
5247108603975741570
7511999257047085034
1454568654325100147
9114555311909659822
2598768825602417180
4813682771895081456
1323014298467386829
1471087128438439769
2835437334825549954
2343415134764019694
4668375429435875647
6408756008796301727
2449349047685328890
438123381202173192
3375637915915070310
3775325533406209635
2872337795321231087
710878335564740764
733816704753595428
2536047310928157407
870799473327952931
1532451393137823419
1015154678906659823
4382494014307634846
6296013618938177988
7535239886510743311
2746006920121671957
2389924204953011558
4249540659852525178
5571712802181863327
6443873436176210036
1534755817173942904
1254685929535240841
2546808948283821762
7486392591733695518
5108414946266744260
4753386614315862897
7867328118436055700
1805250990170963806
2456226472746448578
1488667330256886585
1578675591557247820
44631079461583336
4020340505949728856
7114372621809547033
4844022167245212944
7857547532542902749
2732237870343027890
6586840568278990710
1070888945574043434
8174787629290549246
405663938276715736
4798849928035355277
2908765409601470528
7937370193696001218
1015628168651671635
1343088656560725097
3283265780712279695
5811274467263924158
7757756815275845783
1294856116541099729
8674718142815136712
1457227889974379877
4496684012201041267
3555723184139661196
663295905518606722
6277832652734069354
2726235973153906063
379005856308084245
4931463724530744865
5613711686809014964
6357130203414440224
4958645354956776497
9024875219907903112
10044984758798703
5647831429867983659
620262845893844240
8176316937443157251
378660722709691089
3624788159635652765
3443733244267476651
8936217956089420866
3238990126574382021
8730742611291263108
9168710315424767351
3741813011670926087
4170987664305411484
5350864938057189814
6760003539433772911
5365663541241041578
6918633942512354782
3214585742611421217
7755900496583686797
6332391357350722190
5046808475779933807
4425903304767179941
6162556058897875446
5985673361835817222
5465615039802376466
8507776693026820847
819146595946890459
2248760882878445557
2710896066614177489
5876560034407154424
2153410874029631426
4044253695055977975
3165963994971989367
5163736063006906807
9095793664760420909
1617905246462010288
8850941170357307946
4752353399047536022
8485150299594903064
425672828163491601
206402751663995907
8660011024749865552
5902889281684234539
9116388669802471607
8781716175267879180
7220800283760999587
4513322168677457530
7199116767612078131
5565151976219213145
5317855781551051632
7007232842960335521
9005535383122662871
4754566732633782619
7610656507234065081
5120258304450003172
3351406293598873872
7435244579658155183
8852955343565378697
2406579678880466591
4055580145655714033
5881744375180556104
1956119600115712569
835127939806824472
895732270338935327
5551711261429687298
5407888729510763661
5501913283241066761
2953988079267103390
4156487840373636127
5810481858172060086
7230177297413743059
279572563859503499
4619435653605601997
4367936622234133423
2183138709101272184
6189524435923152455
1646316007920719376
8039332046350547716
2529100021351540727
4027929386005985802
1472113811417976938
2090878319085775050
6651786813934110771
8403569922792588783
9167048343609201281
6161810616674283285
6846744160501152947
7154609372223217814
6245974842199042090
5482312073600904491
5018996996903928183
7115361936113242536
161326398855637339
1085272196246259714
8133687129657420339
5712092861799556997
8160854830357933377
2461589294954324515
408157008235309692
977221250523281861
5351486511590596398
6842107354058090089
2151207997765400798
3098455373534935533
165142152410666117
3013273076932389737
949808810682723366
7533551071595657387
3102349790270285854
5944645562689607971
4647707558669034419
2687570030365705300
8401507111641255101
5995946049458516886
2276408160515303904
1969178241101352691
5113967611491366395
2965346716867385525
8324531579258494019
8568666047297958951
255083906411548513
6259702110546750199
8295608309126274365
8624216844709543342
4375407484496798536
1837838933205778331
132736550587041054
8607308731738270523
6629458053064865821
4314899393657050919
323391176326523151
576877500043248776
5475795894848981557
6348656879889786403
3687762498516560966
3155028703241954112
4015541180421043499
850710473295888258
297654164653495776
