444799986282640978
4058598120906060692
377281788390373145
3262894685994771973
6867152705302507077
4129756310206781072
6628159339801182831
3710965119211966124
1191561296286094543
2423937559133172527
9102906768097292437
2476586441181305971
6100568405740764654
7814841350847053637
1160507160527787707
906990885824067924
1132894814354084299
121764415472372795
4373151813552176163
6750795743362267289
130424184689118363
8331305867774666151
4513091673783694382
8201092615717719892
2795103325172029987
9058363527497729441
2504221717378057452
7558734076233889308
9082768158164992660
5137957713478436291
3488613995569443365
8651118890031041418
6818213393674199483
6327079276672318620
6416007114267525753
3295171144829803014
5624691091039529876
2791736299358875145
721927266573580404
3543280979772171132
378329673677451605
2575412735816816874
3231753119056051975
1575469003194820756
5251290976084631414
3929286194681893008
2920959901312071654
2349055791835647822
7171294774370678794
2897717854956178714
5574177693081402800
600128085697037138
4861455809519687511
302078645933131598
2874625524920887313
7242442083773284462
1961104165750872230
4982563217294482021
5643546333958500955
6241092621070023820
8828757788993851451
1494013774477152114
5381521334752422068
2983877757047850978
5532794029259129791
5482861416745666651
9072024475208142164
1306344735066374453
2505144235327866126
4783045292724388660
3647071564659557311
8856164749291499963
7469534621134903216
4135819604971276774
7226170041682530068
3382962320238453452
7049831297181183268
5618965584546799093
2593086479650068791
8858773895622128526
7535384444287083959
2534770442470632602
6451817328822481348
5880330928308085891
3662774231462030103
2804012155013156249
8044867263926846611
2241105375082467572
6724991913496657014
4371328852760366846
7402861921262608985
2792584589255591358
8255884077620938047
5679417242678342120
5844879172950330710
7475212573921462258
6081166831360926026
1724770597004609474
6582341687200305737
8671376613062575851
3636801200598642905
5161717929682944269
641899477225329370
6686134918040846928
9019949072494777904
3456896139905900446
5906317080084409874
1827267381601594088
1381495159290371057
61137729755530540
364323252647005469
6622472898319593495
6438315007442330254
4064285340737652928
6509219443572415449
7019842743477528410
8868301026658848090
1979613140189495754
7438233600765170166
5289923853960808835
7757988677052760609
1225136182780226877
2866398633930251661
7616391177540845928
1234526466879901690
5740818052537952335
3844193470458716062
5930989066660384169
6151993041599004110
9149307830688822593
266408998307747596
5767802295638943910
7584420603852771955
8986289801656993150
1904834061970120877
4909899767043997113
4237454776983514675
1958212801091435794
7605947279492805178
1685013135443348015
6124670735563138354
3436437070514256360
8343593478071080603
1553515024055813112
4925758594222320876
5850037837498985915
9166068387943669334
5221326319326784886
900134609044943150
2228366036440656445
2373985533922565745
4576602042805480770
797528354008234109
7875754080863032561
3506819479656713734
212042773161918472
2854878955428700436
894477801579357948
3597706961286155728
7282496992452934098
6062672156061551713
6938422338311155238
2835707650684440978
9188634391859461622
7372747118198755546
5946169094920983579
4331178347440813247
4214781331435252251
8684271295715072215
4495395804797619830
8273104608635864318
6319756950229707046
8619528256714669023
6774914551539847483
5441230039852360925
8955916402744131691
6369432812751430874
6873530465421361357
4528471857121326180
7647928955994708905
5197178627400371606
8490412398027755204
7534703987247183149
5873863300095511573
2826579709783705512
924337244745737332
6384481631964497266
1597073625030438736
1138006266907125713
5514667338356835697
6129308529779553300
4476479541893186754
4756893910345967412
2594868655398341866
5025233958185345191
8451013873338370742
817010406579359815
6703992732098053820
4340818665054626322
642234503583925067
6449648806486266534
7139271337425350441
8676664259960927691
6319427656740123076
2953941077280099260
7480422475219041249
6123665753244036313
5930824290109877903
674238753838469370
571132315716254862
3609639945599277474
6652951086923984723
4644478990434594331
3757840521555400128
50306880318526816
4122423904159485686
3685981378934679267
7033273095946934100
1313067970445376059
1841584287278667107
491767546683618370
4436341164533868295
5873015735624922769
2449100044701928677
3902041245598357242
3895031709245074901
1338720127972278978
3346423053554145540
1270156604349510618
8513936218045427405
281483970507869659
8632483639849235396
1705625927922541415
3826913568085594560
7519724500891292449
3972764264015274909
2507020201833624141
4720390647143058372
8155716423268795135
1650157671177278527
1067071650814290134
2759630435741787425
802261235860446232
6887709790016488710
1292944471933029938
4136675262211686567
396378075456557806
8986072647547100581
7887807515912720752
5715664136773177080
1457049885805676035
3599462216747895780
6336011631002866155
2722631185240360547
4259664082924196167
8013258395846297070
5007622634485924877
3720955676000535540
8940702486512032590
8688748179446103390
6979348039024194969
8640673825042949076
4175618405005374701
5995695650476166990
3712856528918794238
899832917119861826
1738654256117526625
2088152311759053512
8823639943677618284
2678708977709946725
3007847344905089717
6785995550474995183
2588869045206260421
8481089906412067553
1249199564295587509
8612477177734116799
3303190280477058113
8048556197385261229
6498579134147558635
4958024811112686557
596822918236611449
6094396375581810782
4592464010513068499
903163876127986394
5780928041063682213
2709831650432415658
7461117950207509830
5059863893265646809
8952316190038209636
3462944431696919192
5825747111186750209
7681204576707921078
312959276410061036
5394724777209753068
8619717622590505372
9104193085204161872
5702373419395149638
1698435478288019194
8062893791322117093
2697244600720019427
1344005309484234058
4824819767829539467
7747835823275722820
3257986268166653455
8354563642054240199
714546705944604991
433373439117153578
1012077527862889245
6446793434200806724
6941839794789012736
7820201708554668867
6439359999479245269
7429862498474863573
5239036177278974347
7363248617957950272
7371052512875274847
7025108979419392791
3478558856760209914
8289073322871169064
4095262422546452990
3268902052974797446
3135726959332861324
4364975665295359028
3020055387298169299
8569238714898741213
3278172889966387064
4824210448903466535
4353438950007617586
6843522903087072315
490755128061659355
3316021008748505817
4006125165008145431
2149443516408808014
3101009924748459242
8272530487218635065
4616316067881102995
2174132127781590589
7054466508146363890
3796605270257451413
4198741478921091940
6110936191032606608
5132545827111817761
7470992172898742010
4274459871601557292
1891059012740093996
8381140538085956092
3290969622995838879
78826470474194286
5020156746165647081
3866465726106113771
2930849461179900044
7634258013844573736
3649529979119667784
6625901919293308934
3887030227099607882
8037680697560170674
2192874188417003647
2771279341055247934
7984475936517900613
3944577331488851935
1587181457272215493
1155611723440008643
6385561380990320545
5816998215081947426
486977983905390929
6065942112686135469
7497992089032847128
5326958009990549731
52703005583420719
8316713259220340586
105513635556473047
3163770142128478018
6710457550187803956
5499232763198128670
7378802057484849352
4110068138852894735
2142132625510523460
321692953778701058
7332432276277175440
2847801086412253203
1725808516718275208
5459743097519838346
3619298636819873111
197114724586642750
7585374370187576382
6622921894103055915
1926955592393252639
8689616500292322512
912472304202999424
7474544409457246292
4216252032228257917
2552665805313079014
7081036535815780805
7202803903073895374
6010461687555598115
1759591194166583864
6555847210021324415
72216931941402794
4555471019169166615
4823981177291168298
29208324961569526
2932087171369643588
2729710899892126866
5914185946076001483
7104417463032011598
1723653102735835809
2831437034849909865
7499280339032909998
3138807544441646800
1861742213863622625
218992703044895285
9209038663681745081
6992222935432317027
2278908418649372164
5392199227933267640
7130300356922231895
495987482417372596
346596986826027101
5917924541555488054
3564647537373065563
8308024922720926164
8437000225539829743
4044497190962913525
326717983250566754
2233907672326107396
3599556159588492787
2086711746565423419
8189965507554730636
6139000519819097448
5877991166503637024
6723644293631225599
8947818540825383413
9193642788378812550
4438262303636597149
3662229357622271571
8503820358342902158
170466208374357218
3305222695574401210
6527227424862575441
8918771015325672009
4484088135939620381
103894608154341457
1724749226727106644
6132414337840667235
513516413568786296
7130606810098922786
8683772543795342314
8369941577098674749
2280219566519524090
2624484863736753657
8644123458799230977
3286782965056598560
7130495884445602219
4353390318003977216
5435700656054003914
9064880299675527788
6124366863561324106
6107171532517656679
1796141227091631373
6347891582464147553
5905739306704584442
6168209739634796875
4452525083608991124
4568298146988089604
6119554057932397313
1644159521363836041
593010926261891679
1885506522583431286
951797072262332852
1384087010008329262
5938407852073537022
4745520442787598495
7091724934466561253
5903162964129673457
3306059473079971062
8670590832290169952
2564648077602576601
6160566771698921289
7509718243781415728
7929539503503497343
3406554052968528080
8807773799710089312
4657425437431644126
4181067684023709270
1665315268554750960
2284303367440386505
195995321628413409
4314411899300297219
6834607232210711648
8898149411423421521
1374051154593130172
450393075390448359
6427023562888133547
4594924022312497510
5761238294714326222
8140119564035721125
3313972908942093514
3908414438341069924
4474412423167231886
1414803898734626225
4526268963529192727
2018105380161927678
278453483817407824
3684739376047471567
8331120324091465933
6897473106920685604
1878462395652288092
4151083534263256325
3857170782239611399
1113466573894234534
8688683884197248298
6798139602083466750
1662541588735218258
8687952515912409437
6142339822804208724
440531112555493012
6906106752644626930
5361629553101412761
7701163119024771728
8516545178502184626
8507822618171039387
2625529969089395995
5564253131031270674
4319370264003719883
4892190477563874733
995476948941648698
6356889449688218566
6850622422275635554
2653863092462375146
2714231695959939472
6045740389806849027
6641907135789737300
9122764161848737181
1826031704517345585
5102275100270894244
6580122499949177190
4322926047842437098
4795597667429057522
983380282561175846
4601324466605231337
557220477920113965
5199116809776456549
930751160908996473
5541565074156495187
8030241192618089295
3512749335302450710
6328439702578155596
6165527177183462066
4026148739924659500
8500084907690276869
8056120371615053768
1960838431553556453
967690901517653785
3103845720875436628
5693381090758000642
151980314754788173
6027758139155188231
6410496109584364015
216769776608713716
6205354545422570722
6161736680341049108
3444915915335017232
9049336213781390540
6691350235777434665
2699258949951266994
1997124355600700834
252463697929854992
4847925508656053534
6530509817498639775
8037888664128246032
8736196646589345820
7693446595402086106
5450739820935556249
6978159670024646005
6051263469422477621
6548875867557684910
1744398915423981238
7514828125599729600
8348369984140386173
7206538392743217205
1502323072451196399
7284450062016812233
3209743419216938188
1560384906466300992
5844926322099308848
1917884316139724014
694469407476471020
4154274767038241004
6080832716337255659
1635942338023137318
6108262899890203719
1683452463944953860
1159873276750961166
7099694608744384503
5885381848997714763
8888552857049281698
6762226951174516000
3549326928524464711
2310446431129855028
1903475331363726020
2482824340934934415
4512809409696166681
1804104407478437709
2560154532285503962
3141974441790486352
7854429155877922317
2020631066015630103
8717330473501276043
8674914188787163687
2551413916171963734
1093989157286360055
1440385938705182682
8328497789127873012
3515723493979013631
8843510946323783885
8662553469184836553
6698397430734729819
1770593743982610625
1634354942412486255
168165991881827725
7893667821321247923
6180663906693434788
4773456611930181695
4063744275533984343
7756022429316946531
8022681792671843947
4153325625800800415
4017454411788726245
7145614528480061017
6705965862200698029
1748999919918192018
1556207224835154792
3779568822131805568
4091403174650272945
8714345799673897951
6244957502300537397
1731583891705607909
3975591979474834294
5493688965862401079
5092833445852270803
2430665249808092543
6468710119850946472
2388512367195367792
5730204726596002923
5955506441487353163
7432384816761384360
9042513742970299802
7757131731162300957
6685480874669711609
5373885744566575435
1897161956973521814
3360351215507031046
6777087281094146211
4646768418030346862
7808798889355486168
1567221374335776097
3094832579542821464
3936180026414203374
7223049979800093053
6788411401912940150
8991695146225454110
3787097829123886737
5493614456375754946
6177356197979130147
7535229022607561035
3501210832919505952
4220524487289143386
5615847439694673758
3253604968643735978
2713996507918970675
3056094688989253772
864893011573520598
1083470557182059141
9101232800169711690
4238431906436018041
5234855135219992992
1473859201945614335
1528116990836793101
1356445815172559964
1077599619130037273
2411727907149410964
1141605549269401060
5244704534102076077
7268824000226078553
5604632211373768366
361937378227610010
1914310277416724882
3704211635365575791
441698762538088689
6947804811239853944
6226927915134112992
357326736162742349
6368659692386221812
7129520149792996967
1454733563767521507
1546117067604794731
4698046836010933600
413397556733940573
6392140748844084145
1119223787331585658
4646010713378296948
2760507655914652350
4129831703570323474
3581439088137375817
1449217100975217079
6552612438724342479
3886266879844397192
7299030558220914476
4442166251171070619
812365685599686588
767985576760472330
6323804460502577537
3152295118376796647
1167033179169254447
1931161989755935545
3106244386017477701
6193552067596197775
877839666215791765
4529707671563740473
5898715514382896760
3210854880981551869
8789439010091939539
420955570359506259
8289052448603303259
5266396105246094314
5345357448355996577
419942135110010243
3970317296251988715
1066644445600978857
8990765497491575767
4500190673203726799
3030667693971533063
2865337598147324080
526560740308524696
2875826769440405236
1381146088353219426
4494233940822136389
6385963056240144909
7411961817002779951
8177431530114663634
1648424287385648628
2856631134232453729
6293986777052326375
952490592202275889
6703733243879034289
5474300177104590623
7588176099573021472
207358171788333608
2883655865949650504
1684869518818881396
7714081795754734401
3212104801148960796
4556205304147707450
3349250404057421606
4805728082182098390
5557560046476587276
6409433720464365715
4039300802477316705
6860905410245867275
993523675636647518
2966793943308553972
1118054675012649574
9110192184585339993
4228930110021830608
1344870876969806307
801358487319513467
2654048977910655800
2600538413921102127
5855169865492100555
6149680559626534492
3873676793345755738
2623787504511211624
7360972993655609804
8857447310970005974
6232886711597179929
8962724779532480039
8180135180845091397
7380852895872554443
3993858020295616842
1274618615512181307
1702626048948328000
75028785237196516
846010939783590417
5834744660093903364
4448298030650052299
6191013445856544438
7112509435052342534
2116146413349804522
8930943510583248216
5217438703037034271
2012120816342148526
1304370791953701432
217510386393146150
5668932213280760845
4222603594119834731
6702259397938396387
610665565505779772
1798126970488652225
5471956490834835452
1890411323179410170
222119040819201612
7679097050647720337
1941873532443534406
6862750796386208842
4122527831033015312
4240210790048587695
2468266208101270652
2328551869902384970
4496021800519751823
3776218270948588981
1891653287314404790
3937321359841275106
2858374904969496778
6680886231164150278
1906569063031558644
1604989914747465843
6112697389872750049
2416509101362590961
942328385371659625
1749546656157974119
699995661884086386
4076455620243186316
3399136774994986747
2518729713694957227
8994111527500490553
2280758871963029844
4945430008154103735
6185148637441619012
4588321479288656468
2677401837925335192
8859596154286292692
4118811022207070958
877014217812869815
7500456808313328086
6791338968889162772
1096120781276125350
5981914416968086262
2980742920459136653
1406235958595160422
1958089625852396407
8674839076741648094
4826862281535156416
2787280891288745133
2019844811568194153
3190465205690368670
4383084207349575576
8628317341201924532
7118335120236767755
85134266444696527
2546660151284427470
5179165878761442502
417942419218640303
2119841618100127964
1898701147907754205
7047150672709137006
1874178898274883132
7276049043239478072
7301976207904984883
5517346532887619794
7030481038479337175
6876905952278601551
1117124762406676018
425828697014658580
1892513497521352788
5404408139945489400
877203726408217948
6565070751335712085
3641357851167133924
8305854645237454966
1714473319325114893
321650542145855893
6023302960048649266
2803308248483587846
4221478597052461040
6600961721455220193
1404372314301280185
5238863509995450687
6149821786695576069
5417052669498141692
4609500111221890524
7975048343058567788
700741716227975388
1940519057051304725
4397179437763418168
265570099235668103
5603704886420655839
8473748305091700188
216961827705619526
5533577807911871527
2067489404393022510
2673757620110597019
7415282983476168468
2877997642314243383
6131413734673981945
2017155763104305789
4502400765113615523
7526688707230903535
4358397503648920932
6480514332524989217
4466284902210861451
188807152143703505
6541960114215790581
6586786910550084093
7451373339313341656
3254642703123173986
2619090576599146853
6788647775370292372
834979072303356201
1846405233275301056
256047678126554921
7233578247641487749
4624880571061865470
5807380151796875794
2864038688925246121
7480787647713835717
8835305801396174516
3448672484530239851
4552336113187246222
4648372779385853821
7249004204590387567
3772795871586499496
4825357455772886073
3521566220587074474
8922270936392914605
6838910072267240960
5842788567110539467
8742030840576799852
1854328905475507806
4702948333668637421
7459808244838180492
6956235413712372673
6568916657844058458
843212255024551406
4592533558274144837
8140536779131504323
3113765322608051453
6668111326040789502
1627877994501291044
7507335997927651383
6369968003697951400
8716857364443133000
2302763419007595235
7330312575800073670
5230226816770844361
7919359519719884488
4880075827439510554
4076602242236027822
1125996060613848841
1144028925477034945
8944851374844356345
5802576862438350393
3247504827912653960
235368120361217557
5702697530145249843
1220432019743595346
1041489243412947350
1911917689477416516
8535481672553668410
7996195392072183746
5563840256536392666
1106741517804108917
4328728989637696571
5762113471945248810
8419802103551116639
3128606077217990283
5129763592049346617
1850725444427073094
3041915021039737000
2701728791044803374
1860236180146478337
6230395771815887999
6879118732749475074
7185165900017721127
2920630765556368268
8087465665905202081
4182534709153744193
2674780310502940595
1554730736531690126
493010543998044689
1373352393177425340
3574891284564267338
2597596271801144163
4922433824452581323
2910118202270995790
6645497414281278595
1261355357799196279
4014834265581507650
3656970506474210753
8565987483537316047
589478667561295078
1074954390802434515
2891710004896541047
3298265371631176867
5137810473374804508
8255683473529486243
1333427874562505683
6540224821205773743
259276100619576423
7898023253669075591
7500978670925791048
