3231662756861305289
1604290641039092317
7525329686068183138
4222144465827504777
6337238882434298714
2461994347741570862
1109185292483189656
5539813040149759622
1933806313444178364
3085791693831820947
7798414482784288991
6839231490607244347
624987375912219006
6173079139665439811
14631001142785552
8391929278685280856
7320401473857121879
1790660831462367012
2852793925480550232
6162925758767584338
6828895891304198496
4209145650338811635
466182016489582353
2514458055206856208
8171603506348055050
3836984465114114116
6113661988181078188
3115546559098200344
4037900120649343640
4865145102234146669
6752865947234216941
1078604359869946609
5669917379315157535
875544169059026241
8659006390165450953
4454906620502484169
6947232153485346218
8585342569143709532
3217033033851901629
9031640426824735965
8558714665654302301
4016191684687670376
5637229883396427093
4865585372388342677
8502864997531245037
7972502882474302056
1861888215315687144
3643160524293966402
2894315523418616437
583757508894312103
5844792967078963624
5728253852844514757
5710939381001810443
4835917936584057411
2091013883269791379
8717369380493458136
2025004164975304680
2782904292763389915
7219507499490247272
1743964826569590815
4171313612629817277
6773073711556319404
8998320628269772372
2422503794549936280
5810370593495878317
7163665508294582390
4714713534797881195
4874339780090711805
3743993785439989573
4974129180662781506
5034172531943457987
5671601729957274578
622282418103552500
4567790685172513328
778266161522374526
6417886977937214064
2488436548176767543
5555261154720572552
7466558239604088321
5718298092239869576
4752874863047053207
1834644720603167226
5418162022565029993
6644053346034279835
1555510693761723143
9011632986246767755
5850031907683084075
4880266539068630695
7752743141693195491
1239306932828759958
8372951480616281767
280957922854428888
1799867114912398793
6527082398015001311
5343393678719017942
3425699419674342974
7072974084799747670
8835704331977867971
2341095716629144916
3704291849137757004
5069459416881383782
5444917017414119427
8706668326638405082
4063356641845490656
6906134833185921772
5287833220178590607
5470825975524863296
4594347876212672477
6361259581904755735
6191556432277716606
7954453284919247989
9213315967949826813
2269249049889261794
2044068504899210942
2520245787875032697
4838390502727143053
5698420687140551423
8319205754364515326
6119161621636156286
6486693687276546577
973066894356535680
25353500068271405
2021197653644368905
4745134888344943527
3914195283733038486
9083981746947073531
742241278472187418
6256200047249653578
2518582320755758770
3936769628421030393
8738299982265283737
4820863543663221134
2912527367655112832
959966423512644761
6611819821939371313
7911343771505567770
8562882907826924547
7590270636820417927
9037213528932148912
5826740066625616315
6357141141695392868
8762845404731652896
1434837740400141161
4823415293646413575
3379773778475885720
6480703804587834962
9070899408271496694
4118143048643875874
1595980659979110779
8418246066021589313
4754128850198121936
566372298220458770
5619695702530079901
767361542278814298
6456194870960978218
7124518675017483621
8735353283439873720
6170250874174419244
3364682331687058505
4224279922627834316
9200520176337281155
2488103051463256567
9029893319094777837
6751140823790261289
6979450238461426073
8160387270179641678
6809555701132482878
8226174162764765067
1310475243095177416
7832113122413042382
5380706789839877258
6435046047789728220
228972932276781246
6331427624429459602
5902986519525540979
4827881156898264875
3683571926803437585
4087360614046188555
9196497944313243575
309330382032107647
6436500838195717338
3988597877695323716
9030238230992957128
5887489374407458502
1917624416667641918
5532422594908631998
7403337347535988639
1923444188318961007
5062624165338649803
4853648361563198729
7068596606686471591
4921203188496555274
2281907523920518806
2593753447173133319
5455229057064941103
21732312059791819
5459875043380095587
1080224564082301660
1892723326940908056
3461969048978871353
1671433643385397418
1473533315570212669
2282063622727195477
7586599098454526571
1869465318233051069
6260020143123525149
3823259296628204170
2950288155248915707
616929774089824519
1986081675482158372
3562834643388920063
8132169263986290759
2487166551469961701
3878421569764641510
5180436057205206259
8259712384719814886
3776278163236209079
6389074011581127063
8491034749153706819
7440200617419144245
3274974126394552757
6486879127258633115
8066303029778248460
4263670113934667158
5314617964342688037
725952547505502072
9011088268729318351
3183074146070743591
3363749457262829959
2244303446933111835
6175627952240699239
7019578256142016695
7143716330039616747
4234337997724417388
8944281341770916405
5302629188922848491
791542306957511966
65200030414707732
4343200971260031039
708558111539906310
388182205137052862
6633402018882846761
8304859821033874280
8764851655384890197
4040838425117598014
6847064553174120306
962839950637880104
4089201684543571273
2576678490735308557
4855983031923122732
3640715659182434570
7476275591141194025
480346056774703587
1666209598543434065
1104830941014102508
8786907050369179710
4268036771392911696
8403113281844169549
8909481317972404044
8067454142229197419
6794314692309933448
7937428316200778014
5366570047978523260
2618716074611393766
7932378075361573755
6780335992583779453
4908130467360974091
5921021002338424689
183680976584562369
240659588138156929
2281097176290772836
743497087278782259
4405708979212423511
7471034984179654423
8484637688942941972
8923721926025278244
6767150097611028922
425324677685912259
219621254939938187
8199167833840541222
5277874729592898055
5168479927645418360
5000507999059975097
835496553281090224
62547857345139028
8519049519674087759
914689815732812578
1228748670660773547
449713992204377530
1981292591273523692
6793469853169312960
8896792622024943554
640844006684053945
8675132713485815496
8301588479989245890
2339077303190918111
6153807092276129756
291743070914358522
8114672268316007140
724922587783988594
4274457867519695674
7994280506376920110
639161504588346055
6624345912848512657
5411948355591506636
6033724443585244356
2677063872061006959
8350348234160446324
3443109351108822759
6385953786362198082
67090611925729259
2791742292970873476
4068769381724788588
2735345669188785875
8297849406498851144
131705737900797225
1040031751915684594
1613257077648614331
8514104626704549831
510423960240642313
1203410345128957724
976439667748163473
4558103472118386981
494172063248224783
5937269040897614396
5514164513743162958
2828583617525662402
4298240223872202050
4423410149525607683
3565946771727216196
3159127579168905903
1994622952059390700
6629804061816111785
349056329538160030
2728224924337540111
9088890531069602984
3154888916004340538
8720482336206622373
1598239478212168028
4738713243276428722
4383913358678227516
5813470260319098378
3949674486505615335
8006706893364860906
6284499229348858205
7452694523907988691
4613943760356076011
1166952475532663277
3648826041919376117
1817444541347008798
8300238704528231074
8475630418282198614
4899120370198921820
6304351988898808218
190060089917053561
5493346767518777991
5385747246735607447
8174090150360800498
707960368335105867
5688082088731659710
2821947532157120566
3682358278056119854
8740093535759885056
3559599938617958289
6665898210687261413
6169401114238333932
6927294451703060099
5754536575255762025
1738880262822358279
5635191333891029850
2018382518889874393
1264488123986107221
1562531673044699541
4906897853601917270
4804643806354776782
2389097078765699809
7388586288581395650
8293286956374108293
133361502156526201
1159949730199071369
8772225677186836167
2890500929841402540
7590590355760946998
608305048801544951
8873724784304508818
8183523624270362937
6167716136990289651
641019012140242127
8133966546307169760
4225175156222981994
3067903558023607046
3968898114841404951
4417031996273436913
3547541588315456050
9134578408456179959
2091020968987861018
4294408376683749184
8412214656646627897
8081786374665976563
980217339199012511
8134135252798926401
4221512185084004376
4522648069841673358
3987856843887185184
8183302387844788296
3659690409600417143
8317698744360045410
328482584062392743
1907855430598106491
2671183271062996833
137658707090024611
4302759667474233360
7033965136331834076
5912589792170582089
5827239048605559097
7928726085370069651
3347772711736850476
593470855812206346
7850084975235721289
8910107311199785461
7618601070659802127
2197448709783097697
340144794129579475
991232082309685361
6734190884080591047
5918276485252426451
6698953336818115891
8723474749066338974
2586245300565444446
4889979067319088651
4579086323987819641
2586517256884580450
289032995467355903
5137172521884306427
3774172429739666738
722516735842659512
3704884066912941000
8209654142972435802
1798102125788664516
7601508076221447342
5057562808568126408
4722009555828969661
6078428331493772490
7043810702260405049
8221899543267624742
1050694828459369012
4573048339285831710
3313639019783452492
1619994192450930750
854939825395200665
2807927631028996587
6058696460676320348
5178524019274185715
6134133377258251615
6794086956541910997
366946373645536468
6574151328057189731
515946044143435206
6674765050399131875
4451937766195931244
2295425474848609220
142216825569003504
5735583789892503452
4514359381004143267
8462036725259267276
5467326057895627233
5243496925242420729
78006995303016360
8359127922278660161
6307942595464121973
9167225281131254908
3146388822571427140
5170924943972692480
1573612624748369476
6724097572880243930
153871111839275235
3263760135661636939
6997855177668709370
1486268580477239589
1705501746431318843
7074146726745933065
6893743881984771234
3099747782119098029
3340098321621581694
4310925990029161897
410407179260252203
1867158807323814637
3594510529772431987
8429142096572210070
2280060223674267247
6391225006579386945
1013083991842628203
4020540973074624055
1723654586764462484
6497045266729637983
9006381390743611152
1457585138830779578
687339617450256270
1946608169010090398
4974159031899247794
4403858521957835035
2278502417541304841
8563821875513253894
8538216448221250096
3649916629546637262
5585534124459675223
995937166390068871
1373169801266959291
7788045502424324080
2517822141920328306
5739920774081548310
7242172037901891962
7082881266832956048
8598309252247943790
12796725386177128
918191895180727936
5210192556984170075
8778374306719975886
7769997213446689760
3177864931349828823
1804709874568300299
7193089701420762834
2562091902861378538
7380408825243019601
206531029777609616
3710514689812235029
41913169728248986
7365202470315106724
2601640605118745455
6590051167111813299
8425234803408902509
5103284641223506455
2784615558658976618
5627964307154857313
5609258137601791314
4685405938406535027
5910811721419974749
7557638921260688511
823246405380498400
8548992588756004203
1894721180381991833
7756740020124743167
2941201335597866065
6881905763052106735
4251195926054224452
2212451839419618725
2210219777287980022
3406661531501544623
6723254915139055548
8440432466818731928
7483601468215888521
1107038914216530629
5861157990049227103
5421795364644363448
8056277182290069472
2917826716649214956
8820636426059291687
3199136556818026371
6698133172545139030
666044720090599116
3028823850105677063
8146627835587778404
5972989247630516304
8868798401392047623
6948032767105567994
7450908255554186404
522312905989384209
5344156073625599543
6625343100297747313
6332833861457118803
4500974338449391230
274320153056603567
5724650619168874976
6753440201272089383
2972577030912984418
1329148695236346153
4702459311720700891
958094594433926788
5395902790777636643
2923110421747654214
5894976104827276563
7476803734109960300
5565137323588509538
7971534365911534089
6501724165039219369
6477048239402653037
8397766525475378162
2868747367315983540
3426030525779754718
3998033403894044260
1452814994616119917
6427353194145328659
8537423657509019880
5290506019334434799
2991295081869138842
8088973663971131967
9091484962671081411
1262704800983404387
7631964864809122641
1549128985646849549
3879483170388110961
5425151652407248063
1737342521912333528
1878517718777242046
7158369685544434137
3817450752114763023
3311032247358736380
5959887681198845400
1469809135253919493
1456846565217747868
3719254765179351342
7935478360646466742
7200707591017999584
5493098651161417172
2129911263614082192
5883480799949793699
1869126550341906045
4859541675278371388
5068553977660457230
5238931136268295017
7340031615198103088
3663457043062161669
986001783177513846
6397268141530577145
1042919212889789818
7751914295679472052
3243905710811616748
7018955981221252057
479120381002813818
5851929263225189800
1465176168712880898
8879563874683160917
301694516990998018
8935609520338198754
6797904837154320198
3554621619554452888
8424745040852104958
4195392121066702546
7248005474108280541
3373839794163441826
6630080744314788266
1174514616133033424
866725917538738211
8965614672375220611
626458656275040945
4779564706896601170
4715166243571877427
4139986435154303275
6405288763453370185
3802444135123046935
3935500291907675162
8636226499687771238
9132452612673373425
1410741855647747503
6533661454135368942
1261533842324787627
1192062557695857054
5495145714528696634
4688405440260101886
2655283481137324286
5476936948724299538
1001608392722185331
3719172499861664322
5092907722998911726
6751802407604794866
2413167458908908377
5291506414885046865
4082519984231221428
8864094680544180422
4069356968098745748
1611346414341788369
4668784931307079072
8143882847493594901
3625476750742031788
9095851965174716181
8266641855281662931
8961986024549966690
3994102882933470475
107920102702915913
8939981162463597910
4896273269234906071
2686121592120481017
9089070249000210897
2626095255266792154
634648785340030104
5277151339081146589
2407515847555675857
1356741874797836496
539998769118461069
8765934734301880469
7237524201846486181
182223632142668624
8698368260591777408
4245260941488110394
7077715248851728392
8092887935822774966
2230539015138445319
5883770327842097006
6199234408106855339
8498820451730514684
6027185110226564477
7929638979284462388
8315678486993431625
2428688371932791503
2198849552007672613
2630128712096500819
8841464371022063431
8843631846621050520
6167433753256778939
3188180356696570274
3049638747963150650
8704236958974586288
3665969259545262141
1305016747238213896
92985395186866330
3216315876543752417
4011995097683345847
6952980791332096923
1040638759554420017
6842297389175093504
5357707524682663434
4140239980325963447
5693330328122343718
8506348318169548010
5154530178186059866
2074313604055566193
3397455027680022384
7767153850898446677
392299873713807873
8595348981701558636
5261080932488378733
1365588297277394553
4312547476288228967
3037666753320796638
6398416872818657082
8254166110648262222
8451129009425173660
7976964670669775205
1064817564704072559
8156024292897533561
1037973418815661121
5747575707363255666
4995914330114913935
8506736152103403647
1513287422537069259
4984766436050065584
7400352691373985791
3857866677720860990
8916716516570928131
4698597876061778100
2597898434460347137
4866042358953125309
8186205551019153805
6921674098162653951
1788514893773871300
4695728442098208808
2534972350788395199
9065054840227283833
976779477480710973
7486854509853894538
4361872072051246285
5661964930678412480
181206861836975060
5903206253164484857
7183334866017047447
7385223304761682560
5947934509392296800
6474193406212143330
2271112405352091911
1264106421070781607
7438480441240517559
8926058407471516471
3911174265224113664
1990042186235542105
1281304543451294100
650925081753655502
7146957533779516670
9030623419386514520
2797208135394627635
1224910098666850117
7704597425696418893
4467659985095089251
7345703298818593181
200120664030210087
2106160615093304709
7056007174291423815
8907639634280051437
6449297563581894466
4906789772876051652
5017058751122351395
5442491644272658580
464249593259555870
8710287526258460821
9208047222104288938
9116533889739723841
7624716068200028341
3010685149951442522
7275127636464081207
8631717878308790303
2323820693648767792
735583880633464235
8056869662183686558
6611783479171605118
4661737809934222288
6183509205305808115
4677338885599884674
9089933356133728666
7280691780987188732
6158939253976747696
8192875344147170226
5920865982860439274
2692711723613549469
5585640695024753544
5717980477010196003
1483656138518883066
3558131109687690584
8867987438534265107
7814030569443144515
1121249066551133676
4697386328757941723
7285083101266186133
2680318935489485999
7476772814683771006
2036507594597321792
7496112925797657692
5128820702348158114
3638623945208731885
2107879271829846421
181333807053072263
7663567418982764339
7462806670752693529
2789379100033051259
1391997267596101188
2816540081980219606
2106329944803746187
113366668038570455
1889729811470383650
3900288682491491425
5247114474841427291
7666029236029000956
355122034495241123
6346252405213887910
2412091013525191486
5292516645406903196
339520183471311299
844479553574130207
7461998312811995693
3360759236050037280
7962550714119192914
3783947095899799363
499574212964041177
213369179040458849
546802938066998712
6857816055465156667
2342633381798755765
8141815814323818095
3604145360979881013
919067787366878131
4729951793689071254
8878112582250081749
4534956965859417605
4530861466793857226
3561568417408448162
5720851766009031613
5607094439134722400
8223532938626648116
4134588124708856410
562237737324296482
6803029943317134173
5234682973794828863
3881420875594798153
6340970903315920588
8329464978230629002
8787613637749085052
2122800617890896944
1921023498496895897
2119177306915398975
216094824980431165
4560947839393545282
7716741226571159891
4207550628523724015
731074787342085657
1157196454388250304
1263032825935604456
8360803038332379001
7420328845957937771
4468894448147182586
7407785993206980247
1828588690740436251
6869634549401881142
5695038228559461612
5131101835005596258
4534608619087606968
8254721430930915666
4892205713722935216
1435715775381891376
8378560732804100837
7836389066059102778
7425334880849639798
3884749717495670693
6470716657852291745
8780708860992059708
8191006566416107911
7618983260989010654
9171306945597519439
8416366785307005158
437160071267411540
1848990667819240064
2325530089076597190
9063906545440451013
1596365997060439395
3436581792845011369
184192200893910374
83772579521019417
301490813438703940
4309835268647560970
6128196421882642885
693549268200770204
7571306999867474646
8783935625296666015
6875332104343089150
5479766133097445521
3934149873023844160
4975532043823359756
1026111540481609761
8423185202523147448
1921165815888389816
7737071799264326666
2237973510072951100
5750166029814244035
5989317777776921417
1402302444302940474
8169447994880487244
8305520566249961940
5299848616594387381
8142582649387272005
8658854494726127922
687557949918924961
4407790410968299077
2697938439846382842
4431576313769381458
2368947568026944725
3934875462313572924
4766235330346128907
4165895230658925637
518750288850987121
8364189994018460510
4256393286998167889
4856740078745985501
3688288474200806217
2777437739443555573
6392419332051774118
7169303649516810793
286844992736206274
3853074067653144294
3514524254064811206
4443539796613800952
8934887489868261178
4529409720508569395
7306636217754597677
7661093863696644714
730058859035514630
5035909464965882652
3399899411727317820
8356313782503469122
182956592072107467
709970993364994296
676290744154073150
2551874177024119012
1747260514043554567
219998229605279487
3641760581939340944
5444849529114072808
3731107525074848768
4460803517685448605
831186712961014096
8063879705823821353
4217232070897547006
3894616836082608040
1180624007211987164
4527157663368191982
1748705522756779913
5577277435462270083
1214852999689770492
7774151878493918773
3799330761701788342
2464966477437285265
8865211072373702497
6106816806385154957
2379213416589517037
7561285840133641874
690991507004153027
5802448976590680633
2302051624818177277
4781258992466205574
4603924837574737670
3508151437537754196
8222433736209666912
6043211718896971144
7814487023953459297
