2497187555190669650
3853890755155874595
7233852319190916423
2690595836208938160
3031866665100802937
2930113521517406634
7266354595696631002
6382532315668606075
3664195601165956480
3271463727441350747
9120767970931107429
5141259215060269599
5088239791510950849
4879129900331620011
511715703924733894
421056140722593180
7076088513511539552
7853824245666772316
5203774910382736854
4662929913643651630
3496021914046295610
354022501024324659
2328718723669256759
3789101109810604368
491493796951303746
6868362465689440966
2498717277741173312
1288246136538673507
7850566283170892871
2431256571823407694
2345226590523378349
2088333762654220046
8483988133280993473
30485856793718136
6412946873513977751
5447234078689343082
1323752681263664771
4455574903704589994
7735613152312500377
8430136953140711844
7143608929311808862
7640140322074080968
1001605892478604059
7872597486092853038
4063478547656551271
8844425840669356777
3510496197823223814
683058759937120355
4090394156434234833
7825470135620439912
7179806457152423241
4350348397729534855
390102507794267975
2633738210631142905
1190977091438658951
6900694047685774346
3532844343729173845
5505607807432014533
4896615004106008532
2901153285906075919
2432811520916431689
3894350141466787238
1543723671737994190
5441167483916197176
4713948887604916153
8964691328615128569
2959967419576954108
4234085955759037855
8324810432213566626
8306638980637688397
6236962977460291737
3674962594722548114
968099662336792294
5394646522680855536
2594820683962287663
2188221620710505803
36320512198095332
5560988449738510128
7244530437683811447
4490989188873799889
3329716558623853377
6026594876850832877
1139158131225621353
7891045462791892722
4393494012454982676
233411883288439405
6432354121758999836
363034163735951192
8367024090604398769
2960581274873984916
2870203022931129986
5600769640608236619
5467793606422149003
3053185220505534322
6445187604130879811
3426700192084447911
6106849707011900654
1877129328318556346
5175964686943729797
6402941165832345922
2463079917728881532
825292579370050359
5939184556954535893
5879667270023472281
2986421678802784994
8157906796261255129
3283297885507762455
3869729109449719604
2948564677386269415
4651262549619676464
8375534623280853021
3460884526150405227
5395392823270698259
3139390274405216841
3737606188414540606
6260994205252628197
6136718339977826198
3937715608691806922
3612129960243197619
6941301560583089505
3427241787775777830
1635004824753249612
2949012753242019355
3190838999343916590
4383616968448748371
6072126818803838417
4523115150728508660
6495146180217312621
6819016592725663417
5975276699170979844
4682387381854858109
1404618848720331879
7867742882093527863
2633659890533099773
5095343511704087325
2571347007420224151
7984573907024411885
7847324311769252442
5029517546645860514
7791557611365253293
3676260263518437823
3695177152406818959
3433476766670260388
1910173299735025275
2648116981281320036
2138565789486416550
5218250055774434691
2842148452269035190
6472658857562029041
600492546931169046
7147877965175780048
6103845958396484450
5417632421391112248
6519240797373543909
4465258212691252215
6345945523455218383
5458475718155301855
7605818222989188706
6997695664786630694
1622192681830277160
8644494698283921606
9122564516715152228
8831485894950433627
541662412264564709
6079371221879585955
8180119481649181037
7179026992664808614
2838790162074607467
5548431409454929752
843082942275570856
4062889234937965995
8530608779385977179
8478417290964017545
3043397005700344550
3092384460457855421
9097144515732284869
3673479357391320387
6311759888529579521
8384615842574028616
5171199521471182087
2325982612692115927
430790541004637123
285418824842824546
1851906738013751583
2394033226336162872
2174003938398640345
6705160661163783410
3479848524549737660
6680670766187536408
825418409753571096
4549316007195890439
1421979240559736764
6119041917374156150
193445066332237772
776355485423534885
2538218400377841827
3701641988148908824
7170144010891864890
8244978120443745929
2222815174788435879
388304864373020031
8133966358373697479
2369428399188889688
46360814676455066
4064111374711906868
6700926358384069785
8468122637266924903
5239055807289954504
24461989700062448
465314592265370576
354965156707600016
5985937794511877439
6037285683622898981
8662739480588034974
1750969107323816307
3353598646054675304
7038205449355275684
2591392804727009847
6045791031701084014
7392006449320570364
3306272171896186834
7655998876884954407
8571457278312106516
5632743968521416415
3452469216687488579
3395224710105804267
331116113407058947
5450119825366242007
8961241625574946476
1339378540878100709
1664628667682218324
5169382790795643411
2123236316581816494
1326598157006257366
5536724150317837203
104268783407822511
2407473691594449129
2568857548512116332
2670083132625221964
1792697217535602839
6187922856137728896
802000658543808780
332988964274340653
7246884913255531676
3172323206555035675
344773645724475079
4441335050071761044
7041625352667151595
5653722039062580651
8223729644149757459
9116091003064016421
78798575493653234
2116811440591759147
8658318651148568475
5058939571972156117
2538028191406606172
5414235565888938045
1009635610188956957
6763424218845070279
8583551329884965081
7242902932529170792
5147992064718316308
237888456881764032
111019653950449561
7364761638646477070
1873640063270082358
5605489688601971885
7750296518827143278
2785851571735526792
9058224277685016703
3587589605875834175
8907236069629592284
37222538060467843
2976082364912206447
5287935282290159058
7966404927724929848
25921344800657185
117270933624618037
4422766468851937198
2104298743084640478
1520795873228375056
7957757249102532394
8732546027616239252
4857910411682908392
1150015260196841141
2122393840597432991
8096313953507828156
8635284749479719455
3796919268431318174
7333989909779770568
836782198664989205
4838969640058117471
1137020509098815176
8940904441108615520
9216599376847390446
152365972453574616
8314089532458917286
4416684332944092984
5716638257425124842
1252690717967839162
6227846816807706110
5961583304432922861
2312257662663423533
1351106195567350960
2512973655992028920
548051920545192947
7564541831736892023
7962982128730812496
8404916785492195772
608907891877359353
3842687162091158376
4496236667764418053
2831842017535376314
8353767366872449641
8949287469723064714
2822591867094571979
8709276625591019361
6243844425263319079
7888169637365904968
3231188247766280817
7915666041879480176
1930983174940455330
4231059009094781419
2947333172472589099
7323622816822447240
9052543760233218494
8086306324450848820
3195489077008459377
5036802059953269717
7864340200724476450
1098188874059594870
5453089653847825306
9218168041603535326
3602497056038402160
1680340025782650984
4136314144173443011
3606762608944812493
4837333598623676177
8103685692891628350
4917995939290108619
5805597838612688290
3725400969713402706
1364829776995555335
3207671826351743222
6671771663442115096
7124478859657640156
3239932339471478238
2359625603876018402
915654460705672375
7602823876677685215
3197488855872945496
1122701679351642140
8122714806226466333
5423542516588786715
8655719200320261572
8830131151123596058
5589345138376317027
1011018888559944410
4395268051649710187
7260539495693354578
8125879276443887350
4206356414740939055
8233434665895545222
9037359847366510598
7028775810909005084
3809297834890029160
1820536933327930383
4832000897945162488
6621170461198596096
7406167589483005892
1334779964436329468
3716872712607321577
8682249208873575583
8089936381260398048
3490755372239217338
6796656938581101936
5103986534771613096
788010100829443181
7142976121769322947
6283881836138858090
1669477764781765104
5102213465064800718
5882595766990063415
5192295752063520270
3083124492406287362
2973253861810233085
609283137864135337
8538679630903753771
6129194987536280949
9177664424010064228
6101247673415714592
3137123651293289959
5673017935566821634
6978593261737373364
7821118424267906823
8014826556459710124
5508984797539456290
256983485919968115
7656862154307766526
8123837157437606682
4547852262201728504
6874915092831307276
3832844645268999082
5869266809346092760
4280344054272145466
282835746458146337
1519803026030616043
8230211149959745740
5054120699259060243
5091772166979748863
1617124341410123932
3138335751180931329
7452514685535884551
3768921598229117591
4656211042630456910
4022470326164251305
7898105542442706367
990243045690877669
3916527434982550716
2880637599631488672
197368705742847321
3303623360200938587
8367873188829722227
8809900960966292338
4687399332865975362
2668871276618615656
4212547661215133749
5652271624575031568
4702438838267492278
1759200242218302153
3697863355177189542
8082698282335284014
2989385371712919559
349514697758682897
8374799526703954827
1494871944588308938
7733699628349247565
91982536185813778
4798169449246705465
6185308869254953980
5904645051803151963
8946079636899346602
3176456285566193774
3184832412022901698
1089621188245819897
2363350031406892612
2085755793766803328
2735923762863965352
3847035361488141501
3463658844343878707
8296085420797716013
4687169491597672854
3114471203283754815
1291511561214367780
2477020065664625387
2164969650757117039
5814992456840291951
4348366874908641506
7279060503151545440
2186626028305540803
8000476951201558261
7018172900156977029
8042017567155126981
6635943603551764563
6315899185415992560
2970584249482245833
7299561269969107036
6188111614081606368
8856336352541302911
1463135530632185729
12671124527448319
1668301719744379506
315360344023256471
3935315660643175866
8206387312621447338
497210422090753534
5572843900541534876
6645790078182511845
3031163771156118085
8018274342331887832
3694174081320319334
5645284040078621536
2556435845287495626
771272912196038127
232640581592007612
4965615047272343487
6733619689569589734
4223633060906909005
1128242312800439968
6644717814999741692
253606666813633660
6798525506445740133
7987623618722543476
5915560481619679009
2766193018630839023
6603822929293354376
8698248373997439981
6326821924636968345
3359045173295284760
7446613509056641291
5734835972832565313
2344380426012053756
6867399605662098657
650941998762117399
1024904862531755704
3016164170908506884
1578909731764781781
317713960137705569
5533311575394589071
3925076227754769897
2305525975948711568
5608952034047252356
6535301396045463048
4387368621215139781
3126641526059721156
8300701980226338867
8736999011717847224
7773288915501403972
4028864580189852155
8425134609954651347
9060293289964182148
1914401714743821590
191532450131558850
7341729000419281217
29792217779034037
1086010781824908573
7160889718170938106
4335050628276081940
3464762676436880424
7103988529846724940
2611938145909466757
7951180002561322912
8970079572603841203
7330913086748359743
5502933827656899548
6497645761250556530
8915848557547784413
6727413581318975274
1972567713584637099
1198795447070363677
6071682593526489768
7841102957311662251
5161070379513707455
1005949525347429061
1337682027569403022
8112347892169369457
1340506667441498339
1883910440695840330
1863630339413822602
5089404558688984547
9182471649788770739
1051169096061016618
9082461946996544445
8659525476065820201
4556054086450234385
9045416043692014847
3654025034789575827
5932671775519622252
1848043320655296384
8776930825621322727
2831778986294297169
1122671524322249335
3080495187283600551
6334907676979533442
4949579450319070680
7379610157387159627
7333077786281280738
7950862333942305338
7630307228196615192
8257729154112327041
5007318157031229076
5988637725657900383
4763298028901161451
6736667735038388446
2926168349634755834
6036749897514066524
440429924858642167
7570024803083704233
6738262635428764800
4598988432606076431
504946385152552967
4767728118836477907
4180292485196243349
4292353985016733672
1153474519543680931
6785470722357980396
5574149519001146394
9138806385855267466
2577967343170598234
1108507464422806357
5519184321602125751
8379242655088248074
4979918128595563485
8189466553713363926
8015432888130993711
2388574739433691514
6634480542573639840
3542519522379903909
8844931504315874437
922132480274559278
2671554181874997460
5792975485138023940
6102019040558197139
8147399699661354027
579373020963119324
3677758540929482312
7316919835498386186
4177527580973320634
7990204899329317606
1617242891280953108
7527929434832614337
1912180321137655479
7848109460807515253
3848580397454543484
884561248527232973
5029025378161511815
6479135553793093969
6569167597518446717
3042366037863133947
8328172130982429087
7238755504207638413
1427370164630406269
8023880017400278395
1050205332529709240
8976525925018414456
4103117679754427379
863100393377662537
2928369077511781374
9184153652147920717
7918063862045573786
4800119998370548778
4886761848601013933
4905529924528019736
1401224517330284854
5494602551279612562
6860628912211662285
2245244382335142484
150630364577607625
5897631597544249206
1081153029754148048
4862486754738880624
3810745297857798039
3630029631317573166
2658532645699994239
8172447616311911571
7194490324331300152
7296701297546334084
1410992264696250392
5213425223800407096
6105592427250217155
8660607586922296219
1983082632571098410
5904935639953439059
5179973962604988918
5785272225001921073
749617886569522440
3794393850829184374
1039558912703934795
7323602259539767940
999385645658403312
1949045804680120868
7320172078974939900
6854986434841062766
410719980290112629
8642731458725304492
1346260902818054358
656374510788673475
1030557908329562704
2685804661071721554
7052708469277450480
5698150969836165291
3147439005057906871
7865156449197959443
7507819681778682612
1885629011735569323
2934283040627789900
4952533753129005349
1293934994877661395
3957798341180694451
2487902688367408337
4401485635785825468
7648941383221347906
7279993787690254666
1653444853608219264
8699324200919441457
5473673086364920190
8259910787102917480
7985927601254310287
825693166160308374
9037263673668327720
8881288508482770391
8310021447437533392
3114049482919928077
6629722827501847157
3666657523936889779
7511525242579345188
2547110198985501446
7557602355797105348
8269640917226852275
456969230782506944
8705456845080565890
1924254405543596281
5185900434302750064
581341025334314388
736455573799064552
8165350058656649356
6752455863591028819
1614507407578060551
2320164523958359297
4449512148449007650
5971649806209286059
7784591128049490459
5119843628661433301
9187942937310914418
3592436709494290398
6125020962952463189
7836094961642578162
241783774671897110
5824234557557297839
7481148617037501587
5875314037269182193
7584641549902682107
501281012741731096
5209431723920766403
8624885100289479776
6726601163526952434
8232813121797457285
5904261853440403217
3799974475510366651
8764005210082311306
7539205874252558096
2439305434745518003
8258752847109379220
3300220065075291113
4289947043519513842
5637662123026014590
3387848265867968599
1774914530416074861
4375203098202577712
5943932115207859091
8821771504614706141
4728307827390614428
4034482538052409880
7997245031551860204
292253994658856140
5344877890669116985
2503501235153653351
2659275539285109353
4192387574497572493
9006320667211795264
8555963377917537120
5679280752437438121
933468094963528574
8912424137094754025
8487432492347656726
9029094702849524667
1371765459127207173
7380518546767787660
1846088968814052129
2927880074105926174
1519501821425677106
5593500525491692183
3767291301600184267
5712082384968935515
5180971692580153031
5761947246654398362
7537753163449956169
2187315680059984821
6503015409153730796
8306362232093097800
6868484336901533054
215044358320094907
6403360953851046520
3690490928642598119
5183170588086661223
3192458978262252601
1494024941037688255
5087794097469721699
2323400913439708255
833954985874023518
3361110965838050119
8625696035852444492
3798848706632278958
5979005333340031955
2697339885722056069
5696545201764715856
335196105831546060
5452624138751837083
8731492521230975990
9022417836560671770
401823616660379747
6422897806526015027
1375766511498515884
6542081914273189750
5394250239293559250
6872203216319095258
8167147410172852313
4579108224974924476
2507990022384645337
4056559598690318448
4528495694608319712
4241118161860415309
418834893369790959
6313580134058375581
5897951976598411994
7991685656192811324
330356224682019814
5891238692029919579
5408240082769478201
2061904919881898293
6773774395995430340
6036679088296543967
7899721805454433462
5316433193938638863
3856786727746840947
5185532369213769903
1471264117612799637
1692647184277003038
4874913649826471088
7377792351064397320
1323277884429099496
3614599446737638909
8443003204743659851
6997305062289270615
3642561900788026465
5904880941842852651
6828159888531614757
7862326258346421219
7478042883722193446
3002110276246906535
2342043707186262859
5300512537342784963
2948783498872351186
3162895099701356116
6572791349688491342
2818364776003771219
7674286217857634151
6614208118001289004
3325620911328027230
232942066008321424
54088454093786896
3943659341659676587
8361997937520149552
7414791848625678205
8557495274170016715
7433381161526383415
8529364952573991285
9114091205772484730
6838750556057875304
773418889132982820
5593537679484460101
687213805129024667
4943762078330551510
4946281435224314011
2585981434648853694
610642487404048192
3292711592311715323
1046193485752921544
6864269297851633630
7690960959592905541
8573753000149060133
7636906915142754351
3646535655829412529
1710047850636287988
165506228422429223
2519970310585857956
7549645846743553199
6034963783805388695
7536566804152007822
6872368999455403872
3653539176330353470
6986321106107575699
2795772543544641636
8277043870476969345
4319899967110391410
8887870612293723931
7982251940491594922
4166962626838953499
3361622573704298788
7354142373558854029
7153609945885527081
4054768144764700856
360275782151107148
7553850779633271522
2029451254762273516
3047503892804676643
5952879140539183962
2405357121755608029
3763410590409268401
5988309544554557413
2203705972346579301
4192381298059975088
1227193934725086270
6111697420860690761
839282877255349916
2597427248976820761
8384195242309479808
589936086828627853
8942087319812544850
2000120902476477713
2645901481765621086
9177380992140535355
8070429834499148402
3890837493974690256
80074144690331109
1398796145098368770
2653915235298124016
2499077331232542864
3598840179789809338
4557502044998566017
1501736560144958585
8410605253536278126
1629204950299340995
3203656549620996839
2550355389733834727
2811574379954993130
3267440537577353592
2791762741548294139
2467354955240942397
905171278226934590
541387594713924225
4939340656668696002
8928184294344789134
8146512175658539772
8226927057834417489
4569733240464568219
8411162210371269735
4477566230026625441
2680601061509977770
8025452859923965793
3986892085176523894
5423853039507439372
828557369036845998
811980092276193880
1292289119128623469
2668416457939556675
8275060181014589079
517548295930123554
6799350556665879664
651170515537432993
4633054964367964864
4366144686854372538
1965650576596117683
81541541926201976
7984772603681583048
6745470105234811985
3202443584214015423
7691226850348257613
6659684010341192606
6317363530124560684
4501606821229404617
1406197967768033739
389009511170272685
7641417975257303706
785194950242590500
8195648248395927041
32896693431128671
2673441019937611145
6596374765716562330
7159253556474608005
4186098080988321194
258040329625794138
8644022787937147970
5247261610004311610
97668299142701994
7509317534569638264
4666890286340425927
2569164763526001321
2494509620465508435
1557172828026270860
7371590166308840138
6075044691281081551
4266267065672536104
1302621741553720465
6756255303488758769
2583698858646570352
7987508614817320280
2071235538235394020
2658850734409195125
6211333035609828594
481071751983682791
5810919896197576635
2022797050175333778
1852264304126123347
8572601228878933640
3039447713575980440
6248452736594996700
5261914474276055502
2003862391162488099
4495318691777865769
5434079526735417380
8907359049963585201
1231030441992958864
6484597175133317530
6899949143951660070
6630476000278012045
5163724111076054823
5502760736850418560
640352777965466585
4682459020509503111
