2532864937598926661
6254124170106527610
2870591735822725338
3829537097811289220
7153281510204698805
3152040945110466513
2712096178955456669
4864987719200059347
3797790371856245542
2073339001193944725
3768349937435413341
1998751366997620450
9019980361410563227
3212735555536990828
375773934709770449
9013699668225076106
2824856547289688268
5794521033152609501
4507268887953106133
2441897269245447435
6229561318189278482
447969952809306302
3038599352351765288
2036304688899900906
777360686889733970
2677488770403198123
4591271039783675040
6404681909132648325
7612143481621915196
5522808730573230788
4551898600249044337
2024762139504097099
4130610424662366049
8488171954559810156
3537162144989370565
9054048554289108224
9156059524498173323
536295213220238397
2841040465918625156
4663795334822946635
6246979058134027874
787835301549136309
5710047711589470107
859961185130479347
2477861632901213222
2811950293361156915
6467327723374174129
6155462288740935603
7594385214053957764
6923125171122589840
6544790692049031021
3412680254466951175
3802301079609504581
2848650498615078336
665515874066098731
4982973617670449045
3728018420723881634
3182036496465184064
8941665654223831565
8703561801705988282
648316007965485693
6780948656700982217
3454229702768740420
2059650128374105010
8600729003272918041
1724122134293881279
3733647858693102303
2551596436731187902
9101691405752193302
5707026646291481375
8664892009626956779
8389830922433106137
6863576668811712827
4948169444710507048
7305861953910105993
2637016615126164745
7447478529035294623
4176966264340168141
598223164598252347
6908435327057018189
4440279195499389268
4448766823509745265
5411964303383175392
6511583425719913466
5628176135732633582
2990491993528784854
4420110802605150129
5085203068258837348
1199189321304568337
2061800268153684287
2625430996498690701
8858535377779357396
264777672616165619
8554061579097290212
5431645112299004768
8223147122866364837
3029350290121626921
1881527929689199017
7623013309349752895
8046145681919419912
975044532210013074
1587552998147370055
8904129854212859588
2045988189512432124
827932264367436928
8336458271548416512
5215721431853631364
9168416608128426574
85209522391333772
9206415991460808794
3713852133962540164
4524255419726645147
3399164129327105683
7187118828817064944
4767568833353686994
618146603335920838
4467025861302636
6964450867172734243
3916190638753231774
586862917285312154
4355579040393817724
4910572524454833139
5360396724392905096
6458458148179441869
5060290237381116992
2155364523319819481
7053695171418807710
320148174267342907
1138076945769286355
1310862112161142807
4183476868334660179
3256722931490393061
3538886829389463084
728292058786777453
6452976961013655457
2582800026151980117
3025740289412843063
7796092129794829314
5256983923962041029
1565465561169786628
5256684227628261136
2104790883499875290
3478510274860311862
8920559801061329477
1500953845300931836
8735761428683181859
8584994060604680418
1609436771280939118
7083244511430638258
2019710135765680178
7768556223864206218
1334284228380042386
3865513194822856099
110549693119018049
5340869503339169351
5993359966052635173
3690671334711121318
2321401113821354638
4527716278734974784
3656677246239199253
3762680585820484082
4062940019423892457
296321493369476201
8731968124985150180
375583183599285992
3117908934374528248
2847237830881388130
4677734080504570523
3068107938397501851
3883194598155714486
8681603418424663574
2607001538085173357
989954186690008910
7029431160153108167
2240521485658128982
3692871846519682180
309589589326299504
2169022577657640685
6645175996636130065
3477732772873050702
3812251976387145540
237509766380311373
4806923664157290864
1139642050447722968
1145894309687852837
7972223234544003194
4822314635779377195
5660210375343881426
5166468172997306183
7867723474441595113
7125493294001656940
2588877368625307390
7286528510677264098
5367794685970816360
6088191940940723576
229255084210399212
1033041679462534340
7255360569067996287
5641834270605130344
1647961589372308151
2007019296922761010
6376440894467348467
383705179347572369
2443684907631767129
2000834894661426141
4837356585295206674
5998155003665221399
3304994915722454014
4255549512635933177
6496475233297390038
983974821028909168
9213497616927143210
9031352465203679194
4898435690250274879
3267219649225385596
5050297724585541378
2979541925317761188
4992819067239181142
1526360533604042666
8541616605049016065
6259336707581170859
5605437567983727134
7666126483420524653
122094718790363845
218272610847745067
1983058333870262869
3635352466046722036
6600505512294988564
2339475583480794917
718990111141764972
1128181276914379369
4845011232683940202
1732883529099140717
5486979071283985605
1385829727184770290
2449305743583120620
6232113120931285505
6868925498036376701
821352795271958555
4861438710647938175
4948440688257804193
237144543052302826
9022588580739962065
1302649774180213820
4084373869230814304
973378715743892217
6723752288473153219
5180184518233395826
7512538154125477855
692101954973604317
20911897868668683
833067033517753193
2645928946155199598
686704178357824873
1424191304569460618
6554257396228709429
7982172218837941776
1211866153376085915
1180136102572850695
560456643362756431
8338539145115470650
5944840558660587606
5888519596242682623
4661807181274658985
9100215929278498367
4444167915046091060
5784464056685966889
8492085102721048929
7469921689739882899
4689426713755259436
7428434465118832098
3753907356195784440
4678765367276582710
2424681309378963332
5554388546526498535
4810344027982225790
6703636863738400761
5098722610891665395
7039961416268841080
76941328813837844
2878578877011465488
5296942894266420122
3797556577048747873
4346582825562941231
3663121130675041483
6503736419736494161
7761455636705275434
1056717979866297979
2880513842431985950
5685904017927671244
6040256471285714198
5908408391276526659
7692934341588776735
8766352160175177237
6297411339296545102
7438879581691409443
2995842473929052273
2387539774501335313
4026130119896731440
9166651696965345317
1814680920281275361
7827692894148316456
7385431091298262993
7505664209182487076
117840900362043517
7113913773736357006
3182442237036733910
8338556054670184281
3531634925840626535
4552465747169842043
1601565931905824719
3024388599261922421
7256806954131929845
5838325663170721628
3310683086884038558
3282835911011563908
1392752615087017285
8070743527612067924
215562024454947131
1912286952401916146
7597898168851194741
4170081962381978895
3733692923501096708
3090623887769771379
3230496044361597747
5022688877931164922
8902952343758011071
3197596055606812158
484504716490964896
2388786441862259137
701635412190623817
5084747847231970879
5194170811061103656
4500597254844136718
5586249362365437129
7185205309598215268
8346348429774607851
706395477809168188
2983518876758431961
5963092515598541261
1302794135741930099
8149978848062648985
2811245627004845021
5704512551758280559
7334750244054087498
9092728490618391720
6977707906555368064
3709716551797905659
5518448726644835433
926541530017615055
8913842131479992563
6484741634123079340
1108025715552721447
1501423620725899276
6855581315428736989
8762114730216837929
8418818331837261473
7102105271664271404
5732224258004449674
8684857807067421977
5364492214039120413
1975225607213839433
7641937030564216685
2106545240486978306
6949998338854817841
9136626023349287460
6052404152315743327
595320281262264627
8175725949396588827
1926271866751031297
7307565355399057268
1213674409526229818
8303725990582197023
3713427773203196436
6193977753058955036
3690227572895304130
8786094810763308507
1647264831854723522
4312237802278444801
4402326531694708647
1674307176126304048
2147490557167834613
2800512625767648319
5741932321255002000
3162117239889802899
4484922475307630626
2359204460603922108
3449053646381478835
783495813108828279
217473712568795845
7604150097196174471
4282099398986718883
5280903283216971103
1206561242370858147
1120442950173404215
8604091284263981165
7140069040899723712
8812529069332753220
7061712249819208937
3037403366941550761
6256061250528722789
8124831242250388781
5029265924269273216
6876819975307568566
7964933137249393052
6409230242880873294
8703944594945473592
860005263101293511
8037124082825239518
7846150172601860081
7679148513767071484
5929412535020286521
1429655842930887419
3936252467063778434
7654868651058927625
3050186870586415417
3220523972475372475
7169425811386181682
3290074378381419329
705140720257190694
4262220954437525568
5000309977396625587
329052159625575967
757717749943181772
398141314932097329
1269613854243175080
3653324502106230852
304381713646179233
1860467901968040294
6111455067239485947
2845711155476819567
6765659568810488025
1626107290900922561
7955119620269435255
3972855810507375360
5331883530411577193
1851265656949992137
2825608684853455607
3984091510965946525
3732625260867020935
4194153670948280216
7246420763018217707
1506601291692367577
8898804916580002046
6874762601422241145
1136248518706071651
301598396101090432
3202935815778426907
362740169702687592
3325193941621645882
2052099381611586695
1350263042746017950
8129799273874374809
1268679896804632889
2124207780855528404
4951220496524587416
3413860851441063118
2515930446350148210
8313248059664174765
8170253312061914740
7547360542720438333
6566265497610786372
7315609855243971293
5382756463441707603
4493892067303798441
6743987387693495403
3239464135794146373
3102834542290629270
7414933991886762026
2450211600619144924
759545102355592123
1899822898961429027
4323793243252699720
3912387057666022283
5622150914712981122
8975729577794846414
7171202933527745293
1060497494836397369
8594259737962225329
8900996634201637744
2180669133024710273
7406565234437257124
2437211348105086693
7414817161365231168
4194808670678600771
591404651760439784
4656516081794927204
6901149342981739671
1082603408013486415
5161962804344371904
2762168739354300746
8519020167972613047
4177519839348374561
5262455981686842265
5328348468535090832
2547917483064371221
556520954654509791
2291353140530528965
8642647826244485098
3139232603775041386
5134982149378821940
4032803189719514213
720786402904590117
5865627921232920664
720257633168754698
7516652405199303730
6712538177650537386
8624255249993470113
296705386060254881
4781653474460007799
481280373231989048
5887571596781003979
7301297237216206050
6041033912080985367
1981850635586803696
4284175417908864361
530187696598608632
1887265738268901827
8736558994688407531
5512825155647881610
3023736068542311162
1298939424026333443
4821102351298599989
6055405989200278657
8417481580008093947
4379512403576975126
3602605294304618345
3076259827892441009
7991571541943789152
2302254213990522886
7383351964100956879
6804780690505364151
1200551275156434961
7804855206705940226
1289994234779366948
947705601534107411
6971948524324401364
2740743874605523619
5014766901825967531
1409625505762956959
3748380541240997802
4997435557060253074
7692220743845256269
3225245268315575679
8557787606112046719
622743428004319423
7210134009636456368
6642291683860292230
2693479689326893387
5366865540013030614
7227393348147321801
1722014742340463599
6530543577207451836
1326293402970101956
3088210779341428487
8768590534050078400
7490954016759073327
6937439269245307259
4909347933599269544
28908501172498540
1710828851527920302
3359668706495602746
7314138908585234945
4145465397955685997
1260654528264821213
832285851661548316
6736939812728652450
6098476881303776221
753293864027950382
558568720708910837
8865158254451501906
5613907228013683837
1412967303851577976
1291313438881182862
3868996703010432114
7678527372135679552
8756208195571500679
5612980936837748663
5332674844422054243
7477374126538875055
1767480652842141154
1333183945692478225
4205385879852373286
8898217968886258837
4242513387410774758
9058730539469046480
3930376909298110806
6527244586511418060
4124830634174519189
4140246711255434951
1639820874378312345
8577768236469643961
4465414318581461151
3847897344629491697
7353570184327075119
2947824679366699158
2344477816815503548
750907392359021786
4603091317400590094
2495244616945583030
1094381176291032209
4544821354014446090
8360507961582053605
470484905857728053
5266754639276224445
1811694285075115768
27951956018107165
8119114299964363790
4215957442849967070
1993568128742557381
4535932575620457408
913428350108354958
9115133460709007774
4014890314697386768
3791594530407932524
6609035998861090563
7777851552952225284
1879728144634725031
1868107820761236362
6774316231111155483
6922452107334896487
5894222661354605882
716869161387915353
2515326641914905023
3055890630420913033
5615294603505827580
3943320889971346711
3861770596763239663
9210084683026144231
2234045647334250953
9138409960564172310
6509584944894183644
2138974540615844292
732391216968019645
8379907516346487758
6030708475331356073
7629353971060209094
2278524902249086370
1938016125998608751
959642540123333568
9083492235822074783
2489516057531183584
1756948384185363713
7240252843042454783
1749969622746468215
1921394419646046371
8377223108026143071
3217584774338207102
4478062874444440439
5272770485498002806
2507226016985202869
6790099435179658023
7214276825055865562
8141634899500478177
8302952845908770216
1171525802966830275
3441685455522816032
483535895084058112
7897602729774581801
6161505540213426689
6297704144996557171
1449011687174927010
5200447330239244890
2108796481065280297
7464135895451902947
4999196900586026860
686751007222070621
1768758958138889908
6161667904110187574
1370926706813688324
1648807160852082422
6439069216237351170
4761525501235432040
766337072367049284
1453055642126800875
4907585293166690710
3360474584744274133
7406453110021574023
5575689128459203623
6344149226902410611
5808174707811800559
6119613999880569703
1259794750873249018
5903255005947590299
883006762505678854
2027879007529139766
1621315757266020815
2871775809703541085
7498953694096160682
8632488275858547867
4457637200251319340
8918250514114052911
3695632713785975548
8682331757042675697
862141008800687127
1528241480930144304
2819518018096866059
3023572311430788030
904777195167756668
3918102174722396471
8858443292743469445
7292113014267045062
5111230153251074976
5875061445598446488
8647187498499687042
25748563395899648
6777893265334079359
4947900342717388434
6919436528558947248
1532023474308075917
4871596874365887731
4812023775333383453
2845711495560661639
186503065947135772
7191465334291868473
1591810814083701349
8881848871186035032
1365242698530005501
5660503938432716798
3700762525428196115
1166682607740716043
5130309003056374586
3943340544957566720
2056566407472889331
8314713909918752193
2822617875772830775
1855542814089945043
6479786821249346128
638420984124644747
8774257575833968214
8974388594529590079
4150166260190515949
1102245798526958413
5377683677284470235
6886413671878129279
8453686801013257648
6693618575602850410
8677368935638458620
777338282329112656
6778350965183609457
3831126601077406723
4644538916045641675
5033011626771125041
3785285391768435186
472542991901482533
357405130359964941
5477852618835808911
1655463105486466450
1857148424439945896
1426341171533281347
757685259042951038
871841546408381357
8413386026030043795
1542291156774614883
9016002005718196242
297083822680949143
211155260276135538
2739992857688031181
1925688880140482170
8522029276617783303
7011699036100757720
6423472911352655766
1931950733542231269
6452840074065422064
1617049244939191877
8705236118083349345
8919133227926041518
9091029054355574914
6610857502488263678
852842448023985992
1799949228660903337
9018231009843771090
6257141538149569634
7982219980260210070
8710537270224084736
3788894341302091968
525450482533859342
178489014738642464
900281906429701279
7702492364340546296
6430314373291802472
2537226871718383863
8474525320979689979
790869962558288552
8056594174438644664
4723101196997560307
295394648099260261
5794102611973949236
4521685184289175734
5337111360755899496
3026907788716624795
659081267521484560
4261676353337108996
7846050704321688357
6959149799370214869
764198487441130364
4699757426787097962
6319602837154975079
6968389772202282516
1665761768127106635
8444054513863257369
4856391446029736920
2531509298200922098
8416393643563491219
4836769222718584630
6842385545761565305
229444759223472569
3297013531702127958
7324146496001455878
7355653703671973733
5184428782237290748
7015601796487393672
6246982091058163633
523163508051443393
8302430472782707088
2724398219626413638
498348464758189909
318390390286180079
612869008076686825
7018114437985359754
2317355337255791301
5960699338552278983
1193791227743796184
983563236610307181
6714833809579644741
8056904110811494502
644537971164342213
124175450067823538
5150656065179029726
5933708463324822172
7059533988035671104
5127620544447014611
2011966835042761409
5346181317574642338
736802181935815502
430242455211254054
4864455509097450969
2388835805179200582
5677297084345488518
8469823341827793167
2362083915732986018
2139123591212720672
3007874464292031457
5873899338528011603
3259460689195284730
2234320099123536531
6152752149529121037
8817437391268236307
7915671915187982378
8555424739456686936
6915630711017962483
193676676798092739
8450752842282767272
8491232941315294373
6513368463925874051
2494551997123075333
366947887005087346
4263425285279443441
668425536132023865
6576305855453310404
7213948764869242933
5549021938743979807
1471132070629368572
398621056361478313
566262352990954068
5645550421154311846
4408353987992248128
6468737292587769961
8892665238027286764
8232997413058186171
5412714573633680771
4479935209824312653
6939412531991674090
6878845232976999098
3813534419880719211
6607057614467160696
5159911619612987489
3471817067540280735
5565601641270900208
4706717323294689875
1320423572488551314
546973952521689797
6803912156724783171
2016197402504082361
6012150961000020353
6931722840123073046
4091831643511224612
6670173407419398012
2682606856272734877
2352036093146197349
6226310970197666262
5531228951436277845
4054680613992873836
5460535707185396113
6950940641220903861
3597383003819901303
8201230659842576267
9096147101706627231
2300330957927578431
2412883194705347638
3404750720083641092
6284123985467913525
449553192170884588
2910880397638448775
8897124719395518957
6165104660512575732
675670877078589154
971216399772987311
4635029332624896721
5791413025503696279
560817074576797638
2055857026360652268
8073556313859690574
3042562436004032885
1604700075346592057
5288583310025990248
2569346553357521018
3351535554652292934
4945783018907968792
6410658025303297108
9055910437508928730
7788745961328478997
8555606396509566714
3899978632072220154
5637470925936950139
7429838849510812693
830549815047618515
6677478977905189149
5341607765348809170
7175378379023912740
3574159782853829491
1904726737281403740
1960822381289815803
5977284451899792434
4646607742781739168
5684952046730209786
4497582922927539434
8165771307642526764
860572710963221931
5880921818283174277
6269356212983026626
2524545229620848895
8556132016411903592
771783553771914465
7145464694046519358
7745044377993864001
6729429587965590545
2755849777868730974
3834192104374563887
6171720211749119154
3887593624925078774
3687067335658515313
6213505680666026523
3562510577512392815
605958514823699554
6778243477518084451
6829796535965205354
573476857130895609
8512620641652219106
2729341472818742262
4373199430429440361
5131162972670121863
8171230969220609988
3653083495233805005
6796983748923548507
204484934935649414
8143817527255321866
6226633222839807540
3503467088143983737
1238083011806306936
5130117551917766336
7854775534022574509
3831356161216908123
5687475408204436964
7887433295529309689
4063584065792887995
7801333312349477785
6731380817043968502
1239422972922129466
5858247219061500574
8661328115920584870
3890042244763126476
5222251047203380047
4434319648274420430
6459288607188106975
7157949297839106440
4588829597641844419
8865772510418172521
3739301371251535962
2458989460098907543
7107175019785007501
8822621178322519697
8185685000735826741
3525887068344638151
8579362649437853421
4726836358066394999
2274040120041685176
6695491970260150856
7104717274759549658
7136446097306916146
