3025933461861989824
4248596445126262592
5805030244779255169
1685477530540216088
5495944832397003595
3592706669489061055
7857807052488104867
4923966327120291773
7096577605557333970
9084698516025773989
1700790205611534605
8182090144184140048
2246287856541374865
5685743502007762619
4195285530178948420
7690192870194907625
2667357130003366861
8009854434534441685
8722842205884506779
7069218144962499567
1412014779798345545
4071446762805194669
2368059174390544279
4552046815600234054
5166875987319165820
3347979025155145859
5563104797936540344
8566499589796651025
3962986164843326399
3263512633158034740
4515595822871903815
1687881214990234499
4369237507517170179
1479026091410557976
7869022282840753680
371040270498735484
5050775507281962851
6994233499804910978
3335200449342375384
3761119994453102152
770353462355224073
2493828532266633502
4277955809915674520
7837052746033662513
3326779588030800484
1570894700750236041
5539094588022677339
8654342508252712917
6530281683123963941
7712994066507496143
5052312452212583185
6349425746945512383
7581177630621307801
6252826093361729759
5766806960783810735
2276056804537584881
8535082885975817514
5995549231927338458
2227264057854684984
6723878411096851514
8678849681264766063
4517632024402348869
705147414528445453
1265883903186139639
9029293146725855139
6644615989282422547
3458372164362725907
7934933361721362265
4505740926086112070
6730673427974193681
3770106005308412199
4041501012081920928
5627431140543465683
1744987531567128368
2553031213669211073
111218647402276740
6244144099813495622
2556446688160603322
3107453555090405032
5769470826825654399
7597310853014834875
4931907633370164464
6989354073349422184
1935461962482740489
1283316512566595784
7022614103921198627
5083302929693193014
1293984477160797720
4142449428796911855
1580960062453870065
2625231211743108204
5994420408074227104
8687984893852425205
4966986004549130129
7446489349592743592
5722995044624555458
8390288940760972671
1825902396244080909
3919129019842468326
4542553567282019371
6524017945652688764
8609239507580437043
2236261602733648423
6292305534427399010
650894768777092367
2463263913629085379
4934002210329616173
425132191541975443
740278142572429067
8246841725959350071
1177525574277288810
1312766887933738620
1122494372565067551
1889938226773712996
8963562401569670811
3730239155794793399
1321013726564646749
3533163615766452193
7734472143582177443
3169322510487520178
6451303581994354476
8835501924683026918
406140649477857934
2032035888559824403
851374492443646947
8062769646717694085
2734129000615809577
8276253526983643312
5240846306025953738
6055975304015178282
5484657251490611581
479780047911059567
1323307118845343645
1616984977421443845
4422821805821111110
321653462556251409
845884613336998545
5032231297622745754
2239889822443476233
7009063608617361938
7984520499842072981
8674542307421327513
8853867266788186317
7982357258115205229
7836023221156700096
5020834441776787001
1419161953432325617
1949362079448666768
9066642673260585813
4589984707637584562
8659021487426753927
6779546993951150809
3781075129447045342
2371552881959487405
8719819772104246421
3793088754134893218
5690364011643176748
1167062976963620756
1500184299048475377
7033424405892026252
9210822931188664941
2128125173506976884
4493879318889774311
5821119790799059396
1006617929720806806
2459080359659751240
5899203962747771557
3755492513201425754
4675969863547208181
1935639940515016820
2869988441276599497
3511643688814279783
536486181250179043
37444975457868858
4141101838400510519
6773797472153633415
7097110946199358008
6162542344194789373
5553449558375860788
766495604186388416
4582522486971885124
8629960424968722069
8527012508485686631
5773007585952300021
1456142464430738697
7734544487847036475
3358559384074145289
5712653469185384051
8827424829544381746
653184828164369274
6969746389515214159
7346323436140821888
8742868108519180337
2950912545610917781
7418434431924400690
7428292124562767911
2008396192038951339
2714167689070832022
498049010199717899
3503455727032207798
4449232935574120478
2579273772714970562
7294368913034955315
3420749506324347097
5650971354457842642
1490780213606584569
1738398703648778707
2779561619624513526
6857327431702803365
6111312560912370255
5038298893021803791
4131438575412006826
1628140100485703637
2213151678368303083
6993440077529171340
7379221831343817623
5065782721409697674
1027814163424664348
3203199868683006394
4246258397425344857
4112979434269856975
8699306156610409582
3659966789335977973
4442286972767594620
864827642732862585
6307412048227478991
3550036942306292578
678255168748422991
352611125438671005
8552226603949288096
8598990296972650159
4516954890718814139
1654099259503400878
1667326700886276703
4715541023208388087
4378773275791809391
98936404483228953
825359694354510496
98889068800456976
2997121513372499018
8586229741416999392
3293863968659915814
7643233090340826680
621443047453824342
897825947712329017
5351096224296710512
6913800483731580947
3811527935650607349
7233784420785192903
6922369437846895350
3835175234306569673
2954213109558992305
7218780654059147622
5074495929346977536
2637977197970053579
8768762689920969965
6746562289102309301
8167213628366222799
3460615768103127489
1600689299222492014
6161326402206104074
5255661039065186311
8008650660210521616
7032040568402733089
4610976889396755717
837019386463305597
2926510820786969844
8235102333065093658
1088743924609882191
8874299682237586242
7368025324917258836
78388311854499138
2002148885787480874
2851822308421251532
4725458688397479064
4154700446320088738
6184564129119168374
807203671140283949
2898330672312188931
1010348470527148361
3559432485630065024
7103489919373033801
4649468186403995878
3221457674506195572
637734127768753589
6669920819601743295
5102864527005220281
6571550436699834594
7140156650470562268
416814555211946862
8901532455605662787
1823540506855603933
7540511436976549413
427176336024620703
4717875622875055107
8243359985574241325
7696304497824923641
8726517701138349045
102105085536667511
391382606610117035
8981257443968187081
6339155541551786614
8806449044266487875
1047494122003837892
3158396459146035985
4375300074614426685
3940108519705627538
8226455384969607834
4868684000099730299
6342053533399544863
3790018916407575147
7996736191186676148
6406889876950245654
188609490156587628
7745574798497795868
7152571315251582625
6068954470813599228
6175887088014996182
2189893115029482685
6194388189556247515
300627391399769196
1855335590022954955
8653871386323077502
4174853867039489456
2006206139743033005
5857725947869222275
1163155139891711871
227215029423675865
732898014416687876
1718511429274917083
3879792703419676858
4674198572327729086
3723166000687577457
4293214969952268799
3856541980064110767
907128636867837924
1876338246160050604
6501654885935506248
2763441247419710386
5397851527986048475
2555649713262497038
2349604924828633293
5572591482004869444
3740751250275352062
2008424214953436341
1494292844849866281
2846454539546681911
5623978528004478895
7574894911981394603
4448407148780513880
7270361573422922870
7534500971457258334
384780567874273748
3105009143731854030
7882029914732675128
3229960111615806870
5127305440317084950
5890205790123614244
7288790520782497573
7688012193572256309
1356418412712547584
5717082559739487017
8977069212985692758
2765235797215188902
7514983714586728354
4933162397439221220
4525639187520540987
1439907820244925813
7879396751486066761
7754407049616766058
5778566168871527834
2982404591840499989
5114980183774252931
1763468607116461589
3495686002122587883
1714283724015359849
4958946998862444213
923757380690994415
5888354865075963733
6526109774810242257
3753695082329840401
1538761755803315617
2622170944431171690
4030169142666638165
4204368877032818095
5292108245406681163
419136054868979199
215983607436960690
2448130180663154608
3504508026285708346
7539882027277395224
3651902806878274653
5695316655705325824
8738192861717584511
620005878718186604
516390639694080348
1069795759828832638
7935152440796304036
7430653520042709280
2976673168236409251
7730781868679018365
7428803986722173167
7438205397916684180
5328315895991129547
5620268751320479853
7644173421536155466
7786911561531030149
7032548145923135699
5151971024042677883
7344978016556629862
5273780995171333140
668490114362922870
5990345101535415620
3220686405168074137
3033867175202480550
2651209734600614353
4726515666293479732
6969711375126482217
2666332153134621957
1415882570021064864
8194706130635456096
679662807978900270
6583279789656794885
5339156616454762311
7774505558668308968
1826222939587657873
4847777823845325147
2802211837691082579
4922481194796459269
8200749529658125259
320130749362278375
1140799156336482683
5583287460027527492
6327271713813164881
8370940106277888194
8460743025893834567
7218387862550017267
6237627180796641442
1178457182347161539
5178117433528705614
3213945760704528579
5474809781767895117
3032551008931817755
5182741158839896744
2885504115842008469
3084191761729044872
1659129525376188230
6978934639071583795
9006672773499530402
7774563440765514252
6767354540769168836
6221196292970688468
1835446065358553594
5111294842241419745
4609551965096566690
629670571027714980
3512502892901941005
5763802255349769367
5839260531890431879
8916925487645823148
6006807211677513392
189313716467191882
2977174968014797957
9089600550266314178
3901604489063001568
2883237901028992373
8220373657329956859
6911362167223547631
8315506170359631533
7978926153795473457
2046935257212328160
6619411408366403762
7248377822991280478
1479480015073173054
7912508382742917265
7404258516821889031
8713397667198455868
1853274077470060231
3202954719479966118
1463640887449081522
5291652785224173034
724490119374743238
770039936922596099
7014683877718617189
1674376366916727378
3051949500857814924
5631938411578213302
8043525780807429230
6625102143754646004
7293195100972846930
4961940611979414541
5170756723759025180
1280247072787092310
4633688853995184306
2612154219139728750
6885214974332693076
3835080928632184344
7020417352074584221
367666431996297350
1474504598721607263
6920895033823570908
1170620739656984185
1598150155594495847
3113502643417891135
1743306702245735579
3887761892241155454
4714137195375188445
4177761892629547997
6616997528100020588
3671112875744653096
3745903743321978316
5325494996545995998
3605480674144811628
4954727393662536724
5238648376536671177
3883872022132651100
1588746788761488412
4179869172254509983
4483762078171683570
4563293802895113458
7757684166376528062
3709691779554356936
3102027000201968940
3714666157401741486
7772654486227879061
6475035897490374205
2496087291197932202
2634600736332473934
3842022878286869464
8287211982247972813
3473784252953904448
9190827790354919733
3897537197379270320
3382576522364183700
567080328957815393
4465828049427218323
389889663181950305
1483119404114904123
8938469245193685718
2681983447689084900
701668352541251361
6523939919363168285
3294492045812892618
927599780784271870
7567292713940664412
3738786053601797021
3649692511549033227
9089571973673076868
7372410291635253147
1117137549267971371
7869044364910200668
7617362310850023353
9066532402484703787
4534054855631833538
6514330737191728955
7937607136752984962
4923359784063844206
4613113914186397462
1832844478113155427
8063401706663678369
4612216765223405844
3826114819030980528
5938160393144745647
8144873032492764522
6576370644846076740
6390288114549687572
479953100718433211
5562422966835406784
8559876188484867460
2947772766394690881
5600482450147223115
1756343600119564403
121982783249583680
219549225939735703
3668188418512731342
5972794731642500982
225676092102097277
677360267614665366
8421129820150383755
3672392230847801002
4083104827882573293
333122373461340885
7756331788784837449
5655811585642940496
8439016571565955186
1148333442679516184
2307406574468862837
5516431555116698521
354718127750207414
6413485246860862765
5463127905221748417
4831602511594680252
2543747723085285814
2774184373458158251
2641941545082927519
4345050712597042377
3416265642009405644
1527290931822260055
1988074346398407398
1798717839527728266
2694177221110020021
5194892682968752117
1003674910175550120
4274558708127390836
4059348752358960586
5195092213151050668
7842738587764355656
6882475441926100591
5155725081994100516
7681368490939305773
8187132416475722336
8259386079816713981
8990558197475109530
1190084728895826097
7273571251948925066
3445797050707427606
3602077729446350243
3709214420564970946
453010952179230521
5092742396088056776
2086349993157465706
2546808405305567215
2915227982120645697
714346666571513923
6320983369136924211
9107622773758780527
950855251839577789
70672657676244865
7301406874421001539
7495364614707629229
1218880568869072490
3232294471246887585
1812619181872626360
6919523210649087928
5060210112681362234
3716683340974243349
6028748430373223642
2807207500603856361
6621043612429455719
8894876695037711166
2918933911655483789
6525046997472044633
8125447320115501542
1605969639298714877
753266054790635159
8450180633116628315
5524588601569563741
4266039464477811956
4208112256281993351
13530771923342925
8760810126724656928
9215134453106764217
8097004475560478298
69417633497741932
969732227201252726
9152452627555135631
2519791172319358500
33309292390625472
2418161955497417738
8000313685490287000
6468809700798690449
8214937141446965343
5780564830823293227
6851592876398436930
424080001950837303
7922580713560010808
6238699235959660217
75483523128176859
5034022664096429217
1774943174357278091
9201036343982443675
7236574629913788611
397917120664055990
1965781996186968464
6140365311588759624
2720574287148020442
2835617287110547420
167002719774116244
2462302396763300586
4190970665219720024
8777535677490264067
7705002237711888956
7456196663958906602
2294553058130052954
3224936802523526192
9097798656625820652
8990157231993728536
1407805991362539617
7583117367970778817
2492497702788126108
8905173337609222706
3949648665701217741
8438496673942263491
4054637023473873302
1973647285139697990
1502357181598930932
6920116678908632376
1176364733556641364
7820643347661884977
4312390680842974544
7769197842240212708
3145598507534427053
4700372537427904909
8710419690123251046
2966701552580563592
279044443015220010
1646453244240408444
5671586015075801150
7846610496619495802
231277428428889882
3306560678369264644
1829351951124253906
7641381347157790993
8147947971034144752
5899941973309870560
3772829151504246822
4206210847944471007
4063029690119297279
4396958649662783492
2781623897941255781
8868872865845296791
8746863138214425405
2281430559705531843
8088368267333815585
530987871882364853
346546172085955229
8280617352728939923
1837483510236145358
241800458855966090
3918643542379798939
7795838143909593770
6690635024334078826
7756323097508741425
8740936212293322969
8465567243450835194
8218021274040751695
5922203817426716652
162889703698837341
3363017948940051940
320308739320524696
8528347144644991476
3514955939325966835
8300579616351724866
2892819870549326705
2428270669134373708
264895608579980903
8488543623690534992
6673656845730214438
6855428787388440736
8343892897131866377
612259298730489652
1815605903781890406
6484475329225868523
6710814738656498651
2673852198823410006
613310573328406104
2381296548501425943
1110025817488705497
608124457954189925
189641504170482836
1191706625912140827
6121549879004116617
1862911818252964340
1428932586767815481
6337819700722645936
2780431371835567687
2443741223032434750
2599605113473617883
9013340147839669960
8328960247521958655
3618165106018867809
1374284361717104156
3933584958381358503
3596726959716566657
4926113252858409939
6274120019141704028
5049142583932907955
4613295143522335076
7399405581055435237
5250623376625367488
4215206868087416855
1534727329645755299
1221538311043510703
1619642652666560516
2264665303886009563
9158930232520672416
5721222997848925140
597798826653780493
3290460410246597361
892387260392399235
729504721352034196
5939904542602422267
3074466253887374125
1892871513595897543
198973211884965179
2706079792891574878
4367850985566110760
5519028838888317412
4597987296776420285
2015583362862336731
5585513281943391715
2037085273356494346
6492132069955964916
5482180444992855787
2681623442570975947
4395586207578988219
6886032249396391498
5016313264531935871
7045101822142188885
7684258576216905620
4903868910439251220
5366068562796752552
4172763661295669469
2440067056190030068
80129502132906003
928447440660920175
7038912341696642125
3382219570107692395
7870224629013803847
5277832612034736864
2079351615186604143
5142478332309648679
8496359380611788994
3711455049465122534
8645176474274687701
3046360234312934373
8780313253057178395
1403938134606810122
7413541256508618736
8583326573399822179
9055400886953992082
2697672120846018012
5147441718036381552
8162253707529698422
4504369987779403519
6290771518583416652
7473727599587276810
5951988904963951091
1683870968413725903
2134052360221834089
7229749667721683487
4052045174838479739
7326546042186500272
5699418854630452068
2581703294474074899
220871852050040656
3216670739312234721
3031046123074954926
43286663447640988
7868909182442923957
1298803315068489708
95583731007936964
9023488455144511514
1773533274759378432
4144650309111948234
5766744172715254544
3354808986635060038
3050819769017749051
4102546552238508489
302815191673234651
1367555447608900249
2992695325720260993
5958875899927056922
2986318157469281910
3775444103106127243
6004363491188413303
4374873672680650265
8803267947289031593
377339714807452880
2201544265365151452
8559331500224993144
6599051235795163115
2635737225991033863
5620688041896989865
4206622979179069967
2092418834785432311
3925486353510201270
2204002040421443614
5273480525005549806
621515436697060722
510925713492576315
657811733536803772
2612696900404618703
5148324508740114902
9066589750956997930
2665516832932522653
2200433199422974458
1609631700724214282
1325914933225685599
8251545915850346121
6930672095071166518
1090745079947984110
2539291178835024263
7189214520162685987
9118358842005401809
832012595736432157
1131161221783460785
5999143787887811190
1707791243759608652
8491366688816127202
497848993700865568
2795910460441280838
6515352563427094746
8915185066693996131
2735440135530460822
1914724267409293871
7310905817259204963
4818095519794773507
832466845671254155
5611825437784935709
3854701622607694253
556068034720715896
4046804732797362043
6859042431361111327
5528130345586876659
3770759283360456033
7948023172698259740
4543284971198210306
7223544787448528655
2708106441665033587
4454648954634399584
2730315017925013411
7166102087174925550
5606392560683480348
6167649504266984591
1063525553735185175
6263805823053989447
1270359618601021922
1784416180723314778
1950290521787660194
4208163159430114928
4424368095240450743
4634667596504733467
7631964840690402320
8442152170870641208
6513462845239981103
8570104305673354013
4303872705370514161
3373407249032964086
738493199792461866
4368698493080445658
8890564644160539984
2682071811225116015
1854002553287718471
4514857478994519051
3161358368083766376
7363633524173016939
8696015024851256662
5070179211976653735
8408208769115416864
3907753970049468306
4470726611716736927
5685263510069586305
2400618180182170170
4105608728861592043
5807719539085525397
6742960206910566834
1271926339091673254
7408927591228303178
151565763013226476
4512815135094393647
6241775245848678137
5722457814403932978
4809106741071531848
616482418970056177
6503915157869985256
2519277180191353803
3330065697852245574
7219439741338417949
6673813855039549326
3941600530771830266
6112255025393837523
22181041427419956
3071464992905977887
4585506327779352866
3356397252059195862
7241454702885241296
8745267721452091426
3261449034855719999
6761433428014661375
7435054622192262739
2118924461887307877
1945561152444249731
8265507677231708857
2753109331815248321
4306364175378978918
5450685708989611201
430265018784935153
5311590907307562439
6828381792375642697
8093198832785935444
8601327526695601587
8073732143347936944
64636883859500182
8962846745651386095
4729560740368686451
2369504256764748123
8070869899159760077
3998448978964229882
4752561971579489939
