8063320094183824497
6418543201364243730
9157009166118977790
622294855524702658
7757548092686204676
2801009589161393773
6362689963394711449
1968929347508851897
121241605534778732
4406113298764821799
2275319816945076334
4458935570420315446
8578233531338136739
8637527660190880522
2366415359733334630
3879568770658715527
5912966964115013833
5729394156316405765
7249188639759462187
1185639576069513175
4659430813027944807
4282634251697866165
5381927156116499507
7004040769094437197
3734570869029655321
4601028310919840874
766830995943566867
7558271506352475305
8268981239171094718
3662796519980940734
3999692045912503941
6906318417422014664
1923654294988725844
3813423909906756645
7811646808643900358
7616862281297053657
5600860574549929817
9208973711643201626
8524166519087759504
8060256871813375871
2651056431863605710
939537617500864736
8736299027384229809
979087175356771861
4820650752600564144
5802500117552036538
3589351605266667384
4394226083658104449
406262401836746119
2144461996340109323
6944364904378557892
7415359959682098347
8627771890419468787
3019540756880288793
4142429619435986613
2012158710804107539
8565582303780258007
5409804541173055541
2464237731908305581
7676641288640068703
1657076614341160416
7890331790164900540
1767613728573918224
6332476124433522314
1631401792826874071
4508943907060220923
4726540192581705776
5921312656149351582
7440684081317959505
3921162190609188005
2740283844136554008
4650907296423842604
7446716094410383316
7758578821166041568
2793916982274044025
3164935027330370506
1073425723718745080
8603416389304471390
1957776548510027439
7103654763203018650
8570476465288813076
1936989385974075538
4963480426332127288
8896561681735647515
7603634597769260171
4298308534794986817
6737383494535654667
614480621713605201
2823281247268587638
2954358151590752270
4718993888399176409
5159236428506108928
4327146405375633215
3946903239419066516
5224782361243042335
6146473156991326151
2875471097304423761
7128862438977542398
9036953164737641877
1058431996771922188
3501318050827099317
107719389007211889
243537946115389301
4634737669455533369
352240509840756535
7121149377155405169
8600291260340044927
3972647032931668809
5443520715232343943
3988480506575849081
6382646805702911257
6855879803050104275
8880900823932431059
5225106851549036600
3390124596400282287
7806584826257347445
7044126749162857429
6925581836271405066
3349028376356785322
1921818997156799147
5760308998936130394
2686564190995824790
8899615490017504159
6279705849138986218
2853324459648186043
2925190499055217342
809026457936679057
3425531831686582292
8798169441377644194
3034526804469662983
4948919614286469818
5885410297571339522
4240066539606149189
3591405912586131954
7946478834906020116
2160684396442220734
7666881344932772987
6690798567205109005
7018118578227045983
5202426411739820610
4430002682219386526
5096416940975545651
1900380190516598140
6799392640801618563
8363857604726010972
6876287864238097785
1909584786846613328
8067155899464574292
3902237599577482086
8714103417126538313
5193141115266690939
8071164298570748509
906370093162980582
7137617557494303681
5863134351348790485
5838043649342621726
5335024069925821810
6385548491177818770
4360761354463962045
7595592778685774904
3526638576790336668
5758647019802792052
2641055736946269170
4154748458027465609
387492998057534304
8189860117761993786
814730757539625596
6466463701852635766
6614265518214087233
1527634009456266425
5497436184072710720
2691985089810610958
2872677958446903923
6198799494678029536
2127361803012045980
1399288041634912292
4246306107843930969
5998219087664917394
835274170496652195
4836436676827868251
6188245292424456110
7655163387081224579
8539349313299154708
515695155029634596
143764681636179055
5614062683459905705
8803297607854787684
8067318960001389318
8284316241868609112
5237498743754356302
6762834888957440798
7120936418266408260
545894470532557457
3630994295653729921
7083446217390716538
6027460904420922914
7025578948541147943
361231980480768488
761655444505132269
6365057876415955011
3288165863992293723
8623299410576448987
8349078375123490764
7948482378571005838
5077198761193079470
4854808756610471973
99711394349213
4219140950856544502
5788697153022329576
7848188591602559401
3700935203749422070
2817565300181902590
4273181384812730978
6279452768229746592
8802371184936776221
3367282145850172433
8313608816508456931
4090479711192240648
6204642117202062128
6538632441898123933
5764982720989276075
812800566860503885
8963576120194499130
544911193522931364
4727831725528056528
4361589305178675118
7354352772421107466
1876072864225894353
4537872000806061643
503038400006278020
2161620764152247932
8649088456077165660
3081109573400442130
410852337832198114
5434620488365589996
6314492730246521700
1705388876612769707
6115412609399987597
6705453614769395590
7055341415330683456
8750948970579766587
5653891282426747851
2874782419370004804
3648889937129585073
2186452754370330138
8549723822796167927
3597742087679499271
7052707539365704247
1527037841148571146
3547023502121487092
4814807864582350322
7635232936166031206
1303263209163842089
4510145461672293045
5440448719352199260
7448781003764563526
8538334516416100877
2263723356952842836
6776202317829168466
1697449919224599363
1093168130757840768
7772845301692130244
7111103598741038728
4692622837995785640
8033049299502358043
5302055095874245403
6622896576507657815
1116093112500463835
4036958298179705518
606223859947806197
6218057659015646886
4191043322099419859
4217431587556954577
3534451587833148951
1333603807850412524
203855552222924584
5214321174729259881
813613501926490667
2050241261181015734
8858684227954754880
107707189555818466
8933696431698920223
943288072628853310
4233045187733319940
4859235893847192174
2185066185979336473
802700742867524040
9168198670209570783
5406352113926340370
8059440511379953776
6739162931182328056
1645392072757659107
3067015640955223731
7661251986537981095
1070514043902225436
2331813836547564127
8154170157312299260
7696862582326003210
3517298754058178808
2917107902583657122
2692865580196701483
7852125172825286336
8495405751491461676
3600445248824336567
684929558468760701
8368047429100934358
3072736151069931909
966508235563430196
4922812088404123582
6050657181591233489
8958097446655935956
7074943782661902532
6373262895392229571
6135940456309997983
1243611060339949481
5122136923976243445
9067043221801804758
4607297123361614371
4860295053878684038
2451731282750735946
946305592247471966
5978003487427046046
3067698685658382029
3746580159303631287
8365232187493194599
632845275268339995
2814556689420438633
6662854000425230404
7995580071997065884
8703933060209046864
3621586184373860793
2861702880795958781
8195129232918592265
4543246349520227260
5082357295463714323
8404856624817104675
1422703858869057507
7285355345934400045
1298751701652860301
3372481721495621687
2258187387298064531
6772442958237979878
4295035651681797617
808925738561623569
6000906341782009873
690463240720956120
4910111345819585684
1783209503525823188
6367477317175602372
8501320799340318713
3677922846728058351
8381759842290081896
4701182922764499235
2174061047888334458
7445395745833160255
1921965204279872041
3994699868588872448
7699061288393434342
4330258927763174933
3467639030390988129
4684837800271795579
4407599898338608877
1779236891343198537
4418456161083464941
6403354048575900
807640723704739051
5599516536048524382
6249702375974613086
1559172706905839354
7407318616794824176
4905449559080889290
6335680065772715451
2665663443117846468
7880227458298212235
7767554649290150882
6615160001476078835
5743873461047211681
9194435677127931195
3293838633902463950
6821780427479331504
8908055732925762258
3015123565319398514
3494579234866170389
1645668526196706760
5128766363115365572
516841177176029997
6265240600122491269
8017726083999312320
2276535085799780895
2566073049907821663
3760703597271193663
8929524970786485659
8344361180205313019
5776156963526347050
5923591828169768707
2183448357076789766
3480314783931417614
4560463617923504575
6848637332470127701
2609972337831985720
1942480370178917865
18907459486569041
5191535205054438714
50342707389226168
5074774176668279593
4029134124545457058
5801661686482958312
4750504308165141753
4488760692024788150
1599679321960831376
4846136913167100191
6934440672391538753
9175439728400193737
6520038888080379647
5653129388182231711
3875342850089622448
4875284775340108895
1084513951855368070
4159830847897822945
4961457905684176614
2624043923312474862
6671275907457508759
5481354632511380707
252600248341485094
2489881145930499383
2147457223292222389
8833809978936817488
7379756004166019909
4337327282790675048
2207886110553201909
486301423990038769
4333774475367922162
4005739522157014054
4399834384345152334
4900365876151603919
8942184445375999059
6443909239715969189
9095037484782476491
7996876843382738980
5500972454457745020
2828130055263844281
7058612704429706994
1964311687296018351
8324923095856244634
3276985405846045587
8282749071577509878
3044803766951907200
44773841551687872
2244886745719177031
5372690788082069243
8381307440292304040
4630548667320813701
8754203014675325396
5002760205517404237
2103213803212248710
3774153933070205356
7441629247634292545
7899567578103587048
3882889824235481729
8422028625657363404
3832232001102068870
6698636658800259963
6835150017267348268
5644303682425725072
2778392398576636731
5618013827854918970
395327490770941990
5806771195452109256
8055745910572507206
1939070629535471437
540902608147779829
406423931836046166
4928981724007436757
4208537681218085870
2829733023346339544
8859582525692019730
1683104586068825785
816663759613559350
206305328562764683
1402271706412546969
6589324952875494778
7819266898644869130
7440632591959013205
477809560169627779
1192352845103580205
9198847880044455147
1284128098909081364
8377476238900659685
1852642370838897239
7620162856734366648
776779107608164084
8818926216071759410
5911029307801042834
1943578788848647963
5131504324656582971
3768510735151168018
4840846478727822759
3324302684536970908
4485815101524232615
3552067472980835793
3438407959334382035
6275554764903243192
8455507480768720877
402454124582921185
3258036397374218844
8824643299938794385
203960501154736416
2846569498726277719
5580076326162388769
838996312549513010
3423425332323149842
3997004354898695553
5532967025344275202
1908812353849036422
6718278353333627791
3886800627491635257
1790362006447237663
14817321839132826
7414515846176596959
9114546020862167720
5035173149648091287
8106134428674437339
813450318032357519
3372681941258809407
4256192357396590129
2446292937673615982
7345185890615038790
1663902572542430060
3242942274851324803
8974611112781518804
3490189022785684820
6057766629404643023
6928901535296501403
6817562764137269259
4539061452590747782
8985685001960196427
6751189005324111464
5199264963722118164
859876068361120844
5150110958003805407
4371408291074589323
9093866429910550856
2834812281554433981
2979551692320889330
4496138357728781604
6795629279666240184
1667242423284476584
3091375590996614398
753035776005686250
4006083268773460830
4938112609075229144
3503859593619485446
6442429123206618047
7797998056693593343
1899739317039672872
7673633086974034701
3658552785152883970
644802392936590561
1630294791853171113
3086293827362439257
2729270699703361601
5737494748802300339
2004161877104156409
7494149378675492806
5136603038656798314
8998475460643755435
1716979042175669070
3408510811711321761
5167035792526038134
945783586397218366
2629796862227162857
7339923245431070740
4929315967691355738
2712790939477192602
3811627635097301812
1548953836263564533
2598975922017730330
2331509421897460906
6938558410164988443
7371995552927803137
4263582336651755348
4534250209865375029
3565866478424145257
5929649850734303737
5380450031354410242
1457447030238621435
3601390241819176142
2407248916933645923
1306625963445339252
1238144695682215899
2470927695415617425
7051367127779354284
6901293947771736213
5619540769337063500
4258512236098420701
5737027797772137284
4091188706338850259
6738152234014460464
5488578804097571324
1757366646410783077
8512189023213870534
5257850962047919836
889441176809756347
1018597200289536307
7850517473095101273
7516687528444500368
6793496128908034350
3922305352792763012
5600027789326572597
1356340988133259489
7907650201459102703
9056299794339064977
6173491310657015460
8620877350692775980
8741372305746831775
4416277257216576349
5215039037326445368
8276226158727086207
5149398811141271566
4264972840302946615
1197365126861927902
8733892676908937002
3157517533144258432
367517773988296376
4887781961751711853
2726999525669185614
3359700623957847633
2881454522006329254
6204599455977738206
153254987850596147
5479730020633095731
8064829796792830254
8068667341310829003
5451668796215362446
2742499367836308374
824846093659517447
8081252681064405675
4006095399961079841
7713959141126753715
7523170831037250226
839754249026593923
147447478694963904
5800808861237102025
1282938096776043299
6321281740561141269
1966457925350830164
6717112293256812298
1195239044298980784
7554697618976943571
5256800451576665682
950150815629927248
8114489386503028094
3400908508176592234
3274035301337653834
7409349648977502963
3900841636702916508
3790130522536816083
2849759230639147656
7932201136858128344
5669640453687184248
1813894804024825305
6418964705235767508
4578231760711929202
3102913864196675862
5115957475104765392
1585226875258842792
4229426215311639945
7580668442510929123
850408110386914498
5247928512505335838
1669567705502251081
8480039125297001772
7118916244892206643
6669020562760623641
5940220115635920623
3408847249517622411
3971504897998414173
7815058020804833601
8680041420969299662
4025005744038565820
3285711092476407513
7282677674298832175
4764614349291201882
5919562636885845271
6314485024841234335
1909844240055445368
4400321614428622489
5000233816616268979
5812332236063697986
615393164817460375
757703596736239777
2540093408812307308
36394403624387623
138055380993353721
7285756529171113960
8304635879779968345
3206958399932237364
7208875034329675792
7306693651798331317
3937584347457674895
2103287206730310617
338737607178941575
8354359267544528060
3361772521294462530
2239264877490688752
3819320650039880123
5458266381117074522
8401683926978703236
9049903834383210948
6687447185831358490
4506403117383234052
8349117353223495515
3398749794758374381
2205049278749113400
1807887700506599995
7407832402528362294
3090031565577317907
436260174694181036
5915256837772838345
2702332554029562451
5269880693100724472
5635011342119459318
3955903577484640880
6202062152600385661
2332758466737442959
2879859354177334910
6924579202674203384
7863522802148379104
6460718124066030146
7117872700797020896
4955901390387797458
6736214283883667772
2123847087857804938
4641258459038747927
900796453632066447
6409947421790216654
8678830486895388055
7727312012863106549
2280052088571482684
4635394030377091179
174805071183465402
6778852708623751514
4099755025977692171
8207783953080552816
7097222499041155171
2723728265379706932
187592056103130672
7259735705565726070
4732627429812789573
3583484776585423925
7616056400415177913
8570162933288775655
8278559570650644754
8498909739722108106
6663050761254667614
2119498154681719483
9191912977296166092
6385493960370271144
8046640141760427848
2190498192072061946
6291721759540187558
7715776722187687724
4234834469222212566
6111803177533985894
5981102670394802372
1048418625410229071
315799530679647059
8658142901446919639
303785718099184262
7481902215674091929
7479051142564436517
4873308099581766919
2518555553888053771
4253138716874007631
3518646429901103150
5846400962128032302
1930088134039187610
8755472581446929564
2293256352894629535
3076638459601640339
9045368993404307255
7707438129174434749
2238284354184425302
7669731440167080811
771851405708837139
6368241195840927397
6745249030676904673
3683151608903308093
2318591977718084028
1106339282891616563
530512476868767422
7558280527812776014
5505236667467297617
4615098720648103163
6950081351821050849
9097766559900966631
8610180685013165709
1795655209499255119
343857319085248434
7891080361147596247
5294896868196159981
1103016455387265533
5778699980347665910
1292395934472056955
6418998609885411511
7690556979801633672
3959248603698448462
7827227316583041505
8385612375681869606
5876895343592826420
3924375305438348194
5937074829554200314
781547677759501572
4371508002468938536
4089635343912319550
8623509434576763557
1604368247068672923
8197073561478203674
389822542993366966
5940423808097207562
147456322371585182
332034924087686663
7373365414623633263
4028349388728910267
7594339304811726094
3423699203553904367
5113258461736941468
7664722038028948947
8486433653834538586
3398756868492607292
1189713586459521925
6358126517381227641
7447883132541114375
860251435269693259
7613567613028194692
6542033877910218052
7997187778681770826
7298223802809046246
8424191879866145287
4798088615576111200
3819363149543519875
1378284244036852322
7260276316643740066
4335185738839932564
4231963817976282529
2411397545605975520
544760317953100250
3339204568822292591
7202845118690312384
5473758341387735134
5980399359027045979
9125011164535318581
6698347338869195256
7861324424331254619
2363585712376303468
5092904319572716403
253301316001015021
971885859081984756
9092679966404652641
4904653450983018231
6917394378605938968
6747074682797538512
8686925699446779425
1785890174976942494
91718447877421312
4454124228746128871
7316990688561662863
5351680366856261469
4286501062609491720
1978920268225113179
2207403035155470296
4298256066745153559
7059421742285028480
5911713562866752541
6373944074548383671
4926399474989461865
1624821060237342504
4845203095255972351
2484358813689144419
1787555679610213119
7456756940625911963
6933631597176985121
1560196540356184073
3898599339333586776
646541259410779836
8223732571838031194
8256189541792755052
8849079495302650241
4126601652060720764
6158327109955298678
3285899309605630339
785262668133687932
6450039026282283088
2000065869729451942
8678719310263731977
8563869647070598802
8426958285368250152
2403572856079264101
4372391598426844721
6426716264913071364
1319334471689534541
7275113499879963642
2485068824398160274
4410528141090619183
6538320342264057656
2362594058514232003
8368776698799019568
5435364948033009857
8676971266484803783
7353286395701091543
7606540648785416408
8398888699595514416
6667846223283408776
3912490400096525832
1113955714258394100
1500248912786449799
7333595278367276788
6056007150362301417
9041401708012732696
3867003151794266061
7331179500608978767
8798308679316893052
1155565338698133319
793822000576956198
3498414473009866657
8261203562055276272
5725766584088389780
8355655241224974929
655473087275186746
6857829208195198112
6596339389942778943
7074061287496547135
6302485728955524243
4628451493445263938
3858446668806222104
3350439795854219278
2583474887550946918
8737543659478626185
4446929756054801573
3201183411375456402
2900542755176380575
5932765405850628821
4429413100467664705
3092271564371308588
6542022434376626009
8417667946545066944
818130247401469520
8198407502933985154
957918170900826481
8266540549680211790
8623983759366457170
5457575725896533727
4715468984759521940
8195822438295993197
9065887177824655363
1908719629612028446
5197511399371388176
769035834714516878
1068232045490751456
9101504537193121724
7174294864504603437
4034355945042082433
2537358369097332416
4752403465325112225
1015782660350965842
4366653331387562556
3605694411384341850
2747222292588133731
3488863741263801414
4986195291275435901
2403959158558364925
7313097005846907217
4745225071162413946
7702803742778834999
6588439983153554661
690159937595591606
1545719101234510898
7144714436571578042
931628678957819766
8123929824234920990
7058539348422139663
7594086446818586022
4079235150452661517
1026904541575669925
8320180993496650902
6692588428660838331
9026829706228444904
1492571396577586445
1199583930992985000
6584610800443488296
2081928700890887796
1820651164033428109
3219173731205592448
2311749256368439933
4429365389263995830
6232438663284421775
8768135202508207324
6093462064008636622
2586012288109044761
6045568346024740595
