5454249580403132692
8904247746625246130
4302553219469029249
9205894760086439825
8159730874489585150
8420463389731279082
2976385727337756501
955682515823912383
5372360411685027587
2412562785410657790
3652824088770142852
8395939925415165198
8851957048655031430
1931204613299015907
4102461307434073097
4497959372972912124
3750687539302017185
3817343396719113250
536555417014262183
5166792792639086233
333722358504572069
4123094119472595887
6858823311378817334
8175008948032911451
8082480641785890423
2323061567574507422
904439685001871217
5292615719432993245
5516109261492584164
773917937230496916
3223948088002089588
3691277121901578045
9153940019700663274
3684641830079005369
7621063220641866654
8692115881762705199
5859821368400443275
7685478299838954148
6869452297240377571
4773649860233264727
4059768445291106042
5633534492836799349
443299163829711174
3365211996124754865
4714312221127329010
7276699093047692301
1159131359861871685
7088674906279233187
3595939304105290346
5522689964027175401
8945334089884019116
3007187086377820873
3997718359188861047
3407499719429316563
479513449983353663
2802439966342321765
5029182452311835899
8442742708043311451
2696636945050445828
2304197634988377514
593992908976942506
6769846929967550018
4948929664091542515
4059195165078942229
4403373263428118609
7718894323570472608
3401847154240447038
3090700223955575001
4092259888804251850
4389207102595951513
5472746769321764698
5945144822377287916
8590828539298885556
1132940221382994012
736992377000218600
5078551199579880787
3059104216095435714
6023542514625630110
2400647914157600190
3766061838775204473
5760691572837686202
2223612157855467899
8462337983986275641
943282288563151131
6834622863753625054
2671317946312184953
4978550685315878855
7366363313760094048
2263789789596370909
2790228692293250135
864068987477628065
6564087625154504051
2858381961950365900
3436001505963322308
7498167149655580119
5272257949888848550
4925788337548371790
3869663092310071752
6725987314431052618
8552309436072774269
7697993487101612764
8423295218802116663
2686098075830647015
2527646676082765054
7176643172727694737
935100082544214470
1934665385708767697
3428318158128468181
7336489889054790337
5661032187289503133
8401444509802718075
3297750506717165769
1358275721844655966
6041057539978401767
6835021853164451628
8665084343704270219
8193785122752790522
917788379314890041
602231587522039998
3071893201069358742
5309399764001763481
6812472863198158618
1775363808987225568
2685586608468421758
1765689006452131398
7872289237219663664
1939764652969547559
399236123267196808
6843789882705199708
6711164294048553124
4764784464142843570
6076799606203974015
3336463452657796346
5747384448442114320
8790027178729265854
412237695867272132
4211544472723983561
6019819047859175585
8207300470130885877
6123590334123663961
3013718932048133804
7587032524930407585
7559105496870058272
3745932328591898372
8785579634676867868
8330601485230050609
6091656009557624626
3056330673246920476
8737090510623644134
679164156167060473
7991726209113584312
8246210494536509914
6254390222548515793
7835643802215952736
5293384719035696602
840542180515368630
8792545006500250899
2219153501499253325
8084145380640900284
6504712240435751526
7319652034124436848
6414335881024401296
3907763004030278785
2751863495827366093
1979221480218261987
4343946770617339239
6007146212975346247
3164017162082262379
4187490475726998881
4099919914546769708
3675006165977473578
7555935298855510896
3937368118410590195
7644957652094214061
4505043198094883295
3372008762356221900
682761032784018939
8168452312185970461
5214382536434327030
3450938805911200755
993028753548934544
5285027730377541879
7545949905926669711
6283280518735767422
3699508210036841536
2169352577151011266
2099197835581527001
7620738327449883271
2687732716767635112
3616914131906636417
1151128668600627311
1983408461590390509
495162351853895066
8980065910442166885
7777501632241681534
1057644077964067980
4469243634751817972
6923544627351803840
3210372003708195307
8207619583791993805
6232877236134768649
8557569141040652400
4550318838515255013
2442442572308791705
2544368710294929228
778757836178213974
4120761038159233843
5828703386932538850
8958059381000812241
6940717639993502652
2874284174762880245
136637386998664270
8084782461316492261
6133857903026463914
5862849965481552088
6254486226265670865
5656154689759015834
3784229023579802731
1615567112805804924
5548386348321285072
4073341543254345915
4898488334455536763
2079307851986148273
1818488936255822155
3788591674583855111
7336818050514950490
7594966125890179532
4809056654710395031
1925067202209354472
6752197115995963877
8678307066355555708
8319139694134076167
7520488844549020621
9152116290858324578
6845703668246492491
3062809774813478934
6278596817059149527
4392743274827671133
8908743199897238196
4257295131618861994
3588572327069190122
8475915492580538537
8075096641571515792
1454797385550345303
3046334374883058597
1592909501849976527
3494752577532921771
469714549437155620
4092524993855643251
8242215474409009975
2271311624172466221
7213736775970513900
1627121792018289280
243290693122969320
5621743127362778238
8057413612220084277
3828289911652571900
242143252468781982
2468200931788310272
2777401107146319083
2066631974991801153
5351656371910269404
1027600484960526043
7710737874220087175
780543933797372081
196197467352519104
6794480378689784649
6022144944143425896
8728359403495584497
8112760160555245512
5838833120159803964
5921701118518919346
7232669063383887408
8784280916828130629
1756774166940835062
2770231212636007506
2730956559013056962
7407154172206070335
7733176282611805683
568526240866782960
5545149209215600286
3218037137940172015
3577990183175475328
4320153500486029830
4525080440765686612
396928949111390677
860177718459182972
2589466833542138325
944279620520356122
890240937867155199
6295848509524316286
1589156328762743213
8496891125417152675
8422908879617252125
2260895802046685253
1347880020182755266
5568945304501623913
7397715338577072830
6522787002565866489
5772208403960317672
7444145497030083637
426061873528176587
8209946426492730702
4168004177830859103
6334384575069964440
3790424703265801792
6120631168207952589
6144259278182746612
6437791222863835403
763201490615762432
6267172735591509900
3953669925105339577
3965753819115142447
8774588845655344625
7377251633744012566
1530339113376768792
832786608804778862
6920791148164668977
6628746511221686510
1857514766223851364
1157107491587949990
2214261717172220857
5867794906106041888
309762258573803810
8345075765660465353
4237893777839487449
6841721097575363936
5208351032006844796
8815653420991307814
8434676078298004684
260210640676619912
8855921313760686400
7439586976084782741
6146663133804712078
2247134864358444011
3481499941930060516
3273855332311214892
9190123330460540622
1245745094763068350
3315933439778439950
701505758743351371
7273965220928482051
7648662985673128536
7188971022755280072
4770344067073910497
3355637953885729374
8204816808866070038
1427780613603921386
4920043293425687551
7360299041921691621
851425864014776792
1789616019600154685
5119214458237058550
1027448716518370801
8944835013054967608
4500752721747301535
1376732146183927662
8795061585361540679
311166607142864560
7229827613861145251
3760153593691709925
4802019320687078270
567342940509096754
2322688861565688799
5440663318096098277
5118434498034762373
1258695474874208887
8057734370414905763
1924907149719399052
8775514345619670063
3416929509809615023
4838472584161774965
2904077249594485596
6658511192572081198
3493247742065852931
5805554012488886216
5997636730072578053
1937210083253889793
1513371490443423252
5205643593180566605
3204307736128764114
5715919725452840569
5270241102441876801
7850177486364300044
6642964918003002257
6870497673093459170
1555099479609916016
2295270671276373543
797325616773250453
2034700621266923924
6081222616597947416
5085151939303476116
1430929143241798243
1475086168560583637
3913018100199042168
8225731553603651548
8675517507148125546
1959879419306635326
2852508101717413085
8604460967372183802
61648859110902763
8641825227450457811
5127605491597451174
2902954021728425408
8166554350844800606
7163693174271678377
1861143949930351435
5564926032006939350
7276955092219608199
7027463003252841523
3449372634212723730
9110045521261231097
1386006797672973915
4683907102200127938
3226868782270455822
8848032943218910265
7169105495207637819
7611934073842619240
524588364972489943
3624463850396931782
5822341101955635038
3863475008730341224
3000127834368480537
7637724704245484578
1219420400675977637
1644214888132703244
5783905743183811573
3045858604833473077
6311882010122178986
6391022838453837092
7118073341561011034
7805436563096995014
3515495584538433126
4401176891481475039
5915994110667499314
597584035784747609
5949261217471763900
7700725589392585129
361522392867097704
5470810518155646404
3741229053387476404
3118434753678752580
2678939852525981904
3453006589405399428
5486523401106624190
8633202855759527580
8350368379227548564
6286494531190818144
6690742646540927875
8154767433303919721
2370358937006099583
370237011088914486
2047731128202062279
3940165114022106031
7964811200345762086
2499922912376172553
1531512297231303841
9022776524382402493
2882153763633158706
9213020880285223512
5088510322296746891
2534212607404187118
7792859624330880891
7043024112710909725
9214447249143557854
7596021405783678961
5509497287742858617
4836084255505421371
6129162785366808298
6682254926091012723
814348946318095934
3800684652968502766
6660741901610756258
386785825662446433
4185872581859313337
3996270189479897695
6529938922600531777
1999439290366731812
8164229219685135985
5683036769750248011
3796632950248758874
2414818325249786578
469429610716615339
4135501681386190631
3917591184253140573
7239132859201058586
2850009723091658559
1053691405970869980
8652637856249372374
3774307253610101589
8298470779961005974
5072763145392526057
6335944244971217532
1350450097913281654
5581866881809992286
8409662362345745951
1263782712360937887
2558432496268011585
6586299835025068317
8460444794443234207
1935637185618959879
1802180371921674752
8497443377715388258
429093593450217013
3849686201226754984
4372761113714646627
8368667003249027304
7426439880755424730
2857216305985005617
5007399113590760703
8518641669697840628
3500097637840753459
228323814337152777
3190809159567264147
3911068227459214881
5835097283121130880
8876566472096375722
5221788136872800793
3705423123623991438
6828330710766558485
793217864680697930
7995127979689541523
7248575453937240774
8771632189048636755
1280496080505113776
4682652365815571482
6212225346386152554
4292789035676291424
485824872808554380
9160217109983408589
4453027760118761366
2107045572975612527
541732070811672648
3157834331305855890
5921211579473148242
7635464869924942295
7022725309144919599
1058258394556426067
2848352515686530647
9043547635068116336
4034652546625560012
2703318384276809480
6084514790605522532
8695870106679618838
2206885484420849256
1391926431420835368
9021357696861591290
3174125577456965938
5330538612279965677
8606564210548418825
5012658134390146213
8439429765340038030
120023975789802804
2713847775209623448
3554819976344744012
1890496369781058815
8613661413042523676
5037231877981833314
4030920216596423743
9029111082892244261
3912971649328419761
8040444899639501999
6883321917422746285
3642619760742599845
3774973349323774119
7725242656960215664
2348566676473448992
7464470810741630278
3825403315172286235
274232146247999986
5073602615679440218
3355623438247301185
5120221935882265388
6166941509637903281
5548480106964073980
5593947243705102372
1558251740308165920
9084921452487133220
2273326066967971766
4676219522331321607
3264531410924690957
4878112811221945509
813356456209023813
581726443905833153
7062400211473748862
4308414331432355762
6034069210679592973
7580026732731616464
4908757011821547543
5861802330011488734
2698680579619891050
6490790303578228713
7296787270060444547
5316754642962282579
2123031508168675130
3574561953452885480
5563551261579038643
2173990125233140150
5663783127494539687
3966470899289001484
3803374756942713824
5200331804274288930
540809983424068672
6247083329204002651
8590846358371316081
8164382111894012376
7281677306306078612
7701384444761576703
3162375651700530838
7576408551780244141
9172646053692204639
182103932397877692
2513024792654943224
3677891486081107872
8229647736752394434
3797651360503380315
378161771311162054
8423168155844053349
2528205842446118764
7833401820666325660
3358985226902937293
9022504600859760648
2634886378039827937
4602113403316793977
5606959416319267935
5655769875251320733
6194241509157457034
55185334704763869
8623846841219897422
8235555457562744996
7746698496539676322
8393647248928754983
329517144580876865
4664593278693581142
871263003265295707
6083452202001680918
3096606798796185715
8664611406098187865
8809711619936340418
1189263457720096353
2519004163639135324
322598333506489898
8244258190527599454
53378841355282490
3300578847145953305
550157509980087359
2208789015950570117
7553016187356958973
2215716468470909757
6440935893902289227
5302422079378644658
6227683711570752262
3258970649373483098
4363439095990635799
3581222594877297948
8866180406547167147
4149495413536699637
6364926971032245565
654312722616504235
5552817838798777063
5702770390705690106
1276839066756604116
4837140587609245689
1887033032055007507
4304522610492011759
4127566088292244071
3779283803548961151
4507011009175984674
5772206446716425758
4401075134384892253
6019074584385577555
7255881365145531694
7099983254087880602
3463496013351349801
2509153414551257004
9219865380401703024
7292161124324376921
4415929083311789496
3885465959794190485
1228600452374461183
6697866253389933362
8013947469219826799
2882642165977946502
6508476850308159444
5910215999032085399
3786654711830574105
8449968940975332411
8987560355108142024
1848273064219602356
6408071442339137652
8555216362405770371
7359211228726114997
6295781796709116735
1577519750416738085
2006466285635659464
5263917623964851446
1204581359683958905
2083489388153605702
8208302513287207295
8642287705134177473
6481860110796795385
4586677122922983297
2439908751487909834
2820489642254607016
2451727618552290958
1018110862114709936
3730114290699473500
4390615560914336270
9020879254586864272
8635359293302410915
1005000228620574375
7538165565594792441
6405910600699860874
5675894439096244101
6546752911807220761
792057704725996433
9114038776694902561
4664595874054566457
2707581325621917541
485272064217428722
3104180034314444103
4302392462850603695
7596479740153414132
1340772022904114297
1288025390403804527
2649962715724102277
7012058315091464773
4050838927492749759
89023738719555363
3306876106218529409
2484991095996048443
4647842770085290104
7861938080650111368
7028274975266294450
2933448730671383926
5413277470181304791
4530816369904687041
4755859676431625616
4449448975132877168
8845960740400654963
1360096667092759883
5695817927241298344
7094492621958284855
5025893419042079495
597131663972902543
5644670334886866327
6510376159786110394
7199591513907447141
2359930677555529472
4865672382615814241
5745371618958630184
7726436817507228045
4790266218125522812
664916922951607692
5471148998496707054
9206520121340259473
4814665837553251104
2685945356511949077
6261971316882792692
9104399945640174352
8889335208186822716
4722650538430293168
4614849434125470219
7867643749606481065
7291916646891779382
5196717588757342008
7855162338349033180
3678146879079653326
5600626206515371439
5171545716391216672
5310295992095377678
8565521315243330304
3581019528205797638
7942783398594306126
4966197534003937131
3461561816587611331
4529013507996986721
7524692367204228562
2705324375715381715
3082663084804841691
5848025495994862983
7362259504079888912
8379407875946982603
9201402702481859567
2445177913171948112
5442706350771479807
6641747965478464902
4904096981008149425
1896752976643896951
7199144341168269625
2281696618753792407
7404931333660832974
8997683287917569751
2892415700262224931
6392494270284648986
712936133850100078
3165174284100497364
2431624749105741087
6666060827405961991
6707387698240047620
4049482909263682501
8263326505050235914
994489151092700761
8922271394870579338
9030590200327416367
3752104074519867955
2142081878243073887
2930716778753141083
6969661974110818887
2349672110805398804
3500700966865217772
5392721225981459875
598933434391554502
8155413584784793855
8532021771209348330
5819202134751558965
6413215709818345682
5081169659183729501
1528563818419499638
7882768121323307743
84611443628654044
1970016540906741957
5637678399959313882
1445440787294386239
3000286752065064953
1735591088595607728
8262234123530908520
7628161519599089927
6788984704236595578
1469597228173896141
6855720814237655469
7819511891180278854
7142557096552418943
2284565738363823485
3626129517495121222
8808389119632100757
1171444839883787914
3229908378824554019
6821010314239516023
645683484167693805
7393215064745179048
1447734946564002918
3337041921061478920
2128827395883813937
7748366713074972318
4805593098924727776
1200864604401989467
9137052434033264102
4846490699430865101
409976345024905904
1316346801182702715
5319660441851030363
6269129024181298134
6759283988457612728
5347827360659101129
4905881450064667064
8823941918314843128
110339798791439275
2298779070548093854
7661191002697882253
7823317425854585784
1307128102329549973
4695843905376797203
6526970491272462950
6732933556047010695
541616164993979011
8094155750108601662
4189663483160476283
8926218325363154884
6591151746539564686
661355962598451517
6444327061291911768
4162668366641520588
1374483098777722665
1999104711562939018
45797350064877361
5136471452904472355
5206307441676344237
4862711193558155914
5290974332835190212
7262293324734931524
4919149818641365900
1123267727561475839
2680230575850485793
7589258104603948027
1022829038411973099
4246417726947890832
4551424909113218912
7015688498443552330
3956151954486637382
3519949619475307371
7053286283211805376
8230330769777716337
4219162945362120265
2388599397547123165
3579165998560184059
5492354341183949176
2679435888988808413
7244926204014063946
5467760597719833901
8478094214322015994
1661370606411806867
360063440890724454
4092271764186524427
6567990550651052005
6852304147146743354
1213429645799123006
8315408500295379344
6509514075529857505
2083181188434140609
3609243547074271160
5920724158151529050
4979688160985898145
8639635331847087913
6466857611689236510
5458677376536659049
816580331971044922
344379545882687397
4503827435085426936
6174542835065712564
7104232996157527790
369596065360146515
7971275007279058019
6135208688183423520
3925102822880645431
664345123740393800
6220953862214487163
4738330086465247938
1857070086864612196
793918282787965717
6674689229606049375
8999388488276969588
567339579783488704
3321119451426278234
6485190098763448912
4429421971745777695
1098337073498236383
4564733251168631671
3760115365198154663
1995498742778968084
1430302106125920944
8019341311074869769
7882575076314952769
69557879842016639
7222632658751296508
8345728348850948952
6779429453129789751
3210659173294608375
7270458564475409267
5717452073142729649
2381528069212293760
8655810026868100982
4584238406260190557
5679311025401227592
218356045968972377
7802685459403634053
4645403855375075257
6761641863046862191
5576270731430728790
4345811362357615153
791637034771737017
1569736040419794156
1685452127231663379
708576471734922225
6930900777232879868
6606948403851981295
8807347364277883336
5766619879327369389
842564907797153908
1771924300193055659
4406178249719294501
4425593794528529764
4537350166314164038
7740555585671004272
3421039456483113252
4364815901207308886
2372631951019501271
5868657128361905981
5856583446276484901
6634191540293959096
1825754716631641660
3290754959797941395
5217541268936521323
7002636958693152428
252003611993906426
7919282091143284126
1658165995422034898
527688611081209067
6507977430178837002
5160907842282003554
3291401323564090693
127174206770143990
7355769737310887892
4659279513924360119
6597663134126977238
8393805356926664585
3375472644171038221
7369248007001751943
7735114655027578393
8442987458333263016
