7669576419503628107
3918504317389104663
8673285973682690878
7712468383960951488
4879505775003975884
679525976574290664
3820526249563852972
5624265961057163993
7400120879343287989
7548283042745602248
2862025728729222650
6771906701809393475
6680670445777291982
2012211757033563677
4219601073662334746
7233952401481947105
7788926596288943855
4022244433156433027
4058621783649551
3841387647646766127
6897673127411352581
6614923547996087033
7303397585644518515
574110831907148510
8243737064274151499
357676974541878558
166698868156080709
7486791167813178456
3237355088580164671
5883828014999500251
7199194126355658124
4632208672257522834
1127284601911133837
4452462829587220958
7235696667509743128
7183310464111363307
7320295512277027734
1645579251974640493
1738267882510222827
5301805259733123697
534455410678810297
2414489211172831576
4058790423873301672
6019377902198377652
7370412421804269840
3019754933713297142
4896481821375651002
2056943585040961921
2225584509374360106
5460453935095789824
6515724794027001765
397001282236718276
4179341934562907831
17994595860165325
2626828274943817035
6003459993367423127
5915690477243535760
1675026041649154065
7409686361089419085
4312279993290943579
1736707675397987096
8688448001476659016
7129617944248604580
7718866327884126331
5723149692879418938
2095438618031379195
1854433692620242253
6278225401760756179
3922560777002841821
4911669158909844230
3578550404115924044
6803051684647237763
6253302619614355802
7333750102908114348
2597608493223345765
3470303143792108273
8788936300068479169
7865434491686840779
4890042812029917440
5829650466673714391
4739687357158131862
3150010000966480912
1930169935427698172
8491500776673228691
2159321274735621786
135331738851461764
2885710108271298878
939105470973653079
3796813754377618270
3057600067281138651
1479988881693948048
373560194077078979
2474374092880010161
647094881294857568
6509334912810859807
9001928999979312008
8824078915043182879
2663184428325076063
8894627633014899154
4758491627108482825
6790726697837223077
5070752496494217029
479884072566133407
5034608234028152519
416643184563288026
5593979738159881984
4032041575924646859
5464468980024640617
7340614616553764562
8799802520862387944
1764952483784678205
716671894648845560
4863561365410934207
7370548692537554787
7354183051967589586
2258863266490762477
6886059846972423261
7716575408374631808
163049913021540521
2854856050949736991
5078958818978484963
3208116254509882937
8271126375032937729
3235626054426954886
1296820050374437444
7341641003135352622
7755951812106337647
6810262524376041305
6259416399490991968
4548992805611924186
7439472219047537191
7558317154696820499
694783956779540648
352785811731331582
8171552719881282952
1200989391859472866
6783678830864526141
1890605915275807583
6012490705165943816
5196733419560843048
8090678239849919093
3041387587651012168
1792561642629676835
2096297269672999018
2462707928235565850
5097078274714081545
1230229329590555345
2434811570553145347
6135677787963227329
5749239933735595553
8613469121343400526
229221647666025677
313043782104465530
5500884725914677332
2252975353124419432
3541775256824767547
3731923188750251783
1569663346491121412
7984181892910392520
2991352013315892323
3085326637752704835
5561912962056626839
548461864563932978
1237380538106966282
1940757516255523280
6557844720747572680
3308269691908308325
9129108782320562267
4044168117093434516
5906866799657127617
6961089214669797788
6740917772350459578
2617638541528501456
2504015925833950092
6679581449236646377
9219883170771783996
5974766366162043120
2979498655018676299
3291753998006686762
368676923775166246
2607965601504998774
3613134798863705205
7007485706288876115
7814981598031752956
8624511976220854038
5015874574855199355
2096075668399593333
6423522606052316272
2491202046458898530
8824383670983041346
3995653361569555729
6521246087450704135
8521179235710336995
4127552817418318529
6873825807884880205
7789762406997230998
6677586359031632551
4072492533051006782
3954477593445759644
8903336504692131614
6102002889082502195
138479459536271261
4662017742492300822
2438398454631905051
3959713764128971647
789202228767925599
8163789993814036856
3995016487456685850
5957666367992934422
5468110674096178182
4170379394160903649
4269376895112611692
1947468216441703845
1913479449054811965
4529090211744332977
3570243897175591435
6516842404574993419
5931394140861630524
5334289785790245265
4571652247797622505
4796107509256509594
6625468122386807738
4053667024028252218
4471706287807911316
6754095173302947470
5963018968907556681
8509476120817107960
4800500941995716828
2140919144362142712
6352681101067227318
9047741102044683548
2966109659969054860
1076769367909880133
6713505819459052007
2544009410910516042
6928811987726376096
3978165470595519202
8738325364427347836
8756143263656381825
1313558307720731
6841446060324833044
344711143151121807
4005433743635775717
3991374441977476692
7978785629637634490
1087166326050648314
8176075709795706363
6281156744096266887
5449447390862617262
2375807364843702327
238004688370224622
7452495644615645525
6124250596753266489
4329523409687099060
2860274879755263100
4294608694963978131
8279974823649140453
2150055092335067130
5905318231013971342
1166013889504222327
1073779716700781448
7125131805839166894
2322008366159988632
1752401195091869375
6413838198445832727
8783838879798757753
7307179492468330833
1601657243803259823
1407608250661108153
3273573864971118554
2471480699475277439
3505444421643035761
7851610038245130769
6038856322102700111
8655358394592402394
6216763941075312100
1695675762898622381
2269883442156665866
8689234393594087402
8820527480737732264
3894346508749149820
1849467578051427696
8030984005307096501
7315547656180692901
5221492398398814206
3919076993849439670
20831788482293395
6491210621433493898
7040285452431702098
9186398220427448320
9029012776031441181
3719525583211183049
8625854596854674212
617199418315650490
4855378451816663025
5200479211041029368
4714595964642858756
1640571950040236292
55416489406370042
5982598912464451499
6013848373216960219
3695210801850695178
2672533348596174610
8555623925374699311
9106421760316918832
8865656645793642238
3871939372096135679
1326029013210621841
7358809401943214819
6055795469517874109
7603091555872066311
8057139392437785423
5661554444439050805
1712044624253682180
4700193165963149113
7455692580269249923
2691325894756481065
1091726128634850418
7103221476546421826
3352784634831626114
7650788307023879719
4333989596340263456
459411135968849951
8561106357195720944
1929163357892303346
6699127771024829105
6376516241198943711
7664733510917264856
6061239334368103731
3430639802617865042
1730171091649143242
4742876736281629427
2646601704854867317
8595446470778201627
9220453026844864930
4677786491402971300
3553797810447636427
178328373782434195
1009177539404658764
8361631761780525978
1507916098017366991
3028819010337770628
3315479714059233238
923105780651927573
6844187388838491591
7838889942654309078
782149924598301916
1071261211790221655
158292523810041917
1911755372767957758
2312571722699215679
5300460440940895014
1283041834898230332
1717177962155990369
4505348951644984368
1293619174833627380
6799396745644196325
4078471697553820766
2873065410476512944
2812938250010265617
846780026435457463
7059014393813735861
7082495384349869259
1732197863113375711
384360727445823107
5527890460142373894
3458880439400517350
36013887171248931
8747911511744316973
9045940669782758108
6904608958212726276
8898879721735243589
2939180197306062912
2069407865270933274
1611187791567189018
7441579963541287835
3269135944909012269
74664477465399111
5117509737070444422
6721157133418912970
5214532630533778994
4870525767737606974
3031016016799591994
6537553255475599055
7460734734416885813
4050970170581585302
3879001016351753293
2799881598087963572
2025290108152340177
1430215589860398808
2155875217498396663
4906362152384390721
2976606459617658070
2581531225701379116
5066676040426996464
6691395832200166610
7512169348037112767
8056675832488200280
8131973096531531857
1208025986928524807
5633427118804831016
8441455795272596569
4549394115639042656
6984999407854188588
3728973818607768132
5092939464819717690
8471501059169040611
7612288629150182077
7874164582964720943
2920270139874957854
3961028655429287640
2333392493314941088
2218511661971890045
806932753090040870
5155993200866533674
3164964610838963847
1301458972988602337
2474093749820314212
8176530425527411697
3360486561195826724
2725594065297096274
1746672935185585266
274198444446128011
2592809324576684008
8980915282062797224
4181304494557512165
1385933150511026929
7763135330916322878
1964276897240700242
2111969303878990877
8485805896519183706
4450180408912996998
468091907574793262
2962193509632181113
3716211222815958398
4728488895910038372
3072585994063670793
704037266780673256
6492309708304969553
8874929455879020282
5110511232335087526
3451115308761250080
4799921167334595794
674469983478784074
4656041866821547905
3336814700049965139
8629152344039674211
7630257360358596361
2692986184493387408
3142988106442830786
569313163885533964
3590324636819102983
7798658941378108153
205462500536042204
480794634537547334
8048630125432830167
2195826541560730125
3386232120621225944
5388536200561169606
4290802388458119646
2068714237286777391
2841180563943500384
8426347981966070843
1505967119348354052
7550159933366139774
8428363814692988970
5415975758328287686
2605450815114407530
7622530083628702241
5192845642952708884
8157945765719366542
6648247514974818195
5088827031124669535
1426680185514529326
887780703297648040
1588139087216164394
2120471636128583061
5748238398944795383
3179868202503854632
7726625818004172673
6890181488941709273
420759257813574860
1696567016751180687
7314201104469941927
2761480698500738182
3205329454491263696
4435336502065585845
909709132334368441
5135584721064825361
2257649523263123419
3161464145837135268
5149813979610597383
1631845264885870315
7700695508966225067
5964768831174847006
3524932941478187680
5980624324686522660
1918331162828745635
9032080075213466517
3123306319125524958
199779610863890028
1867912925877254843
7771802551784091765
7115402573747359706
753227346694983125
3759522879374370735
227727595468685192
5058542050431913686
2360855710515295582
2289461498845887718
2137510656762393041
1106495543613102296
3031459091556329517
7058336271065749471
1698912084813091851
8056944045365724290
1773585208500991297
3140332609995189123
3737391983055213329
8108227669554030060
5789100314430903899
4986632295495900825
8511300356782796419
4395296359113031376
6663479610453730983
5028946907203898874
7873801056659465308
4912627810422342481
2122762449748805157
6306613385861900568
8068423301228583437
1783865087097458122
5886662077575134022
6369650517411753662
3681380522498882047
1014002370318576581
9075888082034577793
5766247007546845911
2472276132895576399
7677729267832932533
2460018986985875476
7907053890976208610
9010323766154256569
7019890067234364211
7756732240034070068
8314542313883447252
9113135229620758120
8602214201573843955
5803038938897488518
3482098714789689809
6985307947838178465
8028433275433393601
5508823141530165794
5144913036184274552
6588891620399003815
7645495369741079947
2717898261566498094
7196814600579295149
3505937212529500104
1085081763253316186
5118892921848293281
1205820099576663309
8825089572263523489
4715680753024624379
5049826742633233514
8072934558622077247
7104941881311208451
2064379476941264627
871252135249388720
8266257564040998610
4190658515158467557
860515897645928436
5589377244193634694
6111335694828295264
2787978250248075644
8892189556688382302
5527365770513338176
2253170939314789835
7964890815957402577
5288142863174824300
8467687510227818401
6584372326038095957
7602558576955107662
1313514336226679197
5735208487853455643
8722891203823768895
976350435533969037
3667004837231660163
2204519491716808786
482208610643309306
6582655626257737066
96734743490440708
872164380237455844
264046969761790820
7249757687844822443
350992284228249522
5014399102574768383
5483548045926584693
5799195102650092835
6069396812354359936
631964991878521383
6429875254558721699
7455744783222292653
6573561150713148247
7758048805964390411
1087614236546017791
6116741657187230377
7666657409493717229
8596290808792075963
3003711747275551497
7890796757743385683
5888683314408634648
9041157738354816642
5328442347581219963
8653084971394934621
1492228556547745419
8471388823397529821
482841080712938433
5387424607608926745
7462820370375593898
3083472968823785332
4377893597472376663
9145707774249904863
878126282133383726
99332837242552233
1287100456681879883
5558565609802756496
2179650042201561141
7908542722829714413
4879422294433939032
4652582529460969276
1893430437895888635
3170615224552144175
1013478894591538172
5322433524772138509
1096478436075258122
7616025878112875962
7583554853801481231
936727095545120920
4586165041311651187
4488476716758469889
6760236142399284293
7005879097039345607
5001532433634978202
1321086936855108274
4677448079816285739
7371213125004056971
2145643202245999315
632697137859343603
7327926368782313941
6094042379663776763
3264550122019938454
517540030277434304
887642415054654188
6927469352778568895
5256600526173952100
2774635153716613071
4753087491589111770
4447971452818303578
8058342950914661124
2817876193948128897
4652118383096157212
7433675583227821935
8071565694741932423
6581388194033544786
1162920783852301347
6893811218992322695
6803383715824983560
6156471796822049818
5418415255430941539
6552170123517550803
4631750752556174987
3303464604959904002
7487860811425073269
5496309160178576940
8471954892641884477
2673296529909257010
7307524222723692176
2672619112612179645
5501431641928620605
5722666695203520617
1248401039333290900
6390573283667066127
3526592918642991001
975454948147006059
7108554474001807485
6636583219763755261
672308521169889728
6314974611805444759
3231628908416300509
1742222489638767095
1112479663408257675
3495818300047288488
5611304173568395152
2685778406159238345
4071012198823746281
5650409391857822659
1237532126901969464
4554864688634591144
3860307243391037090
8410230212211180446
8473611810051560049
1890526267003527077
8086512774707590777
7113364837238073061
139347503734916608
7720685136740663938
1283565883798405667
575869355549479593
3552470066629804200
5738645500808825775
6908952892868257579
5245537157184126458
9142552808259734385
8915584288785890697
2917163747033584548
250900467486396210
6420994350606226110
4053486594698810699
4269341672595832610
5777434016041375340
823797199606201186
5401851372933593263
7455373010857957225
2083528008338958983
7961708854399648674
3060318551485779195
5559753453516032297
2033374343087937296
1243580879738892046
6621858175048180830
6685356250935607050
2409071354738696460
601294012538339230
428071051464765881
5462392344602287003
6054959924960278238
5766260115558901157
6763308932535033661
6110759715107828334
2958236626845739112
6570710766655209385
6393835034812181750
5718252559729116875
8538853430250625778
1877945699435837543
6623413605075372374
8978458943147567133
4629526674867176562
3913033278758259896
7844535668617794401
5642576130739420482
3600332055863478410
8120410818532264618
2855570828366720207
7832244804714408016
3840069001350761672
2151577782989362900
3434551102157289373
4748380284170051375
6410593858249045773
7388560074189244793
5799424780087890966
6893387334587387051
6719477326101718795
392655120941487027
1468675485427341582
9050095468927551841
9086845903534814519
6529086189250455638
3155711700935711917
1749465554614213989
457779003018321830
3508049302772198353
1773649671343041302
2592598632022750473
3798897336549711515
7714316561364780913
1277068614870054505
2845366136997186648
7562557976265863778
9040437159751941959
2285972632762895906
8112277022924436161
4085994198631778595
6323213089563016279
7427013194840915717
4306877686318090625
2446706807374653687
8781070914789867412
1731942171172166271
3138531922421291559
3900730207554453607
7885175982830497232
2186782864693441289
1779130366386919141
3996307993241296914
1435760935168510904
2326820957799827201
7171608255515026495
9040180627840661010
8996588257633685362
4873003756004355758
5522637623405440180
5856357620148464904
617767634166117858
6049614985249109468
560011374726608434
1152481829854847842
4514533787672102807
8204645462178750962
6431989897024548046
8466931496600858132
1400436943945136524
2678698341578118652
5744618097292415183
3264628704475766585
2703739597340197909
3360547172141283136
1837231409207686157
1292321613773880112
1108757113787045687
7052342611965281244
4278778315558396076
4736455379440248317
1619740890465635251
493193247127121249
2161627092800737601
5047591455273111877
6771565285594750312
2445148851532430657
1036660348977671766
7048100732160872867
4404997005810625433
6006321041572380137
1742636679770890393
1844989817237075889
4874195807823141254
1815672181736356299
8181711249221088584
8777885296400316634
3415261546159904762
5971697514912598898
8168823985753986759
375469225218500464
5122148470995240711
6112649253136015995
406052273718132880
13528662984728301
309427477294338085
6244545381292266527
6720304408740261259
6375309189225472614
7420391183168748956
3642157033279587036
3828633930962949116
3689321701070381524
5973213176223680265
6952014811584638612
7100601032287235526
7996528246918759223
5064794371472071886
4776817305607287437
5639258413052101711
2246789835825507838
6777482611251427186
1430060859266013147
8323537404545603891
7476124090067416416
7336407468734757015
7235949241018454068
2989661264241149754
5629863655298341881
7939144484346852216
8031532498361981522
8863353033883400806
623762978829490993
1006157468584892042
4593058658189053552
4744979658577585338
4482141694741641532
8028277166529702549
9220475688350863597
363100483787232256
8158566756565300514
8507020095094128236
4925597791464176419
3324059443289308633
3341696134599173115
7279000791849850514
7798388736893631334
1385544969152965143
2158525327370257760
3104304757306078727
1645732182051094753
6962621189826831153
841152465706056238
9128345613273993414
5006626039893062932
4961048169802654900
2796849460517211631
3540549137791601630
856529468620192592
143806457249052224
3534002387936124927
3226031713958514217
6996077807055989671
2112909861134322920
4791689237925953300
1065187189854274764
6915806742321404734
819776819007263944
4228449650250517617
8360416088854605568
8086265155609906134
5141316462127784618
1833955866298076503
8924178492727174585
3511215435399295354
3809395532588331968
3857687826499681495
5332890303822492716
5560246912196788056
8785368274420257828
4356276250654788872
7620761506823856130
4240427049886280302
5354885622947672806
367218085659439748
3234046289685463022
4090821811930056906
6377134810710606924
5534098685084714421
9194392435147072608
3093479857158646260
4271542880741149858
2278833460505021657
8311559285682688028
5905797520133930774
317040886992414204
6175458149748409379
6153552786812138940
872829709979137031
882595897110411422
4810079126338609182
4312642144364562766
6626120536350823439
7004225258195943931
2277401866124879297
5988776243968490248
8230630003375619749
293434464595895428
4116949547728153875
6504816619801822533
2319662251123512555
6548865807477108044
5438348291410948759
3288026670846221738
3185642878087926691
7919625054661985593
2389486483325880097
1596951526595653319
4525248083249927889
8541619235282963420
5190951360962078441
6368883710523801432
8424242423578660769
3532558432594695808
1906654555782706334
3509532739352916110
2969729990015345175
4939225416080414251
164825666678635176
2645738614756921988
8509625697222808980
1415065741893068242
7909081407635573077
4794601758596023529
9038227225470160197
1436493297191951042
3352973749069338941
2187057147116668611
1770677993316316227
9007781445717838044
6983617370333656690
1139674857399795072
6640337904823871547
4906744882464893883
7787689514771191522
3281916484285988204
3735175569227049357
2290849292260920704
8320311843177417912
433062995538352825
3623678797694164758
7427141481085933440
8885588600718356033
4239403225837355646
3644698969929263587
6036925011103437265
