4076482321189828469
4770449885717080494
7086122242442271293
5255164512544921304
4218721964361098717
8212892972036788574
6905971425619115856
2538352448032168352
6266382088302315100
7852792157402354021
2454176771014348977
7389423285364880587
8095291739404262470
6796955950670539300
7596990199420981408
1698537271882815572
8874894579180286395
2363513941139523000
1355577237464348431
3843855498415813236
7177330554750141478
206075340845111224
7873652739836052151
278346271301879077
1025902763665722094
1752665139872773277
678382430947048789
1857190441527533016
819266626367904657
2209942603131220070
5535353793772706558
1491217998315337627
5473419647157522802
4627591325741456597
1394811588334721622
8632690166617213061
4875578932633607593
6551254084418357608
5457112797215620549
468200576969422969
3331059129384629992
1239087049221189200
4968332610720382932
2159155191255481104
8201645090741418743
5455147524220186391
1649944598205543808
1323078689698507938
7045303082561121420
7899406665068931606
1686196663927207760
7342817675969908912
7540851253193495810
8966998974326030383
2820426465375467550
538497860373044821
3718214062840975070
7560562307305570302
9140355424867583210
3891559049633558045
7904251660026824168
949333022737422426
2511308344106646511
9043747365442401595
552206007849685227
2892605570057013076
7786337851775383420
9018944326642473399
1292347001568732417
4674568688336626962
4454643000587332382
1864249817225493477
4702482304760383733
6240867965826193527
6966741306646637695
7342163784127075442
8062782474454857553
4704622168382920448
172995247772519239
444685382060201268
6112363274975817817
7160150233497157696
279836712704260808
1877253714964611395
8974150836164734802
9125535884275692054
794115562422146189
7330410964281348434
7190385599612484645
6718992867903754832
4721489205668534787
8431379350576245613
6511053776561215055
8810604084454233900
560465974572246240
1903118296141781992
4447720775655303324
1817991980819354298
718863265489178197
4531038013403801420
7584791423714221121
5689059089197413126
7044960663652861051
2163080144451204382
3703753320576395184
4702573164051032930
2997807971091028532
3140946741493124971
933222527153432726
9081726126968588885
3159991060584416453
2108157737480319682
6265876556954027710
4312120023453294219
5356479976404111201
7150760876163498682
3489223712098287630
5009541666138271088
9050716752721517798
7210611836292267839
1537307984024387485
8190745436136867115
3847707279713022473
6644088720976139443
2168801081838547633
7721213877391430810
2578139474529910139
2418922522881169651
8085345960754999499
4870373327407472073
4622412448642149329
1176099344900087550
4821906700595006195
1701887793360546578
6841544246013757062
8512098807768084649
3838429789604530820
8221981427812964040
26328975190084344
4187655186024084060
5072379001954005474
3053277827969785811
7104931157923036323
4969775357021735642
7854298159387497158
6458406273386417820
82110102498033464
4396100438533343488
5065964759286650871
3472205549302073726
1201012008521599127
9165389181444274239
7771104510408260021
533190829898462354
753767802822589711
8401327821446910951
435061001958017642
1828225592842563177
47263246620200372
6822550512525745628
8537724923621929173
3973963471129825234
4359047432259830095
5755725241882436353
399415110873023931
5923516535607279812
2252207737700769956
3717865530263269485
3430133022044976717
6797442153886303434
388862470604741280
7265840284334373049
6647807053904889360
5116069833607581242
5351514373664893142
1217790355547946358
2100431118861124326
2204457974307364086
2154352371052828650
8545421967551076311
1982088637718830616
56924681918188120
2355289569357905393
2833164690891847758
3285189812396094219
8595387915769285627
5445965997946751649
5967832522455686611
3658509075559147696
8467511414419946509
5486282501069966742
1962057470561838246
2355725330393316552
6018567392123530849
5855387974845580515
6832436656395766635
5550877524975544887
1536036313761149778
4522358479240527342
8563510065701446821
8059949522974701570
5646274280371784178
2885933388460880210
2504733536684536380
2765966244554467200
8360642497724453883
205045844569929281
6939094332311248304
8950085902596674795
8753067368306941625
4999435213639538602
2583431973433162444
4921286963439135980
2396440060415859091
9015411272348846677
2006304128961701698
6144850813359493611
8542185582234646557
5678725830716271900
1447439121371746802
7790649357959153745
168381108902093888
4623486976271649421
8773581292483527595
711732000227986457
1183446066340423512
3881426720496857819
1307208939666501929
7570802621981472359
2826886846061107066
4597549882629496647
3886126690743953665
6017657497374198148
8778080293674062067
8762625922146514238
2863240692872033095
7904061943905341224
8132667776709226063
6683184354870970907
1097750403592299228
3096564699201948169
6969197712670962471
5070700293965357594
2234008578855405052
1948881087858209647
4619644007153595946
5976969878105383865
5233415538015067674
4176793579797433733
1663079100940601671
8482498646244184762
5186119889131654054
6619109536063433287
464521434995300400
283288375596858152
2839015324018784959
3667239294069834881
235990276931670589
3656793782770835621
7866080709547559179
8996578170294245780
3947807069699747687
2169667510444901424
4079599465933760947
6113518583074645906
1358261423139222403
7125729056395639288
7569848293203878452
7298890399244970981
8333521643274905909
3208914389087450559
2470202394233814949
1168500976078941145
6417765617155525586
8852474382411858262
1186010120769465972
2752108567976155228
1003103159538157444
4521147518925909280
4818311679176746663
6016683445812354941
4331220742597782544
7166843596398214404
1976869037449950939
823115032985663897
1731157213423157101
4790593960279777943
5309225772521518903
966976403580274715
8574439940472556408
1393404977741447438
8490486719008817649
3733242259886122558
7722417672603683930
774318687515113337
7449172982416780703
8652238213510570786
8971953932963250454
5040148313173488779
6403447433005637275
1459094055001064607
1638755383028950617
5902678232548223315
6728491850201851057
1785495606035875237
1448022654976087728
4181803818685534965
7982443818340605423
3199138098265441447
5518404368634530622
1023702371458433499
1518727820718877960
4590256207445807675
8792898932321008581
3927401179016880477
2627693746488755745
4298970413968173188
8316385340858250420
8061231167799212275
8186969688865283431
1617611948993483543
8990362723133753507
8549748797835663186
8129845079617911784
642058860823488148
7004175879930250187
4133537020832065715
6806331307997323683
2446866065145217703
5131350881421098230
8535908053841571265
2047886363547582198
2276315202266749393
4044357500164327392
2552921918661073227
6429282253398612235
3674971743049186560
4153517121012929315
2426328986694770322
536767666883136528
3640049042436523261
8062634518038184498
98469333880651672
3758109875466665581
824895072738261514
766920245258294256
3551665680774435246
3736625677044163560
5387884075245735356
7259843113176169657
1488470776202237003
6970280750445263742
7175215053408452814
3744842123701883004
7878437624496017225
1881092192608931593
2117038540812442100
8294141244162189953
4589715885001612010
2425203919960372921
8684747130032798463
6678001466513762167
5050701259889446846
6229649252965856397
2702725391389850571
3547316888039409014
916318643056747405
2050595593867882794
6121440097037921756
4040287270563367147
6580988017266564761
8857610446367319954
1774087877396342431
4339927261908194561
632777954397349867
2262439905162194385
177190416927825761
5462068440094734179
8546890800330449489
706236971270524637
4252999609208290662
8470668453191448887
4992554257669359700
8390280841712365566
6788305202549078084
1143383068772434472
2636214807599154687
4738564513825792730
2105085779244996092
2677723125916721564
1071310998992600633
871428126327769501
4429044076312688820
6366062042778992943
7398564610972586625
3041611338297027147
5041905146398773764
1817120181933164577
6627950925898931050
6169517078497718212
7502478502224887013
4757944776843995074
2885167620128104009
6698861429372781322
800280952182706274
5907809146723544422
2439416416052115359
2493679435640238975
2442210474408467784
5838742441261990821
4062706213401171641
4523842084127298861
2014857312347724201
1563729758664684066
2751168331448329775
7799079621801451559
8999424106671805012
2878122769993440214
6098197944432113620
18180570852476738
82993561984441450
31892545903809591
7525727331770451119
3094920010746120092
2639599073669808696
6281038057731231729
964629428565511350
2663054366582434693
8627417937784791546
3871869433121382509
3919177133529343121
7035650236578377736
5968872337809759957
3664517525577020239
4869708219741423413
6787312668686694923
3916647235217676236
7864003353961897304
4628149640362448738
4445258448738118558
8264166852846898965
5217884233132280655
1780079759985853492
5638317981501345130
592450658935571604
1104173214537149645
7950967226446643692
2093190225301801551
4057823892568299768
3239093914077679786
509654389660981899
6057964303726035698
4277936988601716984
2415198838661119316
3243142270796199089
4473093847741329419
4131985125448036560
7548621311094167141
8697537105915280622
4355881359810572013
6883712752825350847
8814685908072366450
5314806083857138711
1876433938659230806
1465553605321844711
1937854898074677258
8658211380935439514
3137714348639813815
7331323214337442080
9187815267340567090
6520539356783266194
1744715437702358928
1016822240492169246
1612631344121173495
7863575255411619183
3145400478386995664
660591608488986207
3885859038431347288
6673952490983767820
1911965778804166299
7929347891726251589
9110345716584140391
6422898092010396950
5397004553492381109
8683509540506406104
9136173034026192751
1605035208874462156
2429856331839484494
5536218567729351224
6070317914440990417
5821421843701705651
2499974785584786092
3967195320513179299
8695903256090401748
4471361927825161300
5159076628060376993
8657803471240342048
4366847731321844486
5054319468108227564
1886967969365086455
6238016102679742010
2630272748259922853
8936161156258782956
4392695091373447323
6765082157005584803
6243189830279023927
6876296664980809474
682079876498898856
2419205725963794387
4523142001582793254
4403474736285863897
9136536265745116189
6065277012358290140
6983668056454650576
6143570898447704211
8716746749672931139
1758717477772608611
6308804283399594724
6074146519081746611
3552404065081155550
4130507532027358409
1295615157243125515
6280779415220465049
4246198360374812184
711562482306055527
4282746103183905054
4469351530086443101
4200893326388866218
1237297824080669854
9187472831498568121
6173419251925890701
6993327881208895912
3071605322073911297
3989185513036252896
3592069371930424267
67038833343379277
7090852793923498729
4724666271548816157
3962836624726246766
925419687529170731
3918394004706712122
1066918581018348695
3346155429634905892
7212311810675128802
4212244471820930801
6772386498163667429
4240076351756399762
4767734435201853135
5325864055793222265
8963030417085984272
4091893420628177141
1213712563494519010
854751032410251136
2898213582269826109
4685523905990031997
559220896474602369
4655197681989219165
7038606656930575087
1737387098644083402
3496601941766663574
4583731552584120125
2077928614697866890
1689895501854663990
3005300028535157046
4414852691019648044
1085007842753361163
4576426239696378553
8902711910932340023
2799152889149505710
6466135585887513752
4187011350424484859
6774526475993573910
6954786664415331838
1796043174517743225
1636996297599909133
2908979283457930105
8740628088682285248
979788178504455813
8021686357839804442
7490444847054635779
2586269027214106396
8682135919556402566
3598239952537795818
8863270976203990915
7886694445936805285
844509534303698359
5987717877748680191
4972052249154016953
522876432643848047
6312860087525236046
3823975051891161452
899130296918200477
1246636821302670803
1825926832991009168
4490106630108333852
2476155831113108298
5951475090461377762
7951520872381369025
8781744953905050955
5768887781057239572
4841324750047936519
8467400557804649198
1152551756040096661
6947879097602927949
5888204915360797055
2565817703703996199
1082232552968622420
6629404239850901696
1976360102260916921
1537721948636682045
185309596703074811
6645050951055869039
8749660638919925102
1322648431200863309
1377614929215577042
6364851422182966772
2387529996014243794
3279071843752610491
8156343530623174843
2423585383323921908
1310209590859927052
3761502237811940956
8958380385058985229
1139993318527747590
110422654730010934
8530792290872801245
7588697622117696240
5832396142391382895
2087167533454042817
767319243793718443
8572487515464069030
5615618648667334104
4177869059833146198
139757524125071444
8535191908041295183
5869967886257351503
8439591856097076467
8238079185162557129
5038534886354746641
6389738290214270207
6678186919609339391
7516251685372643378
3449605400325804400
2233194913045396546
6185492493930901754
7231200674611962980
4808127838877617530
3963837083781979859
3501526954383383585
5145523027648208693
7621223631350215283
7525163854217092424
6161384495490711028
5902944207413834470
570375106035181017
2814485303375705312
7066315469926521364
8474501866476285844
8486200744742343384
953694023937874689
4482191451297047305
4925512244620463642
3216220986289766385
4789525061833575703
8431990433633339803
4346027464325496222
1034249055557775180
6079444234144634985
3990944361034449573
7553213490505420275
1637495510520790364
7180156933748616277
9062122648554731288
6065444317145494625
4553517066631692665
4177514621696836426
2150058080854632476
5254923952770038656
7772058963949037899
7141898720812499092
8734547401466432502
185579744200329671
3957534188534290455
2902116651001253386
5092215655443501
2187852560120243440
2008415140724885334
8863531606424147592
5735857818443833447
55888782521290012
4755376484958051609
5848976743742072614
9143716455128168792
877109124406587639
7362303510185158025
5492740894528159956
590540841795099116
7361088279338343483
5489045371452701534
7475683205126726405
2250286414181892785
9187883912357037786
5774987729263164501
8366897909184646445
8853642217397732034
6687735603298938154
8195555538980821659
3231127606600868726
3252999721029332241
1738235862015761479
803711461558325878
8331902960938843922
9147831612789151488
2038602787083151689
8358830974625405626
2713302287139286218
5496672071615158207
3752441719519988057
3212330952017469327
4993471746545895594
6405310248755095770
190931832117635161
1166482753386402660
3998878101759269529
1844133933009530978
4105281704468458974
402438638098611347
4780450254820586574
3440467247023420726
7979692405161059033
4969337995215530776
1642966150899052447
2853723200347227015
238480190500485178
2010236394098760293
4176780007757362402
6746807266066702879
6087966053963994040
3113954242974764808
4256746044675669901
4839602142000360393
4949495423496423334
8476542038253875931
1135597109533021206
743324828660547160
1043151215682253590
5800286530145257555
3712582220510848849
6198678306356781475
7765522766412022530
8855634395453082930
5304878613516489170
8370372052190584119
8011457994224285053
4283074118262708071
2265490814442272013
8869210102794454835
661149512173229423
9078190178615691182
152767682427946369
2963047161737946848
6289986370551940935
5248273699033125560
6256482845659723293
4328200378427349269
4014458567133379671
6295081731761371568
3785714814592314665
9133040099190202227
3793478866645396335
899200936349505031
5453734578981251495
7810484504972366267
8490223840380511966
6348138278523192338
3142922141448983865
1966765208404974949
7153944627610326083
4285658077758621168
4300731682030923026
5798149710106480098
7770720099628687529
5740932357130739612
6503905855146988223
2117622203197704467
8219629383411118790
6305717987150951079
8125659536166534827
8773671431591119259
4114007047130514004
9141968974291442482
135964294623065022
2924419943995665369
353101493119334250
7263447679698812126
715916453924836937
3490337737939982885
6197844983376022269
6244803573745743300
6825076860479759653
996088681657621259
7092685798926250369
6796537451039558948
2500924740046659780
8529364194970045690
7593963801314438639
3329323541882923909
2428646858050350029
5713313113715163455
753414145529603131
7229399808233352537
6728802869280713966
62690148398848806
4123439849276641403
8006012913329596999
3072869295376804879
6742007142127294619
9211679685460469403
132446434742054065
9161363315195535742
7164174495617712226
5117903291287293134
1745962509192910162
1013372197132894944
532526108874389759
6533476863126523036
4345652703641572911
3252801227094409934
727602005376696257
55312621406092778
6588815912559326874
2449119098872069859
4680048008107087086
8465158273080977944
3385137554364368819
37326086981360541
5832186874596264112
9012402573649144691
4971134533497314828
1370711700215800893
8457420167751626282
2338406774441244140
106004241904771039
2867701257475050275
5683822215848024165
4414598982431526937
2893793578110042453
4733560996801857302
654804959274116768
4587956345792867034
3213796757359860865
747195408843238281
2886716817353455917
8563238905319490261
4692179420716694432
7775033532335229551
1302978040289816778
7145821055326214239
6030629423435352413
3383455376957337670
5436573684149317353
806164808240706199
9151875411544021005
7491214345960996333
1135120573849871066
4903430604073506424
468635505683792539
4263312763547803824
6423962900812855985
8121142600906279186
2807748301460354164
5671891500124921053
7127149204196461975
2743681769588799999
6813876814153751842
8451442155285067642
6058028704023058050
9097119304448247614
5036020097937811148
2250733529047563565
3823797820151651474
1605462447817999375
2723732069406148017
2937418164679230039
7648154110594026483
4047436120991058574
6140960110377609972
7394298375027931983
1472700127925973508
331001555557682390
5255940881202561430
8979458563608838740
4154742596747079009
6100803551139704995
9070728010333459859
701984751784484136
491061222145528190
1503827632471458372
7797906973026843086
2098567845149042990
4331441778140291017
2861486220969156154
8216492226210499146
8001353692119864008
5364200544775808750
9218017373006634977
6543204957130708719
770913926187583982
7508723269286302120
5118898051790523974
5743198998509632378
6824030492390621878
7837760945190357935
1636618701440098548
6275323466858472993
6648743498591245847
7751599281679927168
7209194865389335253
8749928495330840940
175012009468649397
3533363979248212632
7428928133400264062
7773216774136964438
2696822008463612663
6618177158220567036
4999243626435147495
4866541859424342093
2187987055028664560
2581475989654683011
6392692230907408742
7380974909239421820
9128259605565831532
7957869903868124876
8615728472129113020
2508471515763011517
5663087051434984088
697503906399898125
7744526450620135260
6393913827873078420
3310564257824524573
900429697454186569
6543866279695522800
4759123707049256702
5312467253569976924
2110302017906769784
2265079598394725802
6602211984028631153
8193566109068215926
3016777102880245116
2248527414735284148
9013033828236704237
8596954036687299413
7908818966070793348
3062841045386091940
3922205421244493231
122046226925250003
938587727322647235
1493562991857680504
9158133310565507182
9183630194133338148
3385001693271254788
4390923406085074864
1936980975130221605
6872415025770493709
4919745951049486759
4510060303275004994
3302313044366960560
6823678603363180680
2947370324187146315
5641242101684545962
4367365495449424072
8191770762842552105
1799628056311359611
3166605057238640190
2015107469370144772
2673055789446310449
3183813142893237784
6211258197809520987
6321974012811482300
746271379522388282
7571054868509063287
3885777675426682108
4000675767177955864
980901878486151639
4570599364178802293
8471350376264825169
2744839758353676326
3388458546978920480
1960598703475959297
1265854292429742099
2919350524377577815
777264117711771603
6136854815318330066
9041525056354250457
4929496345943427891
3271568532631398752
6676601227675991093
2915444932002131611
4976709830796228475
4831482714411300167
