386001043120616420
5678476121231107683
8704363304827897074
3847560792699296576
8737021127673996307
2043059824366270629
3011505837765169635
7248222688747416168
8826975277471925005
4778503420585488675
6034998289194655848
372417721139196708
7777378536734126271
7698108148019251792
2160723480765268442
8713303800085238229
6570326611417502595
7828976408142424526
2058561399872791026
5849658557452969715
6686874272349726730
1591661877196192793
8190793873935179794
5459134288680730542
7534429068397715867
5736268780154859443
2680343396377110525
8067721706993927923
7912957118890443704
9086884896441357450
1988019929022641134
2328907044382848887
898222100056466557
5616991501886830368
8830112847502536328
2029235437212598209
1307245493013720231
6726705054004189158
6449624433558831595
1526793027196435786
791578373596619853
151686549792872581
1658923555598964186
9072565966897226435
8717618271073236134
2347660064449042195
2713703783874799026
7458838634486232625
7163782527009334004
5642719514750015407
3091867120594860894
8692804709036695426
6147048745304748780
4500335225016871433
4248951301706692600
1444020995412343855
1690300477708186621
1619373063480906995
5579657534553574863
6547125507484474759
5580022559247410775
7326752626735573543
8137975674808340140
1802872600785232458
8147505744821317328
6690059939521637751
5403063948451773839
3280065404614769875
7612716530749519020
2187540018554957479
2141994460884953181
6290665466572516456
4594890221460591396
5314367025835141071
875662665093440009
1746588681687733643
3841111712218615957
3327512747813801310
1797760703861679351
6963250057950711835
1198397300833330863
4749244720022670621
4442095964887266200
4518517280294977725
4218205709084470723
664986438060967707
5976489810699220360
5523488178454831275
343186106858034732
4405150808962009432
2256256957324538446
7394547660434503160
1335150710989924653
3960174075238084722
3806807861941311161
6058405697023690848
2975739691920967976
4489563263716149121
4014018630622609776
2867695734382379746
39372969772513770
7082590293609176706
757037065298929431
8419327730446692270
1042369920099570160
224528121806182774
1320776232641083159
8101654037363078484
7126524547446854512
3154996898927445862
8054297802150491153
3102836109617813220
8214260927171952017
890565114754276244
4101270240700151889
2908658917768785979
4192851234110262463
1496351026940301862
4024079782926453933
5876079711605164588
1198515534133521148
8697461612717273778
429927364074421792
2909483242829686331
8384476803435184147
7014435939783881435
7881364043394379266
5397674302503710174
3480128617343540786
6872462387007094304
8920519411699971250
6117371958721613746
699489486456664705
2779476662208044840
5475579965024304769
3941594175721789630
8159611603266458414
2143875096799257489
5358694414999605314
6747770651698472620
3074445709811452537
1548585378230766944
7526619653704691294
556018543465932078
4745639184590485322
5517532962419750901
4157032620075312156
145684380090070494
3896256824560304579
5433512677531802047
352095448441399487
7026538174020487164
3540024552683620359
3294162975767121588
5224809868767447549
8696058705150094029
8072303145228012249
8248365115077899578
718621511588415658
7423523913549338372
7812032128698318093
5120134983188982920
8012577533201485578
5834694945268955572
5971659244689420842
8204130888671967661
8312801746299463123
47409765992972838
2482301445403249441
7851995780447209738
4837733017786042891
7188582581850369823
1578938633439917310
5180689609329535422
5141024498275830393
6439512439255036534
2875808881221065702
4711421031228248034
6701132014068847608
6717377616217595393
8913933573955440513
4925598259059282009
8502855395808902158
4762374893371838410
5863960676564412539
603868760612118100
1509969814916170572
8088945219690011572
312457091600456447
2776718835133169022
6140065735303606547
5577094347576696783
4172750625277255636
8530748826037263420
4081493377623697128
3794319327944592947
716732865308714767
747804692077650149
313711005745053933
3904018195082016097
9032149790614715649
819231287220557768
2888691710178851407
7456594664646145811
2297744699970941013
2080202395366943253
2022001500007605548
40394389063129387
4217924099030075613
8914697875468559607
733623851360223953
4030893984479734190
1788731918233177094
4633232422508900534
8316625921715071058
4187810352250115313
3225064250711289340
8642506341250269261
2194986592526151230
8388062846395883872
8993003398006762427
9058623414446458672
1299500355217842611
3215259106959526997
4800825081513546207
2956122571838038257
1644893587103215081
941953283872119108
2253955827161271566
7188381696690777351
8454983665297828117
7249837063834051842
2519690748014927396
2646602509284760645
1479618561592191241
7317052151458587769
4815718836183828588
1955260216011223417
307084321556724611
6402947334230225600
7106186790419608953
2322344648350977534
3017717819236064489
6752645560462626550
5729249122047106426
3219089173056889584
6544934349053128934
3257041115172447483
18661773855025169
4920686230821276329
8956533248100926642
240391759288659636
4037615250132448319
2284189176871038250
3935354692136009111
9020552203631712815
4119587632183911944
7418911180125839476
2808877931740802401
1512464557115826215
5425739677103199179
5969778690952796031
8057949214751864695
1928311278572499381
3132518235883193527
3472540898187891814
7993815817371604264
1185594843995322645
1491135075987602625
2275216881552746763
4098854442072767437
7842566564342727579
1333244727348640616
8648212049228001701
1230644838792586102
79521622947019606
7791937011766689060
8646213727914948443
3778617010477199338
1273091776105760015
4482780979198863421
4247165947690177111
3708161324897455134
34269548971480992
2856248617561926193
9150113339084675067
6521089128754940051
6620701958337891149
5685989965505077214
1754933046261820673
7440076578006922357
1192778557710259247
4389475983086072971
2304408933072911222
7813611342482388843
5469696893106491009
6731833142427434795
2812994866671851965
1631342225707107410
828171924441396836
8499484545530086014
5485780812138483498
7285825344256106913
5728963140825396437
5220129605446987202
5009099973321977793
7182779641151321082
7800601192272942553
778943360772042866
5122825925279400706
952723172758434290
8056277190575389894
9166196031562629271
865602405659376358
8381410961481778223
5242690834289145698
7537866970016418164
2084751078362611859
4996780051514691925
3517904147323220803
8115095137583512570
6227077168952777252
4241803305262676676
7028655406310932092
3368876853399913725
5071762893446866702
4496843088598775256
3135939647506729156
2470256919595631488
4465295282732457939
2107996861211333124
3629090897131017244
284099944354012647
7834898164480417096
2277037545913999751
5851569047851658466
9024113112241056751
6776183562474696725
2059084753665432546
1808594102913288602
9041128497731268752
7070572072362150873
3210936517673762870
67390567634553047
1746175888545374091
835427482581734336
5808478690422422472
2288041960353713660
2754506553109322281
9070551336036210897
5035339932935498178
4414245288717507770
4232659997285049380
9121405097922807661
7014061571776369681
5043893900972230755
244310939074735267
8297946374771940522
4215891829044784766
1110772856947788628
2696000536343575648
2348769179143710453
5939067092537945971
6090014209220093635
5638762725582580848
692630099194087089
4990884470827651292
8797814824187265040
372169824126837320
6976434595637367166
3739884297186959004
4489554391310567422
7710256935305299586
1340609702842044692
4041956787073025257
6230144226522588627
3043999769392447182
1545075496564550949
1460455726124467371
3440079607903996235
7453418009877932973
3335022486842424266
3696659190044612442
1503414531307569124
584108299073921563
1701708091015361241
3210409985772639758
104859412354570596
802825865965408523
4620225288354881063
6305793909776300531
7935967357437350056
2771205222491556040
9098686525851403933
7576789651822878521
3807847143333832333
1976024182072849196
8351952751166733746
3336159612474851841
7693954775261933601
4809987850812936120
5484407162304858719
1506477948678689064
2823674207570083914
493236688897216056
8238192745430939766
4180532012114022267
8815010752781534994
8494024414451893252
5919841584203433332
5511934314851280937
3262736103400101767
8982475163801134181
8914095962352284471
6936199412536318933
9063230229882653526
5179143738465778485
7604160432433180070
1927057865504934210
8838377589275095499
1637379797724833640
606784115934774002
6890567160036447199
8545307535576791445
6818042982511252697
7808284328111827855
4106226842481354567
6725508529676861142
1956698994158823095
6984002725955570564
3619897602300196343
4735331006946712987
1831507730990628474
6088174575500473002
7081694260527900172
8274694109710033577
8252609155363860264
342799183707563131
6172288745873893668
5971792109443159198
3994901599629612501
8270631814943770121
1094141831349279424
6173604793969400321
8962358071629517856
6162732123772088720
1113637398935052005
1092288080077484791
737224653932654866
8776820841162832424
110958475536590905
8454936348990095553
3450879453078986939
3493794167583862000
4645747656496357298
9125320385266141481
1202148037591431638
3703806139023252086
699965057684034276
7487183862477891420
8129249719798415539
2800748229058751628
8280836399164692348
724255752454987734
6889081916761408985
8309405719262913041
3032379109456541957
1178917273946717205
5051098738072520083
5080560241917195828
5758060570411328660
1226499706266662644
6286791082813174801
8391082831993306971
7397296261014059989
7889240133398703346
1271803295908103007
3919793245071027907
3248167502830010336
3356004971008331736
4871532456321094862
6631495834186504122
7424849345134782465
4157690316248597639
8768802502464927589
8649374211044648195
1156665221551162744
1824799337814673706
5591201077766073359
147394682314114858
8819874168491129847
5069396923943173643
8278979942320816078
8772152828555190727
4495417517034885931
3559279520245519896
8483006831128763329
451478813664146145
1861512722928752313
6197038062796944697
7127876907442916168
6493676725137959032
3912732537898473787
197762415158241671
7484769971366658763
168288564625859641
3184149385723971141
3027064790710612505
3159330481055648363
8691701895069007247
7662535481198679075
1247795100262024981
1412126226609545679
6259331347991190123
2916418910854343320
871668058650009964
3443814582781021900
5615066317586029396
2489227135665567080
5934476568412612440
214476009434760659
7804290938052191497
7683120377408078212
6546809049538795658
815327091922536300
1194985042121978295
352128866565265692
1218440124586076324
8990864411512601323
8731633983825511481
5979027660851977126
4227445774666460357
7165126961036391547
5841787642893595916
6538998945227142233
6473258860186126018
7446983754900652602
5986728321211351129
7434392885682819129
3585122204714879147
3467992380023360532
3137095722132046915
6550075984486779599
1132906966025170440
3547035398510221192
8180790692517857466
6688433462296272449
3462576177100072523
7322176988628650411
535716595187443036
5745490299060945825
8598002263216610183
3152847973326519635
831906660620050333
8459291343226038718
6322108315905367544
1372419386003211297
7472871254287013477
3876979895043462943
6821101750695874130
78900735903087952
2972026816467031852
5579964987122122761
8792739266100167982
2141496494937611316
520249784759336371
637560563425475256
4645707974583555779
2035916846704036842
8707745102515419900
2549069767591758375
379077075046877924
3238408366597568999
8959645905735370785
7988470564392359551
6285045636975934677
4304185439939692660
5895934848282652944
5117571980326228386
4673393397370714189
3933662355040410295
2933330175168529242
4546177262359511078
3916309943279407739
7598279058778448094
6367896905959434052
1567003059421283022
1269324458524708296
7369178158446322355
6968983825540451454
1427963846782165421
613368285812272
7111375039017209267
8051025829587520310
4783432646609737029
9203956985796166103
1088061339188444467
4445191529518271718
6261955533431490495
3218915578181452643
4556893955985739549
6994656023735044667
787916522013759809
7640366584243484045
9116995917704139999
1121040472160189451
8521586664931829598
2663038589034616171
2306673132227990341
8505104380214178017
1400372318319217493
1572733844484653045
3851653927279559231
2829262298641662579
5095422724254791233
2814539758290912067
4845893988220041722
7781174177740029939
1207845203720931044
4362485190301772935
762778071518189644
4915230033874590723
8560483099266673318
2382294507498224965
3019849660005156488
6291221397157840406
5747691618521001568
4477563807271320603
6635555778168423548
8435104813009915061
4533708626597895256
2526948860587724825
6847041637102648071
5376343932720686173
1193118849282862568
4628652174573613867
5953527068806675277
7626782654605221982
3021537143576935976
5889106570884117849
5191434289219319600
9202282671629373648
9005670032849965375
5047129790200679235
1992887408459980772
4936509332009355373
2867402730038480478
4833535160669645110
6381830776315461208
4702923324991411368
1394269426607001576
954701960342927697
5787739672353038430
943749756897956191
1570489084473881083
1637069680199170638
7146134046057584531
3675975419668782457
1171140763197280859
134086694222612730
4605194637371442029
5051777167672101123
6064246283767224918
7996094387484487152
331968384063481243
8350862757045130903
6422439996481102884
3933440174215513488
1911227733214630068
890627820026413528
931453315097190396
2260293320441393361
5160642677928795544
989679762409934151
8764472566919628594
9119194479428208084
5011214226125041393
2635231149782169237
5305486175148680414
8775422233574613663
4906005741761900257
146315042690557453
7666430265891166975
129673990215121086
6590248851213903077
1556863830808037724
6653973983448220498
8134596713369649796
4589102913050548339
397867666498268877
2899305675873381987
6145263574589404933
279991990481287398
7613869608424054000
6130272294389605277
7233753266894481931
3727086307684025069
9074299939835791143
5979459951691555207
5441377553471279220
1462310568060170056
5763506856100134256
3819036386124485604
6595637294221164319
1522233808086300
5845526361613238250
8955870309882852748
7121067230300413942
6133912366464434475
9009646220662789695
8762126914154255401
7214658665973463828
6196320231249341972
5315677832270695660
7148913815452072797
8220666378796133936
105229656042070375
7793283836925233201
42196196535126132
104526289252228214
1982853194831761035
4838494894632806755
2462107722076842595
4303809709646853368
727915339075621607
7474959236005440872
146501842334250780
5844263190629878446
8599409961128639451
1632075401665853430
6613289381852938417
9084441861119218423
5278247765406997047
6787241726338018997
8198422531562461802
2537592979653457326
7596718139462082038
6586229291606604427
5203405641129750979
3731868595913206662
3958393936154762045
1303306666242049044
9022154417638985458
4694300136823011266
3370374803065920133
2422113460958004307
5915481446837003783
1248369933970736718
214453474774694482
8798422949612794301
4475811788536959985
7993806687420495658
8873537933428082637
9028565076396407018
6777180214276574616
2097734132840311236
367830956925623878
9120897950906327076
6452540348210359551
4696689774234783103
5118962313581795294
1592638909678745100
8843453387464208887
7668805276864366288
4094390002166297413
8997601453909231736
6972304705249753291
3084077608878428216
8679414503434502816
7272212327475473099
6286173758933101717
7833171967618173155
5177796914614136550
6217306616887603483
6541086491130931870
6395033983301723228
8049758195605451409
3099130952297925846
7356871146476229464
4763088019163888451
8207754400040147927
8300354979331478756
5907842297469267973
1314972325564968969
5959216131490273015
8113258240678393287
3753336927354009708
2606980447955008025
5797266317709291973
2723297941735148250
1154069174103091998
8353187812229979619
6538345329024730540
1724445824350931231
6669864120887427261
7995577469008534659
100155847817188872
6955392827226142847
6772079389698675078
4524879491842521328
525816913768563936
3848985752281522643
3302581274915328620
6695760526160691893
4975250466744110506
7478837966781445480
522433801120836205
6347776698987082074
7292490147406683786
1112303428224728201
4219950949002721132
508765548798984334
5665324600081822400
5489993880030966080
3177490111195176302
1544628046662079404
824232804638954239
4280659249870445145
2988312640142815848
8477165380529449543
8095808599608973057
6415430873488945661
4723526947437558349
8970554549772235165
8017136567612103636
5347834565852670865
9219969507015934205
8228922704378025337
6157359693497050408
2671919741221053908
1464758324391764666
8677804976557009150
553852285679136579
1723794323006303033
3913980100339150960
7833920814283394327
6757748925936169525
1373108123380663625
7770086848593388213
3157251311440402652
7292310483868316424
3515535408296228083
6801425217119231861
7364788603775586963
2334337291058101341
3545492688154293610
6139221203110820577
5871285317957192696
8607390285326912211
7321903259175757149
3425208371890503686
1623449065518559004
7892482570427603773
1255224667238763421
6190371290340976725
4564839036214536247
8836996174100684068
7331440270024598928
6608288665248093688
5604618309553731341
3553513635395746546
2081160813727555658
6766163992317388461
5547551478966077365
7419524548411651748
696880933903235860
340118349848570717
985800286858160400
5950363639894186326
9146010553940309162
6373502808090771099
171101732459908214
6691456476369344457
3327337736502568005
8180250867730367312
2279051598001362434
692211428941455000
3992478322922131628
8963607036502917030
631459355425694406
2087878601407842064
3537317971020576443
8584626003161197623
9192309330085906553
995575535544825680
7630270937756758569
4102354074747422594
354831666598878846
7061705705981089178
8554055313117496856
7815443726711510931
4064093821282857237
4289226492531672194
7283867200273129695
2312559955357706064
5023101027916974724
4137227553760045638
1236554201157303037
7483999954868099653
913795564752298731
6781972740344231825
5225795083796036583
4681429669261630262
2042169732170554243
5339943727259576790
8478383862809755481
6204515857162083009
469231357958172774
891060949857321557
4015980376208006382
4132373758575842611
8241666749023923178
1674834507351319834
3150841893515864874
7779511827047540393
561241356767232433
946583678625304133
2945610581218415062
3769414485729969459
2810226724746333941
5699137566329021468
5539869700942463623
722242122425781258
8932136396623419740
3039453038705539556
1561147687012954547
4461653904221176994
462212185202617845
7864146849151947890
2164565314465485399
1481258789124938741
4540017616597194584
5205849587669479432
9102037725970217285
8187716815178830279
8534503203362856406
3238017633362169283
2439965245274814367
2756581617321372339
6706539940835115531
2544966301841154776
4188265279128629819
6742196867878071994
732194390483471339
9036476882916090086
7219727431594228090
2798273865323222753
8582229027796121538
6966394514935583149
8222150743798804263
2702621717416722284
7051662063694054505
387477679301572191
1491112395329546921
2434357003044271113
1197564782145713448
9200225326251331983
2402216747294625447
5971109119525545494
1663261943878494070
8032629774437681649
2379792447972142212
5441761567470499632
3143616614948117254
5219837912506569647
4495883819526072164
8724642465371842628
8826272830733180925
359150409183416576
442781363367195232
5940942112201108970
2394850640419360247
6134007652665366309
6453195038887821348
5337949643432623488
4191206210251322924
4348699853003755677
3741406530995045304
1111708716069029864
7442755208333376526
8461676933142458634
952497116682683924
6016418410330602514
2582754646691926775
8759734162538014777
7656775957373809343
8755757440174691895
5378959788475229962
2332316828783782394
3801888846086682817
73326331378026517
626304495609047695
1806234380267589455
5193263180604400793
4943354306987377351
3264933588042251118
8924034998001734431
7033709248851922138
6187554556588015120
2917707064825806820
