6381975542276717453
7711828203433893477
9055628245489735029
8330274518514228672
7439709945490086674
4393890193877566429
7529734669949361735
7788465418295825332
5461735924438277821
5430422244918470665
101097094821069853
4032379969989345808
5706753399877965841
2346202180975835759
7000024658575030810
3891994015640120565
7444214590871658288
2469341679973000542
8027496874461377485
7252444403957274597
9121394892713922703
3811678151332270533
1853849065650604543
4350903262624732793
5364442835565840467
8037831886834875818
644543633754402676
5121744071950511608
3708529688506555247
1721374404138450655
491516404716883966
516393090993881895
5248791013428761857
2154426249004583465
7280801922836150469
3444066239282517977
2512382076013616214
4919145652952293994
5367849764029548555
4712416714505769833
6299731112570168109
9063706006499122565
5957502726365149911
7925663903080833472
2106081436699259377
3950286355603994963
5507118064023747249
8722489391349675847
2879800405666711471
3276904185812553697
9169417428525244419
5852646621252258188
8570021323452096319
6179187697142390780
6682493624264345611
171759562877086837
23237351120878370
8636785985177086090
4375556586757073266
1813922906478221267
3805770947702109763
3436494759973788192
5972171071485703516
2360971885492249155
3271372819065263942
4342537043478783691
4519369968401799427
3415090840507639749
8341577044864314953
6577089891703715219
3854480137332872652
8462708557671470624
8671721230336265714
5770827506484258127
5776327495139040713
3186101340479921997
2194760472849391528
5421469056044286834
5764631069654583611
3157482418763680686
8955678788512649638
3515735599599025490
5266139888340780686
7669703044662669000
4235724431313943024
8620683473594835334
3797911766006555318
8049028199650015930
6267509388029751212
3164618279737277064
137499220270131487
8662172055772608709
1241674334839703639
126788619840948808
2587071292715846166
5164087943662791451
5882033815181034257
171012069251805087
9019125286796695805
5022153375433002973
6956875639938785824
187815419144765461
2774260571290169636
8765211843086116751
2843602769870154829
4507452071566876756
3251068298960725646
7055891753766597577
4478067940282189928
7794143993513880359
5993200914381396265
8076563088198341525
2418198725823759594
7902569095312719863
2850419242704470662
4631332005854330718
4845171621963810068
142892321948630513
2049795076431367590
8777070328228881198
7811514354941955491
8549515359999873430
2484073176903541106
3809527868017088772
8825625542073441196
4188647486039692816
1489234417825128701
7104598969197091985
5390334162604462494
7029645641734931849
3455027962418978917
9183219895367453315
2820879409624095294
1249028198518988064
814841195608732089
8800686627432508595
3244619459841208162
2042049820086502179
1158334302859186437
3091856148533300480
4523961319688689459
4834515866977598555
4823978975531843342
9045032528391189611
2876541700588865839
8449614044208773403
1677312259440120183
6716896306902114425
1546186073380946868
7304627484282413703
628339409735082624
5058679859558876483
2442315198243643231
963213021474101881
3711316470109325058
5220716431473163194
2188427404983533509
28290359283014636
9103426691551394565
21653104981007426
1652517520845478273
7545539811809496181
1581457595913265480
3760395784578502426
2256841620419150822
5468928557944548301
7723771199524320686
1295609478480274723
1464505796042119308
239902475883466501
3030221144962411770
3612662620640867982
8907252917663125253
8647618655627895419
3496292449003532653
7436137596106161729
5283964316744240664
6713871306296246138
6946206827670179442
9046494914124974009
384116752505303109
2739637685835494527
8062140617777170757
5585891257737239406
2629263561154244207
9147210079033823765
1765751263102242770
5333918186009151737
2623196773937583519
2461539273763421303
8563042492576773317
2044362148124017484
1305999708777904024
2222224637474390840
3740797498369023435
2427733856903102565
6231083483642305682
7538006725945157352
2104612845278384686
4945212335880452181
5598844030011302091
2044785762903521499
5304190074743197169
5543717107717849417
2877883414872788858
16003644772029314
5023137035511928383
3333804952145981699
3755885615401706802
3562828630630808413
8473202333571909656
6204756561559979281
5053065172104966416
4904424083269372975
1046466689025051315
4217880847971692166
8081709622643791933
2177106805242808922
5355347092605401380
5193085285723476361
2705644743349705295
9196788629120328267
422613167286614507
7664621103952296478
8325107730471455799
2909450251240953641
3640008195492686029
6168581979035140283
321768311220569117
8981056956809050138
4322463205529484923
8693594060871427759
8784163636297068676
1769064418257085651
2513250118028796206
725105386713465268
4028902904504285882
7777011298819987936
3967697034718584774
5662210371950846882
9218886023999903588
1767790490990523815
5925125991173277970
8875302983034912758
6385080160705485919
4725254510912723123
6679585986157760055
1898580637041541140
5508448287866205487
2413238271436438642
7001442786615017764
1261796250789424562
4469261429169447681
4980914424263476621
1946949920767214290
1328705265706956711
3128851193403979901
2502564525752163824
5744888013008589283
2898530716303512412
1081739547406750999
4100109834119474505
6587053631365033632
6361756846356321820
6285793147762633488
3278102759378564900
8901328978192520712
1264670940381436217
6675367718919111135
3568509113915271153
5262283909244700721
9075651150990735598
2518493011729122543
461715202945279031
6175512527489090286
666259942207631399
2149718998467005846
1694766144177529063
4270312645820600891
8167992843179453655
7062112966376544494
2632497236725533693
8160846003932514764
359960883543678282
5243140176745174368
8840400192766253057
8341017372098897611
5519782927262424809
6012823923317215734
5091364102045607640
2918627175872354746
8301598901466068002
709228074045219119
16196820825185617
2149080227438328144
1267296262508881344
4744538639326227855
1318557808578915932
869866871565807614
6433336259508930907
7772699802724165229
1061165602592926791
3585173647271387010
1396660276119892022
8938259066829845793
8526433016032200330
5409318935717549711
5338139694217767696
2861390363193969561
6525981823501527489
3277150962288110937
3500422961428455833
3404225390160679812
8707963965814709485
2764583515044875823
3365673536823369153
2373447470022839599
6238404693577785222
8623250997751326836
1527989404707054589
7304578319857276628
3316498814577113845
5525798244437155321
3049485248195811570
8668311380782665084
3112720118435989082
7882604414048846718
2720064544610436120
3490220860647579222
2113772128078820312
8377162402172099262
4931838460479455333
8398800062315229914
5814385731472289486
4731992392771580542
315126845260887007
1472393259635498134
2519412018451612236
8622456661776606632
2492494284524078068
3916992729966858441
7337189668405550259
2531652182101184762
580043676730538495
894519682564472661
2230081051849878301
1482228003548623725
5046648844495603148
6363807747377008669
2663577762363460945
838107339187152123
7336818481953096537
8879529168119118012
586503012617361075
8528386556412934784
8617220203085426125
5098764637252185430
8666754392227792954
9000146400644590473
6836980223347631091
1912258204683892410
2657562053343419491
6616716911568648396
4975420428386178443
6259965890799137819
4057466417406524180
7501759008568973466
7743507775497718503
7238956243682911280
7985036785107487144
8085946851833157202
388442422705390443
6089620060758833438
6559432732081273915
8696839659416987216
2580176303024966082
1127264831650782065
6503816822442764553
6151179498502045609
8101672666225354855
2640917884392854912
7904356083433235303
8956920733097282710
5313459393592322421
5952150747738250766
6808162569957241541
1033165415108351441
7417466055841262481
3611565857818768600
5472456291442850771
7443660075090046600
929377229092285741
198258460718853727
5481097561614401648
5419482335686227879
1770877124209733648
7276646527295511382
1158349373261566289
5549280065635750331
6448911449704230912
1841771368670080449
4025169485052039615
1210812359935398205
1928304946333883473
4571825885474723334
1690306440395724734
2747553231790204656
4083453997141186443
566184822694623841
4793934077952434051
891846995059531716
6031263967757146023
2271057611768198295
4770012610290787617
5663903432252513345
6227213398823734007
6272901014577601519
1746741263923858139
1369627263608026660
8574069800179215386
8786657718637433067
8207462115555984520
71742019382192662
789945238559757523
3719068812015638298
2454666173389074438
2682891713153587624
2082456389258717768
3758035941714444320
5037917931524715727
1836526213206806585
1831040705180622057
2215902538069740514
6387022841178031832
7213248468610653674
5815279286244866997
4750899552175929509
5596232755586850242
4810819503994097722
3666964724902196747
5578512204606143492
6852961615984722579
7867154115551684707
3052407514249667395
4097989206751653836
3483279347341862077
5384795480540309009
6588359821542582769
199867061364836192
3193520885097487365
6084639477193058619
352782508702188081
2197406989833550405
322695639912340147
1073615277399594489
1163364078703788674
2827156067655760583
9192057454476170407
4467393036693038365
348198348468195790
4207720756064982616
2873852515185516665
9067454794214746758
6869379321056263150
7688952772790003873
5012317465527247678
4859068627056774395
8565276647179180981
3491720542993118113
3577746244255824901
517171155743489908
6118043637170296196
8682018017035486906
7763593761854142613
1764744117553138773
8191590001348508353
3944674780184029996
6943589705040580481
1538746600078492913
2858683004390007805
4053368588605211604
3488722498079688815
2311882043817609234
1223032328308168182
1031894880851695998
4629706497605087183
7716867037916580594
1427998889828205284
8851039438879105478
6295289881470012091
5261293863430649254
8735737405660585165
4605985198669737452
5653821401035236033
8783135911545060982
404667191686698756
8689549036185930243
4002839863798666428
1618722033290856822
7937976538370112023
8416040943299080555
2362740025221895024
8501150608675669972
6730888774075293393
4834658916636293850
4299801156675194090
1411665325863438709
5807562547381945771
2457415118532974285
8461880413183376577
2553973472186030094
6740373935026100963
3004132757562803911
3201443683470244484
8936164562637616106
7518284441408115349
5286294777375094140
1046029660726570038
5002278440759593718
5475467145053110591
503520051482578051
7215990952173618386
6280195294369571558
1338441090991171775
3053723119188712809
6724324142085249787
6302160933766432341
5829259139826278894
8875348815203284461
7908895138667891352
7120096107908301671
8916613748750575962
2038090906888333028
8645542973802905879
5868674238136076471
904642715009520947
5622212762720575577
6515705460113783893
1213974531708944729
390054423681384377
8807261827138041
4103862314005200433
6129073288410357411
3619729712179952682
8839514869540181501
5872658491279264206
4130140736806721185
6405516380382788326
7320588522974175305
7790388216084267361
7930854554566019407
767767998773306952
1441412379475150913
9199090312887143191
5420312177142184435
8960688174825681940
4422597640890274205
931267532553569752
966939474088217761
7913197021187782972
4857235991308645020
5478000244428664979
5600779896140730116
2170226827805552039
3080941330460451914
8818200462732824676
1573954133956927277
1855582341955509825
8458025259854326671
3452281919035375716
3064002407457061919
4603123019863875080
9165276348741491753
8737640137224646625
2592609415816448666
7117311124565559808
1796046238135342792
2933572651598211227
1019687571387071260
2710574910689020222
473650826643977994
6797120136842399546
40432369371077449
1663430657610661229
7616229238646456307
60491723998149947
4999786877588709695
8770394234424472639
7332376870346384658
2336721974422002397
5089617258154711098
4524998783310609990
6830815063733059966
2006054248648830180
4214810053073019483
8393026938502669326
8175084759014099237
3505882247351889589
815904042685275328
1489955422889223747
8257583565656499260
130376336178809594
6519161628437212280
8026188933876973215
719417740156523059
2290712275428566183
5781404851672200862
1890595898193522187
8026955048694780484
1304649468270457355
1626314500111065100
6838794570411917498
6886384478401644497
2223355363061444368
5902283049846599783
7993388106539462583
6010465921649009160
995616777385542514
6262461021839224109
7188981403426589566
7392851025471438907
4140460369097263671
6555571778003581510
8282321930058810411
582788125071321271
7683654005725719689
7838947416574635672
8426409412272081679
3205526317562920850
6952613702902789973
3794285617997749939
5141217199355655132
5651440073327731101
2556801838438295086
7779306125293931099
1101874563220427835
6696794832524629098
6751482295516021785
4573859508400406075
3527177985142959515
674561987647526160
5296386129664285941
2205730987535229313
1374956890991997608
5307588075657684437
2234097787933606185
2048477409732267940
5773198735132379517
2420510272669312839
7084767558015931976
5206108688668822217
8257260935201304986
2828586984974574010
8148035948416602161
7403473437928135342
2613349101909218373
8590363579404876118
5898196139408719377
3437437154354723921
379814701705671952
4373281716128877453
1070687445228338403
5644215854319937608
7466897426210924970
342791177414596023
4573815047475926993
7295020468092622915
1881246533561834
5207371884183521840
4025445561926439090
3519321258753815444
8820652884701014273
1568076456328238795
6361141337071879876
7440260325559679364
329017367944937350
8505394838037598692
8426306022807595986
929642961212419550
2195902425271694562
630909466770668762
6342512317833664554
7980035418432356048
3086607467908923244
2229360986946657049
8035688681422781906
7927495029054468303
5396210183910387175
519576961567983689
2315668866063606397
193072271731751331
5605351694921969684
7971381236919274912
3361197447789212577
7033118278351224642
6339251407411943874
3954563518297034587
3856568032285769785
1893466192306907339
3924566047993291263
2209245009099666576
6345107234430290486
978633838332731370
7718560028387840842
2002052774432427144
2011655788011660511
2185804179756258997
4946752071694663690
6003094705389632458
7525160123466099145
5138072561818191185
7654422273864252551
8174416796469073503
8829580503566869138
4685481332896544348
3121850018979098827
1623179470908771946
867818084278274293
2336470398685427794
7802994206364068603
5267556880000526824
3050286304069306854
7824852890951818083
1706439062302092879
495674830650818594
4247202066264917995
9099765968141221345
8885129632341549980
489507401848886296
5311229244559301689
3778213285638483371
4069646541911703753
4536845834507888606
5696955173890111317
755079447527832842
5234416919964433444
4675652925936419191
1920608698354206982
4972165324039925185
7679948036680869689
590932808843393237
4306561738601850202
3155060834833557688
3761790615584698070
8160093457256798375
616980283039897535
1632077873532667285
6288705437241828232
3802733831471331100
8768653755715873338
6765250196576994284
4415288300667358752
2084925011744005400
5730680848045331787
982246768127027432
3858068117198556102
8527659812590581885
1660234290586778622
465014320309187858
935810199305448017
2391211911302307165
3338983872133654728
2292634276088399477
7449721268414182763
8764027764943599801
4486039853366356209
5675474506016243459
1212281395535763447
7950207003496194937
1047634595244419915
7763235648377168854
3875563653710007644
4183533059459884516
6916440105968625433
3658349503702169747
742284367863013472
6970791249958759894
7864880061598705620
7912463777316062072
1095546206671788154
5231809166155065382
5953707567536506938
6674645972434762498
7837937788930270758
4230873204467571293
726967548378207545
3024566560740442685
96909278288143407
1034550090388834068
4125063358297489089
6631920918463809444
7631542001913837925
5399305187232158548
2269271314584820821
3326537101327994315
8903392068307155077
3799980364754593078
2393393574910710318
8768686290209267271
7608160642544336365
8051483777300669734
3392774276717532088
1113256958716218109
4127807554695831545
7231248437840957506
4142703752166717714
4367383272828582252
2244146231292602754
2949428477913042446
1703030800608996938
2836050530976857502
4091857946581733587
406058068453413691
5031944297339066424
7437667266151182132
661586866957288405
7182558342810761095
8089345166257315349
2854043015984467679
9183205908911687601
2086568426797385493
8367055211999226620
2784897027201183719
6789192140355035532
2944874804016115874
6796759472080552293
5168803561755843744
8125956920491889730
8934104767091234399
4845210808176888712
8595888636505866230
68675167704897752
1599275235573960805
8497244186801331049
2423210186609029454
5922548207361299233
1927911747759826369
7403404535989936837
8288422486749476627
1134745733399220145
3624646760212595476
1747903341028347069
4177387305748840984
7092905311961347801
3156762281829087208
3909601346605300719
5176478472320717699
2588123402961576446
8885101615556083623
7721172229308620762
2585503597778348177
7404767732092557179
7435829421601743345
7153236812801738049
8695700773883940686
5548880657237282936
4076668929047099871
5394299988406698263
1322287974787574509
245676269903381568
4527936621833173452
55954754258823140
3665427240128959108
8218468451558690999
7027563309062773814
3352331039886873441
4904584964952342592
5296549600479770482
3269764735767368023
5538766353524357061
644267056853435601
7101697190447908816
4768058182267788647
7935540506994244164
1395047276560245811
3971157310501547607
2371326010937468560
5981701649401223780
2142991389564525973
8299897863401323405
2352311101138801218
4979095539329094962
1970909410478088754
3776033498578070946
8533560714589446561
1933325087367469580
1167976169386122215
3741023979368368469
1402513306410220468
4947939888726748116
1355577660929220796
2282229161729622669
6806009559338066815
6510496360715560710
436871259504912672
3345023664466021436
4150313995249642243
3501415300943676017
6761880870337011883
8548175490619854791
8442606233097267296
5354606545001248994
8219909965411671317
8538824257323977794
6459775007934571064
6521306944893538715
8990138097947225993
6328633891163320520
2163040165813354626
1058596442941240300
8148142571635913807
4288746538375476060
2830238964320384037
6083880923365075871
1411153787027277829
5067121350729198874
7900938714493525097
8584739037945795374
5734520749362062018
5452702799892947752
5257790664092313194
5185093787714188662
1227069057984525321
7579556158691661816
5272293591924314400
2228465945871125038
452653316268880942
5484679720930636162
5929847916486332218
4892789786987255631
8947681387604530947
2882376498282613197
3492534820141661034
3032514093322948363
3790751989838774523
9134436714967516830
357297517434969474
8719953579586695285
282281471100606518
6470448493553077021
5816266978005851320
715992240100326574
4340572407187326097
4991714518389313578
2116692866297850701
967161081250069619
8853635621595957944
2133881018671761997
7666207036350487609
1813674983284007646
9006349699538134481
1824162643776892211
4425983477121572863
2113137470319292487
2165789125474491894
5120471128954588909
5750185230272384189
3067468326133809172
6149135126521102635
7583652160318810507
5982713196527748250
9047963517980918473
1709517032294256714
5291836908983936761
5048734050294986830
7748155600709089577
974805634282067860
8945376483035117052
8996813460755363365
1347908393010907175
8831988460671948228
8153432083106045158
7982032465399815443
487631980813864234
4865242973073233181
8217590082015642650
6480224776640552178
864627589410808538
2400098210717050954
8275424240515092435
2282812766921161797
5476562327951843866
881964389636289419
6265337393468973250
4934867059452241296
5102224258116343304
7707881132937448185
7326399217289399260
1802834065557558322
1356728167151278848
6181277477870596714
8288621146423678560
5387784739466534336
6300722295108878265
1244380323055793527
2213046711915810875
7178895353744943650
7939334905740865194
5176579295357203736
74652392005299264
