7128219919687695343
3186892880659126998
8541115320896025333
4934255446582320239
1823446581482577956
3281572951242670226
4393323038006702349
4506582207331661474
4582369774690374934
7803913153026988589
8791839775212253835
4273094168913761574
882425475458298939
5550436395439064426
9090798443569772801
8286570659649126813
1495583518099718065
3920594802967996843
2895350202054157079
5577589167375296900
5752393197454119481
5264006625865903843
3956014910405526402
921242135402419702
2506079709310136614
4550986053017165347
1752167855731056182
5996197172451202536
7132612945357091001
7335132151267192361
6443936139165311453
1869807639126698733
517028769863079547
499113844065969610
2902238983572064422
1180171422743304574
8961738054734981082
3220084364129906484
357844401346983983
284295676435430909
7528047872195741876
7563730318345532376
5125420401216911857
2178754859005190404
3427936938562890417
2193396054199595845
7043382980113138278
2371376966192857759
9074037217176806836
9074243071964183938
3938982833289736123
8111767426044110772
5203452290393910905
1706682495535729407
1748854924712835738
2868688932996343862
393315721794470772
3404149094972619269
4468694605525611747
5027612714426869396
9217621477830832561
1963591704270286899
4164289163040941914
8444951099727443616
2161963602911414654
7013444570308267349
7418568766254734399
3198825809873872798
7210263106190057590
685188645552909884
7075852231586067259
8911202366852356454
3814110254570340120
8408967971529436854
7897970803416837842
5087637177276047354
6470485885079045721
3350766744757332550
8261007640345919506
5746820956774044110
7475506036580512767
5850590888538272468
3714878331659221436
8573579699688355716
1034616257592551151
888812312971689409
4431811078331535047
1931268487976257863
4650983694853287619
7655728730947729693
6244652849359780889
8674352695977526272
5358012525846378823
7377919762409061752
6344915715391861063
2276878462954252059
374414190902255013
5976361601625242461
7980600530653687005
33880358585549702
6913646357066513349
5840408401066344545
7829254857738081526
6294686707049045778
5707326528762821336
6864822976897957680
5890844507464467685
3631040227924057535
4388863357043485429
5306821110612400348
6926952907907373102
8044741072229842137
6947414503453278539
7788570856878996614
7541030291615631129
6336311503906901072
3212580445856892393
1894674829510040182
2641639915469782553
3671209715739824869
2302830689987497280
7043898982256779363
3744384784524723013
2771304450907045305
2501152703167617933
6542019934772956025
8952140329425732182
5285911757726659517
847923155599279997
8794850644190720432
5744140802713192585
5269632641030622475
3301389984382042617
1792553154105106795
309422173472938776
215276559875866607
41386330791558858
4816527395214453961
5690453934240847312
4463845255935489278
4807195969411111180
6455695836174977266
1705316405710081329
736406291028824892
2110735115366045996
3361761817719700187
6850223901198709977
9132365377974218327
8438023177385763645
1127928064168303805
2114086924782741205
735432332159606749
7539874801000764614
3479985291490873595
2372051672187203734
4354974467032373217
3631363615310662336
2368250666124313339
9041494756794740652
7313795305648161933
143556807978888782
7531830861947329675
3189039477947580787
8655637858844104792
5330052109763213784
3897447787890410143
7288840755519939755
6384410659279493289
7766501333307129982
5670799067369537031
4656522989071407866
4992503661936205242
5429765385451027534
6246400433219836186
8501833622570473902
764746534886675255
4244395036518814237
2964040912887758451
5106495890083803344
6727588682950581088
8669701378818800093
4176433267496870817
2879365361835857937
1290615461895135034
3073011168004759726
7022781911878277881
1383448035194183417
7593257062255280542
4363113628030579003
2434212261018164655
9030967051384397188
35589405310490467
1714845229626314833
6761958371417919076
7294684446224841969
8870823860063232744
8057288658834255945
7500950945747210166
6075760634377301015
5318976805210189065
5254598915533268479
6544661200535076657
606808763997827109
8532622821208329623
877252119953880174
2218350876978794673
1319828287384715398
4058785775194837699
8239820777255017479
7528435883289201149
1939424656720966854
11456209178738433
5339901596475701412
8149732460466671120
8438831587040605932
9068131063095613160
8342978253429080349
7674588151068471018
1297097093803096823
5314375632535365535
4698680732798350592
1454586902513075135
7529647843845365273
4521287078441688160
5726343470894815706
6675962597442113360
1329671225005708128
3392619417650771419
4278984278648550729
2131165076702624125
6314545612273553070
6494854175774861772
5354653475291578997
329413690533089162
1794378462999892557
8902901707916499171
5232410309311851768
4562623314133039086
1172973578009601005
562901392359145280
1483916217746102658
6290976381496387498
7738355206100993288
4525266897327912448
2933359890646033148
1908952071885168336
7284960804171580001
3031805001367032839
8741179606795164905
3928153769411641426
9168227121592529663
734973575323415239
8490197942166149749
7743405912146161908
4097657596881172155
6660987671915968465
4330758140137789926
4175152565978065779
6907691418030154934
2723193627349896827
7562997355394567718
8688255675698230440
7586330879556580172
4313492594034037602
7146327772951810364
465636427469898611
7746550480746758485
5000168222304845051
622091080477307927
6516207149715723328
2673347472465496878
1886132235914475665
2656627381409087795
6774371295826635953
8773575823562262054
9175571977756387148
6064416171062614116
1968859161318785417
5448583271649619013
8909588044496564850
2434551747935234533
1787122518178074848
284444579086068005
2134389081888724634
2672592808101269695
5113145822640676570
2748005982912917941
5667890098520816489
2525277083344137579
4275220202384910523
2499826361641334729
5764759934177998028
5397780001642184737
7381493181313037241
7327790862564600521
5509268194150367831
5973221639425129768
1818506835495944813
8495806508861341990
5306903590201850673
1665342248987522366
2886583932810257462
2525263686929902124
6105069688759216881
2599423774896478731
6675561484689203529
7547143145330184501
8448649821517256501
1870380356042899665
3454347986193100785
2598766772434856726
6962472151689852972
3238376569296668777
2346270832834936738
8983609609004756972
6714319155102020668
8069864907001234754
4149309978359874186
3636086767192675286
7654551516971573716
6322487271094258121
2638675284891018992
4711241137375079367
8825795299172774417
115345379776400909
6741791653859489054
1203198078219208227
8494714810004315795
4664049684443601143
1673948237938155962
7713576731135501221
6231181121488892755
108635674496641685
3164860614903010552
4727164676787510816
6104069023423378864
1180198297409377567
8275749609548128182
3346722463260659038
8599417365895603720
461068880147666209
8297545477429005327
6860824360603485132
1758960900890923834
1517310333070665546
2653887080555761162
5830149931306372977
3238072798220730772
6242621821640280513
2121319569328547266
702650904286087367
3217324026049374021
9208116164754311388
424993514225631594
7796852579507081850
6093376364797343532
1292768885511298754
3447937887304147696
3390459333328886555
6775110388025709148
4599884863075696234
7266633379037493614
4698730131912402524
3076969754830538388
4685672948457664901
8634003238638370367
8506131616813631958
3058909341614762513
1177120262422877207
2173261280366491444
5431766223821171193
3264035285479399747
7041808463780983775
691875228539281464
5618029376518125756
8104024294027525149
5789303108291289942
6305827875089595037
7425753884550950153
6038293504255869115
4179838161766604584
2715033051279215407
6284755651245901188
20266205056203370
6066535733305799601
4994197624803160575
7250511554384394997
8376236917557835141
7426481960228886363
544804456974017792
44427918910842987
2700248070915505086
8001598934862801101
5886151017344785933
2992652336463759273
6935800376184111490
8778236307523153701
4636066593917252097
7213486659122727830
2880446677738771120
803979390971442836
5344204407438272948
3676760080258695694
4829376332351996395
2993969608774451235
6216495601285655898
3065281147570145154
8757875628024871483
4039032078262932353
4416022619891073868
8042945928004187676
2204049014832898888
1695388796069384091
2909499950364650200
1684047211719106203
759081213536525810
7890136121470821427
568965777849640122
3978194663808163122
8259968983673032279
7745896687083251463
1450036296955127631
8747885304271600068
4013307225580483350
3946575544534410442
8687339545044377567
5110500848544320541
896190510269160347
2517379760081476443
9210620502113594761
5042985230025643873
2689803042314862610
5633562640382913173
8525605862056835482
6834540701633437210
5302172755781370449
8061081864574941714
2491744845912417049
2857263086068721902
9090697893197370457
754808699891752023
5719916876334226386
4707785700264439323
8569576653628312229
3599146194417730200
5307927274367893566
1410500786814164453
5569238279793753666
6760655187513088578
4867126662467563907
681916748070568827
8943911925915905302
613649463263871124
669584009407689492
4062298395270928912
5928691493160479029
3232026578183187357
4115647619218706613
1131628865540138862
210326958381213168
8914746770737651996
3855647997275797244
4531907911660784895
2088747005204931458
1104558276861585575
205644181327490990
972351940255377560
8776229841978888015
8613389991919787721
344533867534326916
5281842202067562524
473301364135982674
4016858556660552609
8906397389303593858
3007422554771080239
6500596372034575075
1056344167644754656
2802896102664509664
797127507243052548
521559985855967373
509052070433684135
4122930608485007363
3447423229899497419
5029308475214668847
3864568617287710722
4421950662572028666
1553373214957539237
7700911961496284524
7140241871605322605
5936231978884775455
621835907073463353
2987191322136196693
6708289521154263119
4174201614552859657
2069291160354136113
1499055051286743385
3614332782942454363
3173580798132807289
4033574778499710262
8266072923085903814
5862112732763748535
5891182193589699624
1595030992557570395
1178320199040565029
1654720132315386532
4415664647013534512
5383968691243703389
872062610314319791
2001126678678380089
6043899132981288507
8665647132820723378
1092234883223908817
2998103953274028082
2331051460052939580
2987948866496690707
3530604516423801771
1961528924854961847
4915651308966810255
5974251447727733089
8478526623438185346
170493185294966385
5915379564917202699
8580274933593363031
6760069651436593036
4324851382343002799
5308977035159277280
1214620255357080226
4489105578635210759
1700809227168819942
5772383785073278683
1913757086734066810
2692708239134660213
3362234492984105828
2824183751746919660
161621472301065553
1452438059439715307
663234301207759034
404465147592828510
2465658116236957393
5097739377206154652
2745234113452409294
3085142869407817987
5109927976443948193
7545462205738679947
3217057276293352691
2974388283896273766
732642397898148291
5173735369743446164
3253113201383891728
978352446470813794
5951187784365986380
3084065758665350581
913839155752758000
4212141010329072903
2766553184150762946
9061179594390390251
8578429435212645637
7506762806819684408
9215748361201895724
6819003956546622005
4784930014484472727
2172910076469993956
2963679984150464780
2191324086112039627
7390615773798371315
8556153791874699329
5712288617004489519
2635363748825768811
7672336993722666720
1645968671434356030
1266866649343865864
7217310120388440169
7510472843574660574
6907465720047760936
2206190718695543087
8644513823696852745
548422254615468753
1715148769563942240
4245420619483517449
3086770030161795049
932899727725944289
493696398448140627
759980959906918392
3507755109245969044
5873351457977522686
3961290902593621571
8074338212789986999
1663256491872539078
7904599719854606073
944587462908899766
2687679341297436816
742919257432053548
7577251855687819601
7272934799376300722
8200704224954325711
2584874476580486879
7255991860999031285
4991026877759484906
8788649481443569218
7556572275434939984
7023374561848075972
3973188364170911671
5898992986839890776
1283995343025414325
773678523589947748
2848197639229257970
2670198800028353944
2632012559620430351
67589867227730054
497941581450627092
3986633019275672613
5170169044743236994
2657618280283498138
4854391918154368558
3580755647905890993
2219822098439084258
339502017063136615
1085778071428143573
6926981249469522736
6712575406764671916
8788509193659795198
6110048228355277506
1184518192122898271
2198234422385805432
7137918829017370864
2880094329953692659
6002582681600928494
4325873740106425523
2134010953808471567
5248783795916825156
4369180022706567398
5896539042639023169
2102724404188098687
6352052718806752416
4039458514633920342
2607971040414717717
1188729869242954941
1906237050768200546
1280438840910293292
9023160386676711505
3558023185680732123
4079359245994941629
3353432703109796018
5170132241701376467
6484119649609306231
7399652865127967758
976170904974712373
3922705211859091824
6444382575518281717
1691351472653425991
8484582734094785441
1630318786259064762
8231689558455464960
1999849105024967054
5086410017472073166
6135420831567932216
9094509277020387308
782146529740759916
3882593013992495539
3230591807923530094
859547376238788740
9175336884941722101
3413493389970361654
437743640705313759
6104397165888124355
3246921503533637040
1690391694916879521
2986901777439816026
8899392080454398389
3719153433709319807
3857645656789919905
152078225179366676
670519211192262661
8222548157226177235
8543030217312145746
1663651149593977476
5514564977904906279
846449803505742686
5904325931283236544
6879391402140485274
7943471562699532529
2713630844824994387
280287760312345414
5290059776228457589
5554815759590231438
733024399560527789
8656320907138694310
9159553248299618970
6609672102074798278
2381642416275267055
9142545477537995838
5012810921400714273
9148781296644721688
2954335728560010702
3381304784931385494
4175496962270111879
2445663919673437235
967856357039415523
8138320204167128031
1245141337535923556
8274110272678222099
8862295475473337506
2264126928213071012
5417399420927898886
8666164643940105071
4390791134181824370
8559486220642385184
4524815021845174751
1919209119992939186
6666964685458247432
8786431552961462827
8564589614831543238
6732148833240552329
6645653207356219708
127585067403508113
9096649057307924752
4653025727385936769
1302727065470327494
4129296309742959895
8357915290267442992
4134437099817974472
5078313442273943899
1980066129519689171
3894497193927461220
1615214718571169676
3255289378733653677
4340793725147514361
6365129085258426192
3749218438562482584
6976411362707910370
6886952070125751918
3632781568707756795
6752346893154169193
8643515063308608370
9141559755002456761
5379831067260064892
1660225612540876082
6848699079574778160
5475276822358113465
4273741924637420177
1345410959229219002
8922812165392726497
559810427410193523
5323228532859121382
5289828759350436635
483940454046624113
4146870608384307328
7814618524182191419
3732920171354776533
2761660573354835985
3539302393693334556
2907862622609098544
3883321803575667560
7359275971632394112
4031923949604449882
2662074370430485256
6157236539382972652
5978655542070451927
5157382994731635415
9093248015958303851
1957525216132382311
288921506937750531
1067834409062372864
4253199522384125689
5355441988260510032
6526412241094227963
2264624883346245782
2212847968333024895
9030885913234073060
6803372260890035150
2605846620122136273
140254851408148238
2940148674121538149
3927581451428912482
3052220816014417105
138160289009924569
6849119266410102060
6311243121386794398
184796272094963946
1590362039839955115
7118463043534155977
1279588264394078183
6808645667867963762
3686670132484761807
4056275796111667268
8104599843357831426
9058640143003520668
2434278208460714992
7707037783920672588
4840894286690819784
6206266770861945289
9047262615732492815
6277936498461687419
1553941220489149802
4285264590317707433
3720016524769166226
9194281912454757691
4132446396872624179
5344566440469767747
2929465484983395059
2027691913198354027
8995493673393661911
5419835608281735619
747673708713546947
970287148027094571
214623090506631035
8143160556957108725
5416220387834334032
7997099259974791964
1270043065205586143
8937087968801158133
3342910236190837567
7316090254184949325
4065062400837124692
7143928644602655686
4126376716844189864
5850526052173105288
5156481933014319545
2985844493075012199
6072543994373849703
4100095793355341476
2468572751569721852
823111472711651146
5070794000940290921
1535281872879045791
2210936249555854823
303144606009662630
7465233916949113538
1292394460048689578
6884705242203235102
2804677848406596760
5718719795241935622
4271594517133959557
6114601239490180855
5565529494120765375
7242664262799015509
4322489162814663752
4481789349217148577
5827635930794785293
1843570055441292708
2964777439358857973
243343419867783469
1325498342496079393
6499276958655717632
2556561397666703447
8683446421584261579
7470367112406906216
3690106936441645745
5712118168338464435
8286777460716462041
6240415666891854688
7178780510129550597
4995722102046963385
8217860531897524290
3525501399815173466
277788529847307489
7435908878657610470
5818206542715276541
4696264477917036810
7341164118101360940
183290367163925178
2778885279881002420
7605575134824868231
7018437481435226742
4918071823410119327
5261571236863198727
772756389871421741
6540329543494117621
2049758115423941511
5618950703700835649
81147434938746700
6711605217540603774
8022208702904838595
5546553005740058649
8973356586475756722
6521084067317198703
7800202492741137653
3447025996055444626
4734329875143733635
5326826181437441739
183011818592290496
8841165690789992108
450141522352238432
827677153483510921
7139028206062022411
8106201551933117151
4540607925796157600
6015307395841125526
4006944616617159106
623946596149204620
3220167153316868207
376202020716016623
2602349192550572678
2313143139717937331
2554566290021318187
3709795275467035850
6473454624770715955
414373153803929785
8644854264131690687
2176990646388337423
2483994884564686956
238429779518296280
1534679953212417179
1119029625276921358
7715045878134967982
1375158876194664869
2435584272153827281
5704800763621442708
5494554973224975179
3713993556172857065
8011306739527417427
3879862615806772023
6475349834511139226
1881794294156140816
3304637030657422322
5223813059152695683
8624480227894477252
9082886422044162957
5138752979963044922
4214547474271381150
6268976044694028562
6204620147668262881
8405670627755446659
7331075604241244387
5779628764618938948
2644404288793364438
431028585141764962
2185525251711555479
8774096116458951208
4582378377540690867
384569792058758525
3997938393768896448
749011424928243340
2062745454457996967
8446679658091262088
8077543074413962797
2111691878643469721
4594601860168849768
254730588167753987
1799027369413521206
6151762392342826578
4403184720387133397
599850420277922863
5037843954199297472
8427827834727494858
4017241674452921699
7598593486267005147
9004099097459811955
737824590168206995
3152017301653615603
2605410704396666520
7421636264353902090
309906445841470628
4550249457151129698
5951703643045725159
6522909581952625927
7411379345557004855
6257466663876318805
3950348425609901810
8641065035038229890
361174725670474756
5183152644727104320
8475018781072610587
1211942326194518784
8460748808704861969
3315868593118832435
506074079730944042
7981189648007081728
2218758304452829685
7144394051585839759
4044826111869953911
3600621115770017124
655772539319518115
7556869852637078249
2697832780233324211
3441247190635948219
7590660701294390330
4874558830906500456
7654826419661224117
6377922647568593151
5216690250384456215
7537238496511064942
5547616942630996773
5352362624397976961
5647045453066362467
4934530680936726674
3460574674757313015
4307423229170112697
2588310071732364351
1714409341777062149
1322993270526530864
972460006193983688
4128740878215827759
2161576617347593661
4231178322977003232
183176052893799726
4439301650901479012
1659642637482012663
5955537449649158763
3119020623155539654
