4935919714003017826
2009348024656279595
2489915017009674074
888109879500785399
7996211304814797730
3524901801375959894
5873304980131019189
3460426286769200390
4785737280103256876
4061451028782226609
521129519243002128
8954396703112642575
8242869594983380468
3689126913852080127
1215173747601964730
8438330491607937580
5150155274685669746
2634944666544149875
4498414258255322057
6180500093364462629
1839470667574733363
439922505537742627
3227052771870553637
6802709097181642745
6009568469822295389
6972966838493729284
5090606736011577235
8294619032082483762
2172108747602077838
8093200952876088887
7171650147779441426
8263695691665037620
4834592703255248422
3919037561449788036
6947721262836807451
7333392411137781721
2376746335062453905
9125954500759745579
4880988928412270251
5988668839359402197
7487658878545460976
8182744336838494211
8324379618291373535
3206851620674023252
8482077228557292286
3106232932288062842
5626819563959602162
8448986922738290372
1720138798910345132
2125912220201267718
2865137213388899459
2543367944671750089
3467165453750766581
3393248169141824335
5241537688014539930
7228531145462954225
6338036416748475650
17169865025540094
4136756653448070189
3886173598106627244
6232878504829037246
6531695948145475229
4629119824290728918
8348020701622896532
766542023379787665
4800605214027933656
1193295441716274579
6049670839822477478
5820210394103249573
2696816018302123063
8988040789884636026
6479985033398914797
4189515943353150511
2259619507532623459
3134591558879106750
2868152017393144669
7576814087322145506
2919263605889722342
7672768686354111547
6426412575124595402
4006059004698684699
8658771868497276724
8129290133687324803
5471640499492484376
1089096183763119138
6118926707077459139
6396909147272960470
1155348134967050490
6938930306160205118
7375019702205318778
4166832607990812535
1085561017875525237
7746174444438028361
189350009703317629
2115246770720119740
6566636258819532382
9185268308692880243
190216946452957866
6155651525761049686
4710276317005824632
1303708155948944695
6581433019051732555
1529052595291908270
5209552146293007648
7335053552239971798
1517353944234985065
8238021375549314589
4369439918517724615
7070184055344069761
2862231138623554
2702039946093887017
7629356159806742550
8267224724905796286
2898557370147253701
6919554720148156296
128838005512838373
6075672578383897929
8026633794272992638
8453298500816358630
6715043439691971827
6384104980206396793
3058278082317288953
9132970058122437369
8368757514704592074
9105332705703309746
7448436153156359493
511355098144090787
5799972447622085592
1530596879478656001
2797764907859507737
5544155353151596296
5416705323819712748
1201319431580070685
4159734796343306252
2751556246592288562
772031933818141468
5008721434331145056
1625738987774441619
5475363099319962731
5352592626446942214
8403268342580775241
3650773707295950403
7332153254517408903
880919568144631792
3062947577167299713
5810578480227544166
3417151431145099998
9171940949731400986
6881210666811609412
8998260747580460038
3437529771253413601
2263207825332459065
3934439066589354278
6931318286742080269
6152425052090785348
540140847848954729
4431188331695868504
6578720280166250462
3977418504055541312
5494193363596215836
6549206866611640676
3511065600075851890
6008124194898242950
7595308528522570139
468390969660324509
2999732854990129411
354266472308757634
5268755347745493688
7278240616392384028
1583586313945845598
580293486548603551
7356958140291277074
6526716877785924918
2210170897900602601
1821721387860671357
1965616697439387142
4026385118062412067
2314435040273887528
7651363843609260008
4254290998264221633
1711786319423118459
6864941354573512539
2680108780262389814
4276896881298922868
8677155382153102977
7339784928327529213
7551940515633615390
189971947218677271
3274448516068649182
5302987804765259046
3723514211396890907
8695379545459384281
4744338227363660971
6583515090707806445
8902814131333568709
200096851078753073
1940646991973057200
3761766237861658010
3561588071409319049
1847917487479701955
847480757951250880
4030360773476093226
7251779624244181714
6398837173825795280
8672362377691640945
3232379608038072619
3874275378553830935
2251874504803397029
4900527236222369618
1434476237276622960
7269038644742399402
3779822337033897902
8320700590169359825
6926355240931928613
222300266874255525
3773585563791269721
6395604031351400616
2247800244159045784
7995670600662561640
8984384157029772938
2794858545719484072
4618923614868720403
3794500698864825711
5797479136907916606
9061174139461527840
6042464606817147121
2171579000419717678
5773876104982377644
5299778830136633998
9197155227894165242
4012661957838069255
6077128766856124117
5855447421383577651
2699139531678121244
8410684444705679109
1924727973083555189
5742832591081009486
9127665534683330397
2260606958095057887
7236303692350895679
8527035107582156993
4294294897099018936
1545667430850529890
493775065940013353
5149604303736499541
864415209169991951
1087002672893584021
1204336531830746992
2572234778606887054
5499033620339048725
1334535329182592754
3370212151000947263
7007286078843048994
8092646440389415679
295441091171776379
2982200964292683017
4321679438942875446
4464199604773385726
6928047302400073601
6884886041161838967
5948803242207494703
8501326576070168427
6494552852182676534
5067048246075548136
7142475960359758849
8328539744465554728
8733585554183140636
4471088560054577543
2178556695701998724
784964979556488502
1855378470540899961
2570220283253165492
806630057524017877
5924641649770613111
9178896188635900798
7263356130561516748
8487017401786617228
5970056613251424316
4929754274074012894
7108451900072662866
5592542850776500307
8635663140194663545
4373310775654837260
6639303165021916408
2125511084547051424
1070902222760219241
470278090207012748
498278363516168186
8930299811726991853
636259814507734822
6367450997006628919
1284579396366385073
4390863630809456019
8746716939880033863
7379789534089138050
7907199202084658601
511875323279304555
4070545981650887485
5219117487629704268
6905239074118146923
6943979351543709740
3760620969377819974
1698899888788770687
7505469940033867410
3862260354451359405
460837405309786487
4658066580293738964
1111887123487041994
6691254521130527369
8905181115611089977
2341761308647513747
8670449063277260743
6429870733150001786
4044218163052508734
6291263514876533419
2982770152058076200
6148721592171579666
9166109454256817385
5437873029945045737
8741484089040084386
6090428531498993644
4070805176898407691
8889650006558151179
4172041562636813275
8374192709821637930
8805683016122681505
6554713165310164980
9096214193378273201
4894987416162065053
5165026328708546364
2942092243102663809
6059472185952539338
3782364819010113984
7670711965862677565
3679265562461525297
1011430078833401307
7391688077387084056
5480606635486764096
4421384802588068726
4206751341450372074
619640865312759161
3870858020726035203
5567149103999637023
4622178229125513674
4424123538082980967
3951663668752851186
3971750127644639253
7252442808243077297
3344459667861000133
3630789863279128033
4200632123223522974
145640816884592288
6664295520309341039
3353904594179930161
1958329478764037609
4295159614375944700
6036230603383868271
4822669277512783237
6740962690562905073
2512007888549419558
2267844582481349981
8390561818743417948
8807642605750063849
5724341549823795194
6063314093098802993
3986492877191556109
8135414089820978301
2954022773069684411
2073836235755290547
3829027486249624827
4206530560207695179
5580396235931665254
3407328599160932331
6523680437131871296
5176593653188727036
4861309048619211148
244331812767417342
8345170414384101367
207198564434755201
3749743055508753299
2880568501254741127
4426141631548116826
256804037774737470
4307717931350593956
3857728666720629516
1950773336431507462
8596005258747240463
3158160480048633667
8920967756411433264
5141060346662245078
7455853077613082428
3507452701492282157
1467077121705279053
5004781607680172338
8273104531032747599
8060492346558946225
3540673225821070359
6630461104875691832
7927213305949220819
3117040851185065603
1843119985112857288
8875317677208050971
7995075068401707845
5555158157244582739
5453022077202653371
3535135194921233809
3021927683224622881
1458588838164516523
1836515283964813751
7119570955324419415
2005021638630462109
4254790393447321213
1613060097431545396
358494008899178235
6624832355631324812
2239867216385752865
5292364533289146474
4369981933490696126
5225688463065708710
7887408137034740324
990487401717552220
1387593813900754673
4256395470936237405
2087451402835228116
1969784974312084104
4724197720066867760
7659154048480719934
5707054436055046182
8635045197513655781
1678782795154123250
1515717610572006301
2776536483768508901
1113597758923892184
4284279074872562816
2727189242905853776
284297163457011129
1490314835249894709
1112351734090347459
2778460131362690463
2219166886095741852
8039066801128689073
3960541233127833766
2926551797775536889
7941405382991379110
6492951278950605333
317301495079910724
7123105957623060069
7437701920767681025
8662671705616383440
4572588700017993093
355876057500879950
6187332923942021041
3926097051922395704
8869723558367789743
5285888529942903018
6189744199010115496
6631308340905669123
2300595936845891220
1373444237081864863
3964668458688579708
7616173483320721974
2511309914097540596
9213339498884348728
1056717609076760023
455973449430986662
8203083950936883290
3328125881056993146
5982493504523508397
7462133077936842476
645961293467466625
3419692610271089509
1858670857932499006
5703699937013835735
1345177288316685335
1118116821766509520
5066497398766591725
7267009918211620452
2533595247710230651
5174128744891236899
1640926835587697933
7832215668425535244
5883087581881650159
9222607143568957699
8112209957413998403
1036970521643944692
5462687309423522597
1338777209037569667
8168696153569957087
5687914472817911523
2371484176869255238
8744361550422862278
3886754797741561764
6356951589511490024
9021097562060506896
8332120554444004327
7371501385148375723
2011422647861573175
6469295388283764869
4733942330822382431
8124093555131365424
32405113641926116
6273169172450941316
2137135105719216021
5943392274206866606
2698278552891802068
3904639686621426844
6905196712288440774
310338720512139908
5702952066680049363
5395565532744501631
5730938626438342233
4971966949866999415
1063741337657501053
6996441493830408208
2847494959580050722
4232994200246984216
4326330160743590011
1284826436907772706
3973276754982178337
8115432490992421716
3221786773613627062
44211007994460638
7937375627579055667
7225973963640298672
8308276966051006128
1602082816008492383
9021267697185216977
5118539607158526856
840066478422632642
7988151608941190390
7061928251487360181
7103069644825240271
300979091852256903
6104807140431235128
5937847147082219595
301932595142685110
3476841842964369724
8720205475023015006
1599167301656861101
3071393853343419568
1070897636360388705
1138384494081894237
839132703104242432
4179388425947847420
2954229086664201722
2718291254367959946
4401022504203410350
8080686784991691679
3223685344976396218
8445095196123289295
2077384848856927988
1481743405197254970
7360186234708493087
6472358172361164860
1748840722791098475
7819913503730554463
1475724664463482900
6029073742753444050
3449458541963074326
7787085408976139061
2339764054475743076
6067997249571244463
786330845433686889
4194506969164865703
1513906237301005007
6291353619185183550
2022804463688627812
1814747804292086235
2908012751245630539
3948525335051684380
2159426820831087287
5226723782904995424
6800799716425622611
4772031444422073888
2382742263372331336
3719883798462746084
4723855818407603146
8497144741795167044
3711089545642632429
6912520139954864897
5909619294116769731
839519054016234263
505290113675314299
8145014800697299673
4192641822101644164
854578504071933884
2199757839835583224
98165960817871145
336181668360916905
6965062421452793306
4724570853016111810
3036555851101204957
719811648203991366
8902205366103411853
8900729728903064555
1981838668984806920
2754163732818229014
6806812694996895224
1094644405617871270
182394763911884202
6046656139035469622
3118748444528954608
3162989273932236250
8098778280399478324
1825947759968128810
2188726475372818521
5314899201461764066
8615185276464543123
3020778103489680902
658231057541982322
6368716514987549495
3194224070548090648
7731653142826331968
6492945845443778350
7331284307495235593
1129514347248118091
8683629257907740283
4945253057325983095
3682688335010717953
2991247685773243913
1718197685240381616
4559633415462964863
2845748318032289805
127415361054416912
2780585483428742163
1939337741709887288
311032650689616982
3797800146338770972
4735082119913687327
39911338399646100
2402006337839650174
3527159123530424654
261602690188373034
7358451318492927216
7461808813971125902
1756379316497365879
4594170465845108273
4011592204023468611
3026816532001817921
3746634756221450915
6873060334519472447
9021557498592097998
1939047860532630740
6583276895270149084
5482978699836635025
8288317527573202582
3288977239636497685
3440880494879412204
3820681348602929551
8568711431058790877
2328649998203348811
8689275792992047487
6855975987796816141
8507388065214343289
3651756517431631390
1976942836685082602
6433630151551861674
6722865880109528975
4494141281103257551
2839798675643231236
6551408649190458002
4939133407571197386
3146219455270423495
4570517457506782270
3524622566517822251
5603833775153349242
8890955205786799582
5282610999007009037
5368816257849645646
8169793050111799277
5755109769643812556
8693755329329008484
7917646065212999259
3036415426829131867
5701616480175752641
4591913425650181610
8251974175546705802
5217690830232513589
791748191465372798
7211443626577773392
3718208345697139982
4971106842843920501
764350935862788276
358463689097831807
7174053999337043555
62456746930881135
6784906584023773637
1407519323475233703
1675267048028253781
4198282630121695469
618250396128404694
6314784646828827848
4782962807257423655
7387396548990512690
2542941948867805163
1971953740241666715
239099068185771086
6136617582302896639
5809758737942392997
6181956456063972487
5896404445758363811
1526919931378999713
8245419053973655632
1477613882410110736
2966753430221466767
7269249284684941870
8994555391878387448
4030897398854798471
6865730182508743684
3019367430541802979
6321903880383355107
890141646747886453
3736520830330726917
7053716139823227854
8329981151645558381
773363816264830842
7944267614130002664
9194991225044492350
7946657654886653274
6166958645674080547
1112887254060158918
6358854388909763928
4701426705530831466
6431548635884777879
4990594681360237871
3156023515883978526
6361394961204985762
2446621473294524003
24650244472628641
6540906362173330684
1445981414695707486
1255404905930398801
2189732574990163393
8127528581464812761
8311282361719626188
1520564341508228921
3854482516936267760
6000128802582582958
4396417237901820230
4529445312637063831
918856264012038841
990317287674355230
1417993227285608093
8428414044602234565
3484409845706940625
1955690999479022658
6697769914763627549
298013127492508953
8717271106062542128
5375791135874253547
3414514815854862443
8237076322058536612
7451505315815242099
2025995062715859434
5831656494758275337
6880445773525791303
7887098668139682633
4474500292897358293
7725895134755981662
5273216275626923945
5876642403457261548
2616967488053921063
2911625024718209967
3952177845263954974
1242103041053036418
1110998056712255528
5291918888801946924
5657955384200869195
1659194948369451805
8019546842759816125
4841231879951559200
5202333300482706940
1900454373266719027
386671585950683750
2318552483341659196
192003685256824241
7526978588152712204
3278572039440405619
2038225790057928110
4208541553219589884
2520509618412742509
7524673454540720720
7361182230183888773
533951707645978492
7286401990140886943
8715105181266761061
2027360455239854033
4559281279003169181
1874563517965720947
7006438941005979825
5561723318206695574
3427060100280505506
6231845382465175121
1550355252392466644
234182955213137909
1988452106792929041
3305589731550781910
2808419140593121227
1074090324613100856
4542233887694102140
2478682661011557493
519508572901425543
8188248460019943463
9002575243460417381
1641463845832122473
3862567163261575952
7952724627910937083
6785327905033470475
4332293368618778336
1505249430353775630
5895670611994034478
1048157642493726238
6303773461381492187
4945173014914219640
3390258998885291266
5739659939326612050
5613864663224470380
999895694551825316
6498113591401857848
3498351057517994367
5783669989068844484
3445985611850651743
2995308723059783208
8472988880208328604
3729543649356300754
6132484798516278919
6233370292536161990
4543699268510582547
3215465081744499058
5270225363328308611
2603180842806584848
3287260644569826358
4606177978938510374
4511343054895460754
2618501317698846299
6086109675570320887
4168290160204255137
5526568195139074262
3145110349186531859
7878251885072205463
4513887335970207479
2095325159096533840
5873253308135239569
7902259411912096773
5131017280733550013
9061406674520680498
2784963099918193759
1686405334099712521
8014178695561765020
6269523249258133036
8990919807735180397
8860693849379131970
7776935349124856848
6996621967010353752
2043855585846981255
3077524892282201353
4420676384181572590
5527177151284236918
4224790655072881147
9207043918678632218
8190812401207286824
631622759532693284
723891348890700515
9046250291958987256
7500755455874590683
7647858950604064967
6563719370410475012
5626160934255783450
1259793208200199539
25344548146129740
2650488904217667552
8237120365977630119
8510934508377438930
5556869656363834450
7589837004583532151
5341545969634234974
8883743259955966826
3681326230509028771
4758946758625984013
6121529258985781943
5316454889380380426
2976302255270805892
7921587188103499070
5632361879919390915
9164280683799514964
3438035380045569054
4378025708661665408
3700455121416960092
541805450588005828
3833567996707801735
2361184185493123695
5808199419557769377
4062149908533463154
2188475775447394364
5057911778979133049
2552676092904505850
763675175562151734
9148036480435371082
3223917138076272361
4701896281499073001
3321145049364029027
2891499617148049569
7947110540484304701
2913881661118954729
7597705105181312139
5480720177818077302
5040318355756298331
5182416128660059834
5517000285875185853
6293070354633878960
2293690107202560213
6889076886453177326
4207472161531237402
2307754877958435603
910072585224364184
8630302381663158109
6265085974026463253
7824740008484148772
7735394553995687517
495475935931723663
7485098657931920938
888572826624687162
2328109546262091269
8477371590374928477
8632013210394089064
3070476980887086070
8025500117399651867
518813012075849226
6047748013583490293
6099908121255237045
1671535405891566442
3644961954070119673
2422109654911136933
3882749777645847174
4811975564094694779
8041206871432488548
512171749360552826
6466714809620486060
2439933924251112772
3449947987942137758
3729950928014910794
9048081820311170943
9181223128945200584
3923425810176120804
4950989927960996772
3115658830946292177
7243166768279503941
6321257345488511802
8462771446376216813
4595751242691567017
616497022503251455
5215871729548353765
1939735258475848770
7689958473341779235
3000177614232221990
4108810603723788409
3989253552376959840
2151314085705790721
208097563815473423
4225830067478338868
4761423917655163864
3633596526792291390
8493442244497640169
6654480999512272965
1914081887486835277
2300553460965552920
676032400685156440
4810786531349155144
1139143522130308855
9046741673935834935
2637587095271916025
2649700794186420182
945077296400752788
4808446498724566304
4480942704448684124
1095883252874170371
5306641368659735563
7173283990429161946
3626273483761831316
3178511954184543971
1331205799131893959
2818951798842694912
7880676479161014127
6566235693150772449
11940024277212012
3943719394765482118
1580087158477205345
1987177616045523700
5199505447812947668
8201071651904740134
4279337119540310498
2581014284752506982
8117731982105588009
485520475952623573
293642832103621787
4399022425087488922
2349236945692247149
3223075722118544491
6663476217376260683
7828472082910264815
