6843819298513824638
1404637305723144616
3079197393166029397
7507686671852857571
8073714727711228405
3616214426463859896
3525276211299378016
7003121332140956829
5128855412985319741
481739748851447830
7855602036785930623
105354396189012983
8500670332875791794
2200828246981741055
3205947293441306540
6995751588893595671
98513110046519245
2533731488829144018
5546825733432175371
7332127718570504010
5418314080936166275
517586508252421038
816256267394899796
721599978034431515
7087046943829299523
8713731990391872616
4369062516535342885
7408354643177283702
7606623470031821867
8789633612910519203
5467416379969239077
1613624367052867611
3145813146394184386
2121969874991012344
1930747327699213682
4490195979101685139
4455742549932910619
1357043828002826540
9209556895847782596
5647915731086063842
5093243150832363026
3180855014795328939
2915408630017111205
7174213211001891736
8257348400267763581
1519720973099868221
7345738313501841245
8650254332796052543
1238374433274559406
2642958377834800515
6249539470085982774
8278060417646237437
6736693616159040007
1253044804381737169
4553450957217318142
1099239391693433708
6449590413165639067
3922001170734977989
2076550497718631475
1912662705014643585
6970076443157249046
1548396212256274117
8960802319624016767
3371526942762326514
7354718600892912353
1898818318356740965
8510447886232508305
3305185612479768144
8796386437920433363
1926264192928997598
3051831558247664920
6264296048466035095
1708183786777964402
578532574839719905
7211221044351012193
9012291798594171331
764764262117277258
8770093415792632641
3817313008765780620
5483815803429160199
7524559606970867002
6318267317131954808
237648659667253971
3957677817626980243
3084976353365871154
2355745663140723553
3404122734201064081
6779497982498451665
2093237162544874280
3854881158159522815
8917798426963613202
9067339588808294669
4799170858838501689
6251098319986019642
3739154691827373752
1110285359022278619
501187671162695855
8415111086554647968
8369177400108254341
6254904096784996264
6795780733680674029
867330008409809786
5036009045275075719
1963018960149473633
9034212560326076846
2017634695211887587
6310347818629432730
147152941714752343
5745525871989596687
3278209013213169249
1797865819316792838
1739448229657580865
516443634215822487
341932903386033486
8370002700628927640
3420753670733117714
6849268074901141608
4951067577033813833
2179188546960256650
2772990267506670393
925115908248337992
3033964584982514988
9220165816284714656
8352807455320318035
7712091778817709166
2888863133955333122
7526752074401533522
8246524074803025066
7015416638595949299
422008959635385798
6318353087229550422
3300685162985680091
4617870701959848792
6547815892268556124
4402222420870733065
1876506976516650820
8513928954114390240
4178042505825824596
2659050804226667128
8555769588175688115
6401693603750728514
1845227973238195177
6069346289620442387
2136660948074910428
9143760672519912281
4541357526178606070
3844987567667860992
7111219328005801246
4313679146361031068
485092537159931752
6004573438768831880
9003897413263259624
6580416264140109619
8098634667070486093
5037466290658093321
6203329629598504219
3384247049040718809
7353005143192427715
620868296926582632
2165294745494061769
5138543005592390436
1899189996141069089
5159901391196158461
610688201948413815
3436347660150563398
4286561558041110111
8890693611991041861
3120708556487889660
3556612585128683408
1225971757233721753
7867356684014505827
873812393162157872
5753611489594264346
1293954689620450052
7588315430694941546
6219769453073653607
4810831683671647274
1112331562006426045
6562124753121426559
8409192011141133214
4128921571100032759
987841766643032747
7067160770781072179
3254230362088105658
4370041815885791397
6484742857182185422
732596007072014140
3562938829658852422
2205068135602788670
7053486009032296766
6254623107372242618
1846615972964600170
8970820544568988843
4698040841689050026
1774855483127079674
6485564879664110629
5703262891059524831
8273845366691428290
7215842307303251072
3294948205112300537
5098587159536294547
3601811931810848990
3627127947282783014
4858426178194277269
7722723475789997687
6183381680494786237
5294252204340700914
6217935944380545763
1622881275522379224
7953596995932442784
4399834117212497163
3006595472490782060
1836147574790418900
8148108827186091397
5006638862447225873
1198922757423990302
6310120623645688086
3196190656835373153
7021972098373460018
4750992665244833922
6280782563720170546
3167111277358799666
3080083080278841046
1820382702422111828
7871908099084025449
6117879527740201617
7233744703101428901
1821872404742934077
6270368534889367383
3962022601720044898
3705548026974432622
299814827710833592
5966664270488543513
723016023269993093
8811694571393076494
3449740986545827608
2606099780019530748
6264457144876368964
4754334807522538762
7886838521736349518
2515674230140287121
1792107412790035030
2244880617690211345
7178285035917616675
2045571169974737843
5870526730168408865
12990214510627295
4422542668307098318
857184114319005826
657402589277297218
396784234626212655
934555941625739399
1272268335409372944
728617651727483243
2854234899637662204
963803905716082194
534247955578010546
8996621540112688568
6124973060046160040
4345616189646615075
3894248783866526412
845464818914013219
6095260873413500925
1855943028830411699
1197373833123491168
5814774319843280637
2501141159533755001
6368292684411142907
3587487714041165222
389882251531189024
1927818287917749059
1459256033187272541
755376540011448378
1323230549827077469
5821925672890199548
5841757462591484430
1630719375138452723
7036361185347862272
4934739431908846229
7952739254515470662
6419138571039657860
318325953162357602
6240564995441116644
5658423829092655934
1872991076359428043
2322553492818529480
5844525810383687646
8980190522812762638
9205190016952211006
7838376729032302939
86569889869927242
6913767770689519061
596998209406396877
6038768747172791792
4976891504602972471
2043150871676668697
409564686912361739
8754247216069869760
535078028303783795
7751409914379342835
1054508453202159121
8235185890718537946
6813655782109491432
445523601968219296
5561386834967473088
3157132771788642920
7332311043228750984
3705420322391640732
483739898396081015
7665220046957436329
3956345490223620526
1940916094141233833
1667823802540754279
9216095672041358802
3920035291425444846
7331207917137183487
3825977327274881491
368007097231755946
3591810595199061187
2130813805070149720
191734550299824707
435700237874669025
6762048780772499767
8929514514103010275
6901807704222611154
9103485606090293940
8005954061845206459
6839677152168726394
8033188828899144649
648961897685480845
1989590924351338443
3423786556771436933
4929261656690791537
2121893912077113287
3330337951251090125
3689432051253252553
8672046954559787208
4282307670969381692
404408779488192899
4975235059441518808
6032567154658972943
4820933632280820459
788103737344849291
6330808503489878281
79427437662860102
1579370242929383198
265074339112932479
8098878449490640170
7337255897083463542
910515436359244958
7900850155353089816
5054730322214695410
2104081516635113570
2048106091367017079
5524759147871051055
3436449604296262965
4505609415030687760
8760449184466539103
2608941872899598672
3798705993448129215
3164001436643443464
3751361213909112214
8183675951466763421
5625992524156765796
1262098064535862092
3160736591600315697
3744875713478625734
427885560207919844
533430527003394488
2373450346677183709
8688470808147602776
2899426578470266497
2471637739782329890
1366160871450758182
1970716930521421906
1607417870640550409
4855570242273494862
5656674189629757615
8950014734372263136
8814196900681077400
8813808868649574557
4223283209629323205
3302549633659364872
1711028467579978506
8531074297436721567
8600749104702788470
4483276729737152148
5535670923231604853
7029851846926150856
9017615643416472378
3097533896041411807
2403228502323373060
3825797272448284978
4445757112964014904
5006938065648748512
3877495396964109690
6156353113039222721
1935395435907062313
3013658591651991909
8142688309432407073
3140159187818241686
4671088233373525324
528680191562205968
5894991550138997667
8820570096975884198
7040259906035376659
3059248526708032585
7274144549077537314
78180208522865506
2706615943817410074
4338112386730209860
806137812145248656
5226595857902890562
1629448642256580318
7877557629979389556
734239856554025045
3420628806277861444
4386790967617827883
3150078304924767784
3514038197453875215
3315377811585486219
1764435463709423241
2911742134451001386
1489273483807117603
8648004784113317229
3413005704951664443
4468493499053586976
5598819225138436649
3210695714355327900
5869826278807594326
3629304285771723147
5984858284929036428
5361120789924385800
1589995257222885327
3509531906365476048
4770651628538258053
4461807685035864034
8123062624670901955
705826855071004504
4117581683320674885
7908329574233729863
5358386520860908477
7352063504307202265
5496559897615396276
4729440880946939817
8363842604663987967
874776578552069164
2573116681513794659
2202026616793974538
8611549955019883049
5694534875793937674
1173097473424260113
7010236703634840666
3065849544637536304
3951346930465848693
6845770987644129575
7199372585915933786
7448135625801355988
440966270317837149
5214239995917893807
3193732438541275689
4483620046335351353
6860767201812220886
7886456830794835358
2873230290158607357
2388087676041845687
1666849419772674354
852402131182617865
7536381653511835724
2302448221411799225
6341471147144214410
274792317658587248
5545232826176416782
402810850898440209
8158261174903126162
3384914169246580205
6737787327258334340
2967356606923265758
326107670422624258
1726025598152181466
3148066809324830553
5182252731116147414
2732754784242010992
1758999999239438121
8727518263057549474
8060818411815758990
2502102987154207831
7817094516843266659
7889753692470640329
1407448609737290065
8894414078570626112
7713728712316967906
8253543946650809972
2171111311256692624
3380540284337459243
9010026859195218757
7147784522665736797
6770301367799221459
7370211859892182102
4339761762266772618
3622422886935935036
1641068828900991981
5442562063820596733
7221961156272722577
2449957273044284564
2059454974100725331
729340094112127493
5852831443223369540
2882832914015880713
343493786831699611
844742267908743189
387197506174815724
8606122008846566540
6143329005666790509
5894817120382776341
3343241459143701415
5990523851022590325
8674070166521754821
3830428231699998097
6323180179840575469
3877850976078063493
6270624978442369069
6241358515313519111
3525448954993395269
2335054468272091688
5882665252315157821
7133085861553479207
829945455831412100
1368835628843420704
6441986666002953804
7276545175236407752
4204080958903592517
6463401004550922807
5520524099435846382
4112966013677707593
6995233251100667909
5705578552368585149
5442078918280797610
5384558472021115282
9107997048876785137
7456216793125288974
4400230827790933415
6869069342992917815
2881928790643961667
554698926290331927
1968464794010937508
7197936109524564140
1073681596585918737
357389900622617698
5511806539573575553
7500130028420716427
4462385966867923825
8422785661619692008
5060953967759195062
4640089054257937942
2920858811202312449
1872309980645629506
7082965010072059429
8405447118265842871
8929842944343597502
3712845466745631696
3920381753649370475
5383256256976819785
8367795426236221430
609838537602186275
6109254587576021940
8259133803746242316
715541985711404113
2436432366927937044
5449281689515800866
897895570597897212
6208162911845693060
283917639278207854
7572891105849597559
8119910247549974298
5542724962127266920
3236910993525696212
318271148174268550
8887298553169092723
2978678672868109115
3784448994376130022
8807359441966134622
6197445831996018034
8623627581275554428
927036775447907294
4845260954231517223
409887686916529797
1432374264114728196
7850974929446953154
842748283547640058
3501096696505444088
4665373615302586831
1169121066570825544
6892306764088269388
7492265914956810334
1482308471133088488
4490947038065362951
7979385319530445496
3437581144153796163
2168050732260769552
8795607594686139172
4216384135375790942
122383173961442040
8123915502530788942
7407149393144898696
7253336542915500067
2637389264072270049
950785212910138955
5094069356976397169
2527872310871040797
2566622305967463455
8478123507199421304
8591449485905378704
334471329103575151
2600682927567001480
5916959150330169032
6812548252341326111
7935029474448790725
1684724639118396181
8765744671988724273
1076334659617605417
1319831153669994274
7906267025252840629
7999363265399609061
7588461811043839428
7650907250067288941
156861773082745281
1719701191952441522
3954036112548684003
5321865682425587556
258677125646194810
472616779874122387
3289065946985226023
7533063953178786349
1936343820231620108
6566927384643809480
5192254100212509191
6729514444505101169
4774360958653183308
6890688859872810120
2549855435198932188
2464177854702608170
6863646325778868848
3920841321225737587
4256470406473093037
2457822598775336678
7014076602536822024
7063960081353784932
4788272885435879348
7770978872290606067
3607515363776873543
7983991097785250909
1110545836926169813
6936175145296639994
3650165505570599940
4540924066933924278
4353986845414779021
5557241730667928533
7655437485494250099
1996598309041416347
6788715727613342022
2359930767288693190
893482998255130278
323752272352275066
6325229673058351049
5902347770166916453
6358419817978658489
2753642471951221750
5425891609220383807
5893783395808463680
5306922378669388827
1145005155690128454
818134590934372230
2427235037195974183
7976273845853293468
101694592627863523
7821255743067995265
2649029618368773310
4081183917646635946
4767432313485996987
7852677123917257219
7289401252873877699
2495535705556805597
5102876648847487118
352859191083105489
9043908866668671182
7113264445685740517
6178745200095480750
7052507173685979853
3658277465945115415
8344468785244808126
6235054658290638938
5869783860594598768
6719500545786550300
8543933446207874906
5004979296995875666
5344154641966640418
8342431174222154623
3256973256905183304
44292321037312857
2626545508269680483
6949850406182701652
6980111637829872945
4130491956934419002
5176597334628908588
4506926153177864333
7844899354007881591
1081940603191374269
5637981636948067839
274444693456163945
862709547965599780
516667378542305542
6135216378532562472
4995305356008386785
5505539462575660820
3874217339442023144
8774768910828565525
6527306700263732655
879918797466793024
1391220212767891651
2915049584899828145
1348657280568126370
2808931588898224955
3320430913840303474
6124165050458073946
9189425250595097316
5838839812144206697
4876462838714186685
656363535771868755
7196166365345872634
6577571044266898215
8153058049135546315
8103103129873226929
1497112476088033403
3506772084283600611
4652811803553394377
8308465790430221156
9191583377388157779
5688772839027525778
6284720121732523146
7400218023451173989
2715232037527792981
4178955197928450045
5632028064403828842
4452834823484411844
8204283630403083910
8958580439074128324
5336582741799078868
5230142142484775382
3583761580024000919
5104017554998176186
246496306087760731
6267383124330787536
6993054376992691545
3070100022267172852
7046433930603042060
2244092536399369873
5508719664971605546
7841343788224242806
9082519251294317450
6692357147058976944
3703847946273957842
7610778239335794284
3055289090756569113
5843361818654619813
8874412243577392604
4336406056750754393
8519083289929849679
1685844818481512038
3084313877007119450
7380989569747635274
1583187483187969692
8626323320307882729
3289744462072201089
4761777385388881641
8999174648949280141
8447932913506444330
1093941920204014583
2933267367262883203
6482951583706391839
7146786132843819592
1247776307856046451
6563263239905353218
5655573951580390463
1499529068181241769
5944874725113217291
5329148979953147915
800366654628033292
4331083225786734162
3834312584948886696
2704928491755084671
8200470047585789494
3584551000167985083
4610446983150077633
610191771246445683
8446426650916307781
1355562927170916227
8589677575644334306
7729281225279757991
6880534369267692242
5527986297520462126
3143691111970500378
3704179508812288625
3756436029441156775
3254554288740244999
4455871274999398071
8815472304548146919
9211553173214002140
1373673146056741091
109334462796592355
1077133059620299071
3883909910956337161
6068006692516795566
3527096960611214080
1394794735316703370
8491950618515297039
1612153749721628643
4954533043502829090
4975060266501719568
9034083684314983040
9221790423772010134
5364028763069843571
6710729296997565855
4586878615211628705
7658576623703296978
6221385723138376218
588574596149253176
1697499581123332680
6087970088561112115
4952393060924470552
8903347712494171257
7053983180495092512
5824350435229023311
1723218132992284789
5742254158392304552
2430252755011411360
3106445991101490520
4315386564576618897
6409069415286855532
5002426037380010021
1438558008981397206
2024754901466237730
8899022676061628474
3503995350617427960
3249248019867286216
5038252446800746616
6236357590731171269
1412212440835485611
7334832374917301950
5481791611215907557
7496556184091885225
1709497686289054758
8849205403036517980
3797439208886757317
4006530073418457132
7054629946315023860
57658133698075838
1323821010074119949
5779816895857256622
1682156022325902741
2160991915842211439
1481837792229839550
1806552189263722252
4035344652083454634
4438623118560499591
7294094126616985584
2014550916880108655
2163142661968560938
2327773290047101707
1362835874624088068
611956311506081387
4634954977277287331
7982825052104050189
2073376717365118365
1361304782932158041
3709870888002607262
8513797754061977966
111595644207871947
8712592576102772608
3392765804083718427
2274015762737216424
1692622993011820909
8369629773462525227
4197341681105916178
6291112655692507768
4302816880959449125
8287210583619045813
9019821498606659340
6235285103492526634
3829741210927666947
4370081266686670851
3557715715477824224
1864926127952477945
6920860470001293063
1076649639627981104
7888085005350275827
6614367957577136192
7675031700913766670
5341302983902032194
753859982489142158
7758469939125233314
8930927617151656474
7365016554102256253
668241812558556549
3491959089216339
3824143975289009818
6061101830703353376
2990852273433779229
5578741238507571618
2782537845467224815
7175038046473320465
1112375756765880588
824449594806677232
658794441572907364
6169598177094248902
7347386224174949863
2362689331328398108
8212815896696713563
4398738692916570511
8681900405077576303
7056683716540367926
8708308176861324194
5878814752573013746
7433492691051755034
8351998195017006855
4702356432125231000
9066988950366789714
3841900055870424647
4976624304808593303
1892663589332502980
5263384207916163000
5333873152862085445
1876711878276934479
5571297752603772673
9199607919457419584
8926671827154274927
972714170037755911
8314820597409689492
102762290083577578
2064309437814674218
4875536384028335037
8756229560471473932
359843410206940425
4755597296374400227
5427312826659510146
1222543370422565129
7402470096637492991
4785468963657490603
4922628224908683982
8609359480412844556
8979838121858651591
4160611355309496048
6346802556415380185
8117751463030189698
6164907665509742061
609419565785493331
6013392085206732076
8253709346436195305
4875267152028590784
9217345962320854087
8226851291462497829
3353894284702255100
7094727070241378380
3626706163420720078
5772131805902402233
8478725733494197440
1294834502379903707
2484562845996542562
8756340510904987880
4304458556578628031
4745051661524144611
4519071321441045396
3205028912637628554
6371421221748306217
7377735966390621496
7513542164833267433
6503942303611602711
4641696105921735556
7406352731648130830
1093165056935435673
2448101474642132451
7608698567469489745
1881862564096714354
5718279790239094642
6173341568172063157
5861859076050049800
4586130219834688377
5095976294370459569
8097500549071346349
2853946507633154589
8238335167843711161
187621058048738783
768597280615904313
7398326314636980293
6884328203799731223
615411398969600003
3114674520402000044
9221698946499485753
2369281716063694568
441265047737715867
