6958265798989301056
6356409820908260434
1354421352884632347
9013816758854663259
206957771232498129
6414023193810846112
3263008030078279544
4246645396377506420
2745941586638883189
9182769270343646228
9081686249975021501
3438989177508103780
3675721397425702566
399069197538816260
3596786770564585212
2977037202988997946
1615005816900587468
7952289255911265931
4290545766596404365
1028205534224709142
8461835643961470077
2325161466397400635
1263934868930176241
1515125319539837345
1422624939024193255
4014744117382460942
7464235577436609178
9030167319964986599
7321354581140236522
4845764399433027476
5784572172846891460
9090309737559965169
4200784503427447639
4644736646145532635
1551248796611903812
5271619707977279215
6567311199597338609
6143165957445218286
6230288479967331908
1121141214902507526
5781193944099607317
1559352801032225911
5901777236163662885
4595960979780770695
3968105273966095501
3612264402018063864
3858707507109009886
5241466638045752357
1868016881436227036
7374635537242725862
195674030934573398
7681919016304693085
5611288175761239324
7007093344691991495
7714170213738932975
989743632347084913
8823503218866364595
6770267719356378930
6426180567290767925
7041010883583268529
5188606186468424256
6871094313284529386
2778354957431404777
5135854761312134622
4950301721616386424
8559800874887975304
6542490389363773054
1150256832541825027
8163417561607182575
6793688686935951900
9088623829097715997
6122845502893200582
2399556179571041444
9072806471122092778
1464765088911505643
4573604719777159073
4094313325677511623
5552769523976633282
3741163532923825527
8548543096170574788
4445506544216216933
2179648184026889389
7724305362293382932
4459958924346919591
4089930781528943090
2330124698645031870
2884533028403968579
4563455681533437040
4426003699487390440
6521040569813823494
5849809570162614362
7619322133684911450
7380658762339195402
7218293284750612287
1644095183053023682
7470286132172974157
4126374878195294763
8567770711532962298
41262123868976927
411052139168084578
2975308690836594478
331717645066940285
6918976995886668697
1923198994715442641
1342627608976774484
6003499235282488502
222731463720765764
989874581097691514
5459521222901492168
4268484688472806653
7817571653803699820
7998622318414416815
3991676417221153891
5836658272512051699
3506418063143428867
5661090598903651359
925110824359721212
7400517597962569072
3068455397981655467
6737075770429351714
4132449611257223814
3520609624239490765
1658984045502074011
4689015365050529455
106045311051705453
2505836641060798857
8606884026648343137
398786835230610795
4228723395936255310
873900554804917405
438609059410986777
7510172101078945464
9075075180284985586
4154236192347158444
8573379136634713085
6155480873185949476
5831489804202965421
3277455460531998776
7442271206128277082
3287600699621382144
4808348233898414476
9017195138444829155
5664496330690035746
451183356589547271
8790422443112354184
7052992048405538106
3268636589787877055
2507451852618038938
5477775313993958010
920662699495091023
6032410477617668560
712285988619306018
4350731628404127773
6999123162641531895
8849031157678693639
8107250847633846086
8872563138902705484
6868861191549109149
2617604587283661469
1123337116283497606
221372553038650789
2575048306480516879
5970301762404898857
8732059650825297053
1851318095424230662
3993605705605983904
5758713954444446793
2209200970035544328
4935154031315282881
6841729255566890573
8712826613465979470
2911170946064892090
1968401550215604446
4715723015730322106
1293258710987979498
4509063978332825434
447441993292163275
4060734810353423773
9051634043196955779
3372539872733848944
1922125657808695373
4158879376889978340
5601640639749365006
124468679040057426
5747182625752749352
7426264728473167812
4221252285753644793
348663064199437283
8651160785924895874
7218737145325583541
4536749718348421546
69821535294803773
4907319200536698954
4511096850710553234
1819647764908210328
1171483699926409384
7991724705713226099
2935115392704714196
8761001429291733932
6411605067054097451
8775260778401429456
2410579992248408529
8098840170122606528
600946893337263697
1322593634554531492
4137162068026213332
6632366500417362915
3944851940179888617
3931080829244479298
5566665699971702644
7682031083603823624
3142073227397491231
8536196124087721801
1264275798331973924
4437890652524912967
1158755981018011682
4763113921075094925
7402174873638117265
2365929046555886720
2034455315440691216
3967499039906670621
8493308579280110096
1906826321157272639
1357775333657554260
269180205944781327
8713179145960003617
4804460484030447171
6095477794123278581
6278719800524505426
3571510986623533082
2178366461773508149
6570704800167641976
6869047681249542588
1116256444123489765
7047173302475686998
6968539125908962181
3055332218920990514
6519640836243923793
5791385726237131518
8774808385623818454
3291902323322577531
2125962967844267971
6914163065458106336
4801339208932279767
699130904319022532
5101344512643552685
8614071433062113007
4982136606513844512
5829399073190918470
1346627853270313632
3653160362927430165
4467976153725909606
4870826375843505945
7709776588531449448
2673669154405732975
3383204583953291739
2844920764308078164
4010761513659087409
5510392030435373478
7306188874079034217
3674295845706898025
1243783903026435699
8827183016801644290
4302553808619134078
4089196319267359259
6742577870036699139
2034428186388371312
3452687439554548540
8930411108053206437
850750821418316213
5818761794341555307
180341436208534115
8817649003102579510
1771092533390735513
6862127339297134830
2059095742306399739
1112350275321627127
4135677416610190854
8414725621695726495
2601213109571270373
7171864702093240736
679230562526035074
2396005925055195248
8374015928795983752
7938628668440798291
1503417581138728624
4503489721692164935
5791023234307404146
6388823396835852960
2842850456368758589
6255777426501601988
6038152603143293554
6293188466118570134
4527603870535045148
4832674121840244426
4575337197768794196
423062324524705937
6064498473399128053
3085891636611388686
3689068024372288862
5144428648210465315
6979879783161806764
1647424735494063666
7892389798717856311
4098861508391512409
312370816319905977
5717970369157910393
7378928323475115596
4908376393639195958
5064797137538178802
3707657032098200788
7849277910374998909
8140177588312977040
2927360861848202782
8429401190980740093
6097700755181698056
6156896545106830405
5191527576393497245
4442730435543367522
5274605426052348325
8498266478634963706
214083807279367973
1877307465172233423
1589058418496208922
502048292420350840
2913595827286661310
7483746206520174226
527553574965746667
3716355048647181339
8908128403396190963
8915100440628840000
671260111704945917
2404943338911488033
5427935579188927009
7904997692437642966
1201171017073940965
847260630348876602
1308035023148958110
3003323307538772959
2077078760032217606
777309936577055892
6126987836780533204
472116974485109834
6732427557853057635
4891924077788150626
6685717218251904780
4633516340228387097
2563347797329088922
6137860915645239225
2810938617776167773
6403308760826607192
6278185326914643183
4389810571157885813
1342424491982170423
2830605286852747101
1149059102846190160
7933374370339850560
5712941153164334397
7533979815774308168
2466025715029165592
3260109097524850412
5991086130646911882
3101417624684046684
970601923958777590
5124035776336112130
1320354915149621994
5366452788219924783
4056213884793287485
756856510220014158
1334601277395420956
8891956215866843650
2303187695032080784
3499191860770871228
224863173080532730
1259643659729111430
7096690073144509172
4156286528108086439
7614785345348362059
6045025003855027071
6045464538103013143
6283321974934693611
7076008836667066717
1425375910655039506
7009523560931330208
3227343738855847135
8838565681285079592
242218065569141300
5091047854184382422
3845032486713593845
8763186300606938354
544756683834096069
2375035407586603770
2662595790100406865
1744716706320199017
9143530627640430124
2427867948018366329
4070946361229868227
2759937865462000796
7031094194497910930
7963688762882453207
7369868529275591055
1387643312322875252
6247539979429112906
8340493183348046182
8644450062217456622
4874836890532772898
7615874880259395537
1231240513358047933
8984756875749603866
2503379657376365735
7485065867344694680
98647369440931507
1789147844947775300
5883671372068610998
2150333458349210117
4124084551069500524
5156497001536158599
4476883669918110314
9204893320008985239
5014095471459267126
519988874570567570
3020021374964929796
4655408674745739968
325840159103426835
7880136817122180145
9160136201049826509
7715012749575863694
2825487020606679845
4763752587894240417
1461109662293574077
344433760104728879
61247816237060645
787761193877812460
1164612346846047699
2430507232302488364
4478853353633723274
8542675834824407181
1993355467954270336
1828547187502403313
6348190727541460771
3402103176078772167
109857202468625090
8713314913529593929
6714753102848958072
1041875498694735680
7053269611177374261
8457072867307846659
4530501643661628001
148258400496943012
3738934909070041113
8694269108641507919
114431400879668883
3501076982299731175
5602265877204258245
4530854122768879266
2622510689696896024
5145719469373794849
3485022128528146664
3556981604805473821
6927633036170782083
3041244550611457532
3613197084626110810
3876021435425723343
867934385454336548
6726535329999883750
1289271456236885636
7561735525882817952
6660084911142980326
1942099752971978439
2246327047280033923
3739839671665785081
8802148034433844829
801374451878162814
6857522985134910489
6942156811259723398
4929228911272858071
4651416467947360344
8510258897847369315
1063813644889279365
64857089722857927
960952471557831970
8656449447005434651
9008456505094172933
3312312806792272233
4862435269869632182
7386035458074458496
7585515118612117374
4050482642958563837
2289833877945086313
3648036124183742669
8200642216484787980
2462569508122654689
2542619457466572120
6529055237589196482
4279591334134593801
8496159182335178366
1242091259630811514
566914085768188873
401732102798924501
2197229505396272841
6577701415845894332
2479267345953447299
6644675589144550796
8192077184646157378
8468400006032604062
2473137054190856297
9041512267383730064
6401233495282488788
2257988041222718863
6551081584595656975
5773060728215619038
7269211098928027513
6421672792816689770
7688023527877672366
5792261741951676565
3056784166417405611
4109814946541707745
5758495436750314117
6204165066755265498
326641409298275219
8705872979368966453
8078606385749185828
5234441858533888615
2059726270231525018
7869896578566962521
141568582919233317
8457445190560136813
5026964137013859110
2745591430976021966
3055111435526026697
6053589906457366691
6108105261262783699
9072518820871301166
5891211608493161251
1691402652681781128
3441123328931086915
392066934771122687
3872772268397860342
352309449992530992
3707600217879465274
3377768579764279038
123064239260218010
7750512745392669731
4941529858972695575
5222535795096260023
1293793528659984385
898188835529118675
5065909710240873440
6028683325099839010
7213656329465353863
7669512580723773114
1255648714473251900
5355176870827903274
7778733813092355291
6800576008583401063
5588112017644211733
8428065665636929753
2419661524361098779
177842390820073054
3267656660269966612
2648308990634327669
1723258030225360444
630450736495162869
8572730680248947433
7809235301112979162
4571401140302670979
6276792839488284355
5914664846798882270
3272998337308133449
5324740221735299242
4975889446854706508
712848512577891378
3732513831006933002
7602554975330507575
6724325051565436773
6147436277853126054
3911390954876798582
1207277558986814983
6387584256916626212
2244399855504846647
6466806139217032206
815914130942840897
9181015358214576928
5905561219963813897
6413215075765575855
1614722577869448313
614202646799228920
6608108844778080340
2326611947984745186
8018933649171740131
9197843906235451522
3158009592837410390
3023539615307160101
6962374813537116558
7152783792603501158
1345715764205189030
6922830995755911552
4632487578610564013
3686805624511448303
7181619616672604959
1089943188903653529
4688903295854453424
2223396461600705647
3045651181031328333
8581371971087093045
3222123659510846480
1306000380201484912
5639891454572168214
7557580837982201399
2201681983233508949
1098479745148845561
3210281078771271088
8491101953843063718
4040317966655335436
1150261196303263816
3218058561123993023
6691824791341928055
4750238290908396319
901334358905232752
8309237737654089663
2962416994867905182
511275649355048629
5787975820765165719
8018314577727194660
5007102545971133306
8680356337754290178
2370630026206879565
2069068893959441370
3474220569243590795
9197309239270026801
7228066472704171742
8956604754798501423
6480769832411626534
1500972638106683782
5797881413757122673
1199400168969507398
5816366323391805066
1685235912328227782
1187292615854811355
343865254792596614
8700950530938820120
2308105306831917970
6606220985372700171
6235895378609406451
8446353652477299070
506108303883427328
1346004387983040256
7040837603828718747
8656042874176735083
834691727416973516
2987374288274356946
789758240966346764
434356903266301199
918657445188927689
3094103437858043266
3293392792091266542
5160787061319280262
3423017769790420533
7297112660734996869
5853506241330380624
2874769162021598109
2335830663597751012
529557896099247459
144887865845684856
9145303126942982700
9088776357391174790
8785727589903467546
5108764777254078572
75590224448119907
6849301318661273004
7895792626774135418
2758023879259521546
7300117600915652703
4688986881784588301
2537900144864700279
5187585504181519673
5910809833429222274
8509701854460396811
1774310356571197672
792059022975661173
1080674947625364903
1226149927806333701
7076984377153524808
2356007156167430495
5651416893417564789
5530311377871600827
5208842431384409978
6595840002565427050
6303732735096389913
3657430326974765723
8936842594265029905
4071452064683152521
7344220170104298996
3404521902974536149
7583477056498366836
9081412374233130408
6846880728917250329
4506574350430018699
7556086297879962151
5872299475060283288
820408268502516324
6407847770947264099
8931395794466548234
4470808638300023642
8629018527770022943
829023317746789387
1575664486014132277
5405815923139082842
4810570998700663559
6238280793856300070
3916554462669712977
3171174796479177797
3128317925969173465
3624834639799537931
1099731783566316604
4949464099576310289
1759865754466988917
8859447152498435500
5828519892737015268
3225377247674224742
1143787879318903892
3654676463640371879
176653471118916664
396007896146453323
7514948998842237955
6569532380281386642
3115969610778834151
8663303734026103080
6143120313936386789
6804703514875868860
8174037493578676119
3663026915857179274
210097640376805132
2424756540405024861
4011983919856721605
8104744831361978653
1741834940259253953
7165144389410870527
8799443557315831100
7413438669313027730
1590949066635362962
1292106852751915716
8401807920465983399
347957439013974694
2856231458111067797
8243645658006439896
921751647901516825
2527133008303362066
4723052012862911418
1092540761782620282
8961442254436916586
630864051146857741
7117849138128396033
4229589061345709025
1940529262768697781
5262859782233355135
4232975506287363256
1671473710632524934
8098321446693764514
2712874710161469339
1826233768745319924
1915492998769004144
2531914934962812947
7849833318532717656
108058662816988030
5160224044750233589
7652392353872694088
4500963887173244590
1847835451960919437
7212393022035710371
75601699738710118
2253050198223155163
6190835211002256745
3113043333435565317
4688468315988991627
2356457583605057869
5810434403358272143
7957854582643807724
5384308000255748387
1786541780744558702
1893584474158035086
3551246752210698361
1836773526073706601
6220502721507782313
2106573872426675478
6249934799158869741
1837191363756745502
7714387399760371938
7215663543307383951
488083549436296943
5882964115790371543
2727975655653239042
7752906137771443031
3703753228267835438
8427269449948623111
4662230607604008681
55091378702332751
3183274260060608259
211390118214037090
4141392354242059959
314688950869636536
4565239195884232294
4226595135452436081
4821942575315816982
9043220653967497895
8610148213308259290
3079444638692482894
1243291394228434776
5851703321179495444
8490907104893729215
4473719161735124039
1674903084547062484
7844762285905678606
786763043326866145
4067916179440106627
2458221537782373221
1284823522089622411
3681194841845307839
4435866756057475616
211012922762064668
6330185508572847364
1243201940769976169
8372412310483365545
3209254464944092231
8657823588111369165
7721105917383789994
589817091678270699
1544703011635295876
4858048560069546021
1111519949939426584
3777436858018653039
447022596764854381
2757463769375194421
7452769474664774840
7818735824348639025
6909170537019668295
2920869630017704707
764229726031711503
1918733903615537147
3922468483883051135
7030921290922372035
1096799602929044639
3069907310789485615
8031221665775697022
7232489348821815171
300527520389288712
7153991324099550221
792855338033238496
8273399245697394025
1602181983480129110
6008616767919094750
7086715161235648744
7345744368148399332
5857505535424369405
5798050737456685409
5787042394550719590
7252189073234127529
843003401838230212
6082698731595357919
5485029022642734865
5094513396454753980
5000281102390478161
2178766196270256062
2819392633688753878
7168771106496497799
8533931645742533579
5045191650761374967
1603707601455623375
2589499667231624729
6526641975702780034
8935041387229698091
7776001943778807562
4700825449854528290
3124371375292024841
8141590735409001964
1930435532799136276
3896402002449644546
5176761728573872544
3402465095719380595
900277346449288614
7410983987962903727
5196336140424560421
4260777725539908688
2210830020470472688
7345958495381461942
7682455538684014405
6641531076226605809
8322125898396504552
3897289123650028097
9087830716397123303
3900882182849604263
8839963027346031043
589283281938042479
7465906716560070117
6302298883662452775
2953427180746242871
1637792997241177441
2039507935617959486
5495136904042807924
8663818492325449699
6596672764494486518
8306894691083835221
4549274400184045189
7651128797228877679
5797731191342853668
343289432168239412
5190040662478972644
1718938025112812180
8179279952131314162
7463791058885868732
354253674191308285
5286154124246323764
656236071112502591
5195548863241954705
463661593452257758
2291225342157120321
2077320479292809445
2930638647720724050
8355386214258426237
262809939441241488
744826428822145721
7862072028302699368
6932392482598671572
9144270833381187351
5981285817359844009
4877087338809668721
6193262871241276014
2368997879638231164
3507476599370634515
7038094526491513685
5012076188286629455
7799160953155347709
8767102068617041934
1135143331686996527
2863384238563497679
4245912944746428798
9053016269241875819
8837031530717046892
536664432241344899
1967298891960179771
1313328319588229773
7980587916885762873
8050472335735213969
8743053257123012020
4066058902408479656
1080068871599649854
6766065641816805907
3315210081441756171
2091201304107277069
6382926807914332108
6018757375458678638
6666234434359348298
7477776241227565953
5714191287853752000
3789497725135422623
3991473255943988225
5166945773943598268
2831353617389396173
2585124667931468202
375280965687519983
7938264494547597473
9134338021949137014
4806489429820955883
7646844927750104657
561021180992711110
5654827949023831356
5870547618003701741
1620214117168441440
5849126468025266482
724926316746521205
5477176274388796289
3456750037361298473
7192654390209905282
6186861056722441107
1240689618885775776
464880267831786584
5805409915695444598
8297602706782090785
3132211012778870171
5074856346785003505
5630679096219615572
6070214658429774989
4111598830146033434
8072840990777799416
1562588104972764048
9173342929824200536
446927141047775266
7383053758501010215
2802100899388601198
3185241665122028423
6645598676574989900
9055863631592862403
2840570892104528526
1386005944888045192
8745724317824754301
4021685957832510509
9159194196753391677
8059705682676334024
8944567787867990412
5778565400879241016
