7684823812269874350
7292226373886923241
967587988801941506
1193470980746680331
4302324452253633963
5324216435835220897
8910037012903646489
8994729524867173533
766276609610825628
787851527770210701
1015257120339193689
7655017583972417430
262737040834221782
7444259951806408506
1040590125772547230
7091931173423208205
3819786369948591683
3141849545050905375
2444027630893509235
4104234223795366150
5429080520038978740
3097218130668860467
1210424120042145200
3016392360646429411
3345158164133523866
8443043222065299089
5033710400867145124
5632196668149027243
7429844647139592907
886881841000050999
2401105808246815658
7786077191988930095
5476367616113334119
6880873012042652594
2446804302752634917
4167859062962338401
3790011652531990896
4431982888702981259
349051585118027222
4844483141956992716
9156177291123110204
7210461756072353454
6550524401258736231
2913326689978178996
6837099351279080498
2267794987869976966
4176497653774993676
8451639133238985328
3731455387744715165
7715876192499164154
2447796243549711842
377855667461648181
6411349813937260205
29714456193999178
458546584011816757
2669266093298673299
3582245668174083236
8990724510546471644
3633240956398506629
7666633794041984028
962246555989016587
1410165683983432392
9025425610969416563
9161268270870093073
3098248384413619324
1377025744770075874
78628047928182111
5846602391308691566
5252488267646687607
6853959412856473781
2874093731254149509
5264164164454492121
3770005688733824928
1052819096409294402
8263409251966753307
2940630652451006229
4184057576466457766
4165149301113948644
392427751437106468
5331572119690991171
4466867123790066366
2527965558576829265
2277764369682494527
6912624603594298467
6791386405749650067
2180016495078772372
8656818359680258238
5993548435555683362
1551083658658087549
4414976095329382974
2577434212655186626
5363235348496650553
221902379468994795
4249786806006502524
4833189724572778610
1956291357379091083
435076372017362771
8788523855685132159
418352530596048454
2446495857338182494
8642046046913290990
5594013594869750463
3537073003200745034
5137276516094876400
4883781388635258865
8848109638989431803
7246670469500676557
1311525797920020183
423755613951834071
1610504347651838656
6121269456513235575
1428258915072926015
242775660642389890
8094631241000133777
4701744657394462440
6503514118494957760
3773974661047655656
4471139351034738946
2804677196643760474
1863243770189032169
233123156132084166
4977580197624798247
2455365872900950079
6299051342951826848
5271848150711658719
2486098145100591321
7856623138010248821
5850956524387046237
5238344623082213885
8970077305839295056
1563646189417412140
3747239097935981188
767921801398135293
1059827878217757887
6960884695915006295
7943982758607032083
4269364030107096679
4363623612594546222
8835066945420775479
3534771304643021443
5418345347905460767
7788193235292104106
4281524576227557766
8327676837731177884
451010792321707440
518335478986775313
6933473688588615288
8380078442897721215
6916901850745793170
5211199813939965924
3649037545582739975
4278911714802831806
7670595596865094248
4452828666467791464
7896357493643296960
8259984240432798494
6052996761921965437
5092266145600899486
7998287970379090885
8158558268842905533
9019944750475368618
6221872352016839064
3884428366349226051
1514349500548526454
2089568602371041492
8779325435460659801
955947212237259806
115276894297668640
8918254319628494237
8465121941187290173
6588435864070165613
4716334780690808541
2824953516475583514
2887632676108664197
2601438386502363873
6572067134296948216
1224204653497063626
4062879130465441417
8790472593844486811
345584866869884251
8250612230334502252
5021782854829711781
132190154371168082
6399216457291114125
6357920839409834189
158907661938867807
4673781077296918709
6980989415854123336
3890023226128600616
8407747010125413112
2485722330425164750
2325595401169387584
2311136952346127089
6274818677190327319
6207953765103178160
5730111864785034184
6910801042788586024
5259307985667789295
5732843646029901711
147206739813607936
8209786738297058576
7711385250262325305
3008180184458508755
6388903985478516766
2380650718361604744
1934431318781296031
2727960021360413547
2832264608435076338
7683583235425660450
6743113469166315305
7619745126720756962
3573569681965369654
4399645044118117626
7005413335172728272
3050988062082583724
7210121958011849886
5824550155775483113
6013039604737992017
4781317504926867109
994728458954920079
1934990349190641287
3445602532501796110
4479141617267853943
1347367990471366217
6452468087270061028
1973919047515153700
8658511279544140379
2967911961763357418
6105298958669677647
6998676807877097972
3442684163128443704
7828423645712335367
3005738795059800009
1504453118395332965
1878247955834294168
2830106982161854861
548634347353491433
4759393350761507099
6788053260723726819
6131258183919579714
1703671260996536661
7467450633756811714
353673063066270797
993217089388375006
659959806649818659
5637541150659178037
805011773509033093
3720359632159468323
500230113360866703
7022138404456584258
6985124600374160755
8448586389728268009
4000342539840564498
2558574921420162746
1784523747261773243
5165669463472940891
736245851026036599
7060763916469833502
6384727417171685935
7779392839470665920
4462599002774952594
6950171184251219686
2489552189736563143
6650293860694634518
7659194530934744251
4210196364907483675
8138259900709908348
4768397498620329578
1198968847918631375
5126873925249483350
929410718685488574
3554789510021919014
6426525466440382095
5472936972854538851
8434566476507948512
184257811038556169
5182141332763901937
497435487009747541
1852537646384185289
7992154633803530040
4224776777123587509
1115234024570183346
6061698989632681781
401601803347394306
6339266846130190566
3601795279780503122
50541046954569745
8154321194843892568
8224103985500179473
8038765612192309292
2922231608324878945
6168842353878066003
6112538807320786714
236082355820946599
3184179176641878941
5755998180470562354
6707838470652428903
6442945865854201883
6040790674327223139
4450929944832529424
9202138492557443872
1455714917303175179
980710683092863183
7688557497731454283
456665265625510824
940989963392912284
2556438874357772810
8488977989169453271
7210331446628253369
1172069342699278968
1961596445689011190
3585873469985825191
5601012106892458457
2519265742562874775
3073658204979432017
8352474440941662566
5922854838375348450
3936583025550558912
2348250047814941992
5433138752671012057
2575974128315663545
7126428716383100302
5172724982071970487
781606462379696539
192378478087868407
8490262946807335813
7559174114018260295
7258244370926173672
8596223980697931606
2421126286937994628
3479883692904373098
1741203731195666939
6120618823945716239
5060839082781489263
1898796925544978850
7850625351704455273
6231422099214679163
3918904292326698122
1457116347584143475
1933703886355857162
2560874281933121782
7239650874405804056
5362206301200461600
4686651033389426178
3749806673741399605
860617472741714202
8381329169896540392
836375271114696262
2461213182523746606
580371145992178203
6919682274839275660
3410630548310193120
2628738213333066133
1173690888625224363
1229132169218957780
1607871815083906484
2275974773782946700
2477583479768022623
7417188384535448253
690244316926067901
8156606772846479269
1154900733480308861
8907430468664456289
5704311079076279152
2325769292899430837
4515738606683870036
1579980172543029914
1053429726828974992
3525220269902670148
8114532969179851386
2686578477234974744
3070224443561347271
8584507200399552503
1753995975368273439
2586680065272415400
4736183071729349583
5428657596942979447
5730405867504161574
5549289021164135361
4113397930737451180
5234779453875072106
2122688287085469486
4254954337632688716
8641993400919785920
3600789471616695388
2082925769303567908
7137731243747130168
3224073968769396208
3796110255758841362
1625047661553672241
1329474153856978900
7066743280973526249
1960581693138667147
8150939378892925926
2173418917361689759
5807351480930484982
6964182237530075599
6164178197206581926
2796334730508773691
3922858136740519591
8565116590428790042
2102906681210599207
4911847734927934406
5338210244183833466
9107791205908477860
3421887489066686669
519567237437386255
2689866769018437377
4389538518814954351
5186513898345354580
181328542583012600
2271249785728817348
3022942871095379136
6885433469393167767
1014765027355428220
3001015302658691436
4983020221879307991
5686559416721094859
427511492960340076
7604622520401428581
2101081696262663965
4868363863359533845
6006160276845117931
1167280307244471154
141475212222545994
7345392165701118663
8431120763213719308
3754754800973323782
4764746487227714212
2568474018657703055
7934977646678501713
6293999711360397026
5128224352380767514
1726147446605198324
2795978488974163183
4360056984738277866
8593873507637732289
2242425995639457420
499866432155977949
581474296448154707
962650902329366813
6745732664382555865
2657725752080167832
8870653620195577077
541259313673426126
1723925312242795802
2899894535986838464
6214937161531740124
7294061017471101856
6950335691725908246
8330589847147453801
9103270830212971474
5317701771400085144
7664122921019804038
1053633282746748322
8515395383988710138
6880502706764880864
1131502597858488415
8208336903299917318
1160803535106423084
5487512737265779636
4139677044135545619
532555666092217286
8150330773628369601
1126071452221230822
3581747819371937978
8504326664849993352
3286980819892970599
4880952805103901330
1891473244681572776
6772009247732032790
570596779771042843
3739396370725719678
391045037984420499
7180698931138354141
3428209979004215397
791268539809269077
4820822090779715058
637291774770272034
3509792820434168179
2574229824928829053
8154160228472902045
5618828338928331714
262438712011976884
167901936380031020
4129278574435184594
2258151806584478747
5748034302348395520
8537241426730762656
2869223004204927559
6174349991057744500
1653701765925529569
5966613167197136312
3607631372895318277
892108355160625791
6433357969979147237
8802058825215321378
290465274543289950
1888620076657510832
3177292863017604967
8127197319359530660
7148794457335881838
6201924432642427988
8210995072533039795
3258108552018006962
2470561871326627483
7505509759959672811
2208992012158023726
1607615207661750664
594739713032667304
8959267843668073115
2820365140073236031
5682095525411892461
4480024830573523967
5233863112357780967
7822410264548651394
1505158981210577389
7179957784468724908
4469771049065181221
4166713392128979964
8258257866154396584
7547178237376084231
7274065934165474318
1038129220324150923
8209882239256540238
2152103845023506404
8420164255111797890
1202832623781888231
142140423543056708
8009188561781726335
199351867791462052
6865612999806621441
7266757178744175576
465642161299094752
5950788883430843090
996630967626528230
6683024217940093368
1295970184674983730
1938530593514801226
4858140850027013339
2288119487906046218
6586174925893478540
6302387004218139595
3495671404310253117
2278783692204224133
89779883344036590
147512109401452839
3004890281252723901
692977335041981494
4958284925857692451
273740745508797176
4786376044249051207
5611849141669591744
5287921374372614923
8958013807308358374
7156040972025674373
20692524671734158
4134825284639222082
5289063573226633657
3201565595480266399
3666025872155206152
7981560992351771703
8516257458853859702
1967968034620339805
8169626748720073557
842910025333737674
6653135290919736228
4542269110512533086
2713200718565761247
3921964342075396059
7209594513499835014
3066819317988817462
2768350187591221972
7797271778836839772
5258135792529549286
1984766370396283166
3927922981833907305
1318320427548882434
2894754263784526548
1023403347381976050
3701827133902435110
5883256079974475902
3707715878334163486
9074838558608095569
6817001587985955335
621390242723116764
1599634458852715289
5181618045570403691
1007870676528885484
5791153201228966565
5642728291828372973
7945759863153907060
7138545621713764735
1291801337214666047
3508618691416598713
3213124877947842034
3810161494506005427
4240216566706640027
7367146610671879738
240831716599733550
9160793079539413699
5318546840256817724
322406400555157666
8343825621070822327
3550855247745236374
5571524178478297503
2203087150146989249
360248700960077392
5919479688736602706
7199010088016620669
5112375273073378453
5759440799837777438
7257920322191078059
2247539257981992463
7011008362418201781
6128482910811287228
5474502561159636879
4765063794080593294
8515635056714131632
8644066210730762174
8280635222921104768
3501803308296293836
7672302319415386408
1516096607933091535
6552480093361098495
5072765844226575368
5277925112420590513
6658212689257936520
4705089945752766951
3486398893825091900
5493975840414452034
1538974511814196311
9133287538991366990
3966945136858848585
6787097401629336104
7113903078949273388
6591192920076330151
4726875101146246495
3078443761818024323
7056347788656364033
7934302738871627586
5972024572655305065
3059019995287413979
6476590129766965640
7502207332264328530
8933558785517579725
6598479117325266155
2519485319540749796
2723272790946927229
2755809961346939870
8643732557482340570
3163016335588440051
6381192918607428146
187905070795289974
1350955383469679006
7986409725377403881
7134497556564174266
6048585715166407230
2460781436765216089
4325709020829614565
3253788424963395386
4254656839770658119
4294313754852345540
4911719822031062136
6834095754665222085
5593822649537173776
6594201136080134146
3135665473350706346
7217517164913917374
6766235811644716354
6102074431221899191
5894583114922393015
5299883881510595465
8643744638356972153
7949509072519290773
940963965719846205
2968797620185531439
2758512900307851561
8686051653521178790
4289572926171211183
3742685865427731779
3429575733926931850
8127144550796360809
4365386119049470366
6436399086842765992
3415370622532485604
2993633552229383130
5481632151145494586
5528980861235520701
7260784591561802518
3375811983460617518
7218897898709990143
561266978625425145
1534528019088146395
1638540262060441399
7557243935503205480
5582256402573854128
2718909424877732620
3485255477342993408
8653023142682714103
8004541606979826306
374564174945717014
4524765376036794138
8370054018695864484
5859151530190753377
5546576882976815968
4172643303943380818
2214652499032678365
730698542753252521
2907574473983701515
7379702511734333820
5383647820791236814
206211898582810702
8209321371830043370
8057258462302576048
3081481366032001903
1257785930992639925
6662528770186661701
3152184227315721817
3142670196629228354
5086196365677098093
2772433638010788488
4230477773366090198
2881192471340333649
4351038144392934612
8122378968043845618
303994654354060399
1286756438878832488
4269603544758732577
112496542811055135
7430553940810315263
4256813017156800229
3646901680207014405
4120763838421252649
767261531667816048
5770900289174431171
7897036042612888849
2689717641638642962
7328986917307919166
48876429393352837
4346808698110728486
2618465464164131817
612083966433829051
1818001240984353661
4934220392365589065
3351091279291719349
3925816342627441942
3375672242189039100
1993031177441543695
5072793116036826843
3925126891656117134
1088302567091979474
4028128299420943492
284331476662668533
7310866634515847452
3312358152819349076
5473638525951942808
3816939481962770995
8408190289238016400
705375366594797187
977490931961411176
7210226883519283808
1905835207782950245
3003974716124934129
6745967911526429055
4741529100721451389
2542817604883448002
688681068781218601
3431858285141210493
3463115154709771621
1804814775091816404
3978188679028552324
2733246261623488960
9083144531596790466
7264071351633550478
5896806715416146417
7452744976865554160
623172379233396767
7186896652017436024
1107091239580480517
5096624688266687923
4209053594164114537
7166806847329615520
960100460310360933
6883244270538677448
5249196082401603464
4825609697443408218
4261103305837507411
3620821082523587367
1637349135581745471
4355802204905063225
1604319851620239602
4325621054067847771
3708666906596539485
5304795616375431759
1940717123439299126
222504193594788227
1472232532826929180
4477699246192893988
1507929170603149171
7477651300972215550
6350094188646234868
4515928389711984711
7110152910580048076
2901548948619634928
3776228787919301479
612848901112702688
4937203584873125858
8708016217888853535
467832365543826315
7684874170153500496
4319181311876405970
6792572168808309370
5016079509266459765
195067497473779070
4762598202789024237
1015412836621792614
675156782070205287
3663349565309406244
4547157153519570465
786931579570676365
3743965397124565218
2945034847014766529
6098290901284280289
1576043612132267416
1169794609741683045
6282649833327535002
1669632119644223853
1378271467672694675
4499834141939588101
5482193275110588299
2518159623641918877
5175484642995420099
3101165114844570723
1726100917260353313
5398184380668761541
8966644842497437777
2388938874993741453
8671333671046073041
435502049124760429
6046722228907866051
4591448674400055415
6752071324237250920
7758228860853326447
7826212668750324561
333031411460172983
4705157925901643678
6961807053526085947
228844967298319072
4281596044900178102
2311537516937257440
3554714070434345207
6660944498041154087
4506838907411468203
380243675279168417
4207945991695030189
6873604926209904019
4578754151505340282
9069976632451384773
5599976998693279787
7740192966990566437
2792394423790658727
1733450627847131648
6378974142854409572
5783151742768964754
4299901002030674862
9071194176685331967
7971217694191551307
939924025344285912
6299713684242568570
1667138390546498737
5802969104751848181
4451028081507217225
8075680943394546239
863572302022371494
1521375248473789041
4247327509465529869
4480265966430724948
9126313688500216517
8629612616587371344
5833185673814616243
5130674128389775410
7383267899055176838
1071144568982504582
6256876286847524979
9110457968575263348
1016321854930746695
2012413102687013482
7243716935381470574
2312829513937542852
5166665597427987600
5631529865989546390
3022489453656489488
8331176269875674513
2432752466285410596
6673034268060790073
331490183270625019
251339664831201632
2018236161249865563
2167091882886601419
6894295045078883119
7889269122394645892
19025037440878446
2978442274212105129
7981920377668398194
5950706176463814321
8417875081691378009
6765863857332004168
8569617996252448567
7571903603169193334
3192060562022924970
3535109027443535147
7997337752049276317
1267369576374624588
5237630524969982528
1045979405060891540
7648659472466244608
240431741098563912
3296060218648629108
2976119187362948804
5038751062103624571
5796930995926359246
1884912365433826628
5343215359002913212
7099599361138998963
8729442966422370138
5621043823466302031
3926929511785342551
5889466404905728375
3083850501781368945
6830192177546103769
2653159914853084496
3592599930782174570
1589590502126879873
2289529173842055983
3667165698695501338
7332846108969056764
1090607410714819375
7335026380732840715
3491447923171074577
8196504556132195609
9116314090458896224
5393489126494395819
3110124493581802546
590115370394315329
6757000229094738940
1354076487858053507
1287011317597636747
8180614840125650261
8331003921385993039
7445163933697277739
3212486290407802587
5150190398912925385
2900642998469496363
4265951005041628112
1364985696465331607
4945757265041648569
4132709324827265844
6826001170842678724
5622371765562449263
6655323039770718949
6758113030454478481
8868656406645709002
5651786757243564218
473109341623236958
7978455363160873398
2224772336014214296
571774998052144860
8712144668983514341
5266314834383534609
8423220503954011772
5811024770242424245
3945389712511808331
361149742668080412
1427993901774692006
8049985645939464286
7261214951020940062
8545730007425728121
8616801326538163239
3533778467488157513
3968648474400951804
3317378608025667921
7643757545713051098
3584988071822537459
1890681651440622580
5755500919746946063
3099347265712718742
4068665879322872346
5204169653117471389
5512740268625328641
6081150134251671813
6752973698932417205
5225595965932796262
3000555572569452453
5996507606780184696
8026588029124931560
4506240132894005890
5680512298249913512
5965750212162596059
2264576347492727546
