6833622888276072056
3417281218986199136
2345311901476207204
2035557927970501862
8974437193361770988
7964912132362007912
9075403549314224256
4943948133387798513
3320263153576107054
286112828517639228
5422010458048517236
657698717011154966
3991163750830783404
7337141770219040461
8426633584794334662
3986173573781049152
595630164187944417
6843125541151677149
1762611558757140036
3399045572501027012
5303324849647999657
4685103275329708599
6040826532331166768
4271851860048792344
4648847999610816763
7120181162120125427
8885075169018292193
3215459108634330214
2203080092184175611
6203036351413712814
3230739453046684010
4482154594562643603
2439936998421059446
1166024263501552397
6426379396051825797
8784702768572124397
6165723091126912949
1256691386936546116
6894610530104280093
7893400553311032101
6915664861720318189
8720964907216130197
8008812378086902819
5035857991869132716
8702163750632120507
4071687856546504673
9091939519721910890
7282662688001979589
6105483763776771167
1440687271177195584
8079538178942356185
5066728810165338194
7093822730745532653
1232188495001421160
8979270060291334204
4502696877384993277
3806009650860726790
2421596302107442329
2867655547015489542
3932759603882132794
4264214745827248439
1351920721958694076
1786086824068646867
7380607380748176815
4683951433746840143
3891187250757746181
7784344371371226775
7449124516809947513
296805658978255292
4003243857464528681
3381939278340728262
1698145142867267673
7572664770007901815
2665978333634868672
5027012931487985323
1929522492398824247
1950084676538723747
7140433401312856489
7964533579326706998
5749297381521385890
7556929888050436026
734562527046996834
6893850189860502908
2640134238477202128
2184795482413145253
7968237895558235217
304439132141565232
2761094952496472398
4548015317791764480
5532300640269070908
1622112923679879703
2830274644356778352
11015344499771591
3749255810440861212
7162668808870201206
8788074272991831933
3510408529182073231
6239512545263715452
1369583003393977872
4359820681123000588
5739854856034901580
5165313446295120562
3747576851908854591
2661555100974804277
7276148716586044644
3278991762971251685
6108020655933831601
8713565758735133810
8439045458516180935
4212775665965286419
9218484555916574151
7752922858036470842
6166913793626378484
6442114519374906224
7305906055492034327
2373553673623987636
6980473589350451426
1634899933924955001
6461387057240048059
1883041832142878872
1149158247188769102
779115410215032806
1954596607001521269
6212974505592178550
3963120050865265718
7649132629600034502
1235988286679487198
8502831708857504752
5038254319324023888
4949716625618210830
4885116492628725453
8714269570852668138
5346880834274598778
5155038209610809036
495827722648930768
5612075627488798935
7937935268372368637
182655417531555353
3778539799135369131
388914433549138524
4265214775552287633
1261869413151986378
8784178848146454499
1212109446198134192
8005832053869704834
2628071489048999179
5634791584347269648
3793475490959882017
7043063480657548544
2201340963866512388
4687067551199394551
6567686842236967761
6339073785494814150
9099265893696015547
269758538372816537
6443716466566432928
5679254195201730377
9054091041625729064
5222398857597058195
6725831369470053260
3264818017036143326
7765191127764509699
2576223546768294991
5257601296607071763
1510289837933561294
8638813196408123109
7280709397234639792
7294875137450441174
6431134966428442109
8593068241016936167
3086169951129741924
4568805477971099648
1693061825857842244
1565227740952116952
3322331136045474381
1586253980596636380
7000841032200481154
3628116876887027158
7628829886071161799
2193306089253531710
286224458737227996
433202402072093821
3548615755424160603
6468420949020463873
6904542214923189519
4132060749948886921
3845268279486624468
8457629815744116470
5272504676777675535
8231479913763668852
1176176776015225189
6432512455229512772
2795179990117772412
1263235706285542615
3803431134255047275
6235232167541621937
6117216440020178636
306029387872866120
8304547437224056517
1977362055619797960
71211374526716573
5187382358624194348
1339433061928373288
8231431624447068516
143804967287647536
1919692719184966052
1367830075139554282
6823803522127985232
2839892876459160078
156900534449691466
8179019378676275857
8373513714536213789
8067229047667317718
8023418667013946393
924785864314420624
9178558200124582038
4350959751533644575
1485379872186732359
6509055836400427373
2740858228981586170
3518078296719035375
2225353384773748700
9080143949285267332
4349600041553009940
7812062590674275656
397092515310542567
4073932965838847279
7717875032105649871
3074675773296840429
5610701742579020237
6430360435176524351
8499146555116589907
4614840969464657607
1531841199314304646
8384437802713376002
4493534011993380269
55856300930375029
8568870532979076906
7368210438960632971
6985825608433199731
199717486119416140
1252504625432987122
2792076179254511025
2941482527619385753
1509975989716011838
4908417461578384859
8778711798029424956
4603220516682777522
3010251107393224292
7649130360223815444
745552537448932445
6267150862707801630
3211096343126557196
7974465890260881707
5288608245351729645
4417413617015246594
4706627348382122663
3956264221298865244
932083018875726468
3817853728529351917
4054310938062295975
1648541602358408882
2196838282928034407
1936229918441146675
736436663975345470
2977707667458220391
6909511008983421112
761779452110496994
1377027909717260927
952176675744430200
1427541492574998391
629410061256390248
2761010432941312015
7505820210929092921
6950638134585889187
1014042277643049565
6983326989700026879
8942257077525325750
7103678907351741367
2449595726757730232
1823600657590227354
323659595542144969
1230139526598013691
5718591709349739780
4092116460975416874
1474750461764033895
6228810041745218236
679214766973256342
6427959280171506076
569082382514323322
5055479640722594097
4638473200665105627
5164918273566392026
8640924036087601252
4941096842007502480
1845015989185018960
5325569463599684234
2735217827697301553
4564811406401177319
6524190356652702232
1825808965679932824
2953712384127483398
6290036587308984138
7855267379906076170
4693335742552333660
1911531418217925617
6096063984043596183
5763787568312530710
3688419381712412468
571111902039214764
3414389201375575996
1267648206026669670
3893614541352760953
3451297465507500352
5593510467399274038
8092179979866492286
4907745929892717584
8409385953525743513
5578959559949589364
5575292100722353784
2944239041821770400
7204903587785585658
775659525475396410
1101419649738877040
5925343881237807872
2935726217556865316
3454925992800166094
3384738842861973040
1694864165243493650
3268109201868770872
7470882923453731222
1997976538469939305
6823748658180429954
2583177556459987535
7223903699875965606
3832003304368800746
6243264615312234986
3388189324336770833
8891700454809393977
7678629570218606262
1770536220228363212
7456411164068358497
5743153789012329850
839600024762976857
8703656524938622542
6087595277750265473
3476899715743024295
4124123791072616404
3505580936204453159
4385392189125208476
4924699581596285849
2567857220769483821
5752775534482208810
1430818304542528110
1806124767934362909
379830903451134228
702591182566257119
7472684694169465413
4985405100604914670
2353765950781972487
9085337415176308595
2376262527410851157
8794384931308957535
7909162817468434103
1931314988920244547
2140041350444537871
8615713011059133827
4866492096574088512
7361771254160221958
8249277796194431691
5416490260653278324
6465856879786695779
3297633337846816431
7223114608886593989
5123036717062319362
6315790006378665723
1656814421568610980
6260603345578205495
7817619373230637772
9117430018853811143
2261349472827232221
4979624782839734672
5986190285051823567
7097569106725727354
8270080690961276726
947226228957501738
643353149824123423
3233525268268487818
5285995126951417581
3200947689037548670
3910639901341809494
3892811505499950668
8712643949995502402
4132240811699615807
3278107594539121572
461988648779706522
1028495809875045519
3161232065850720207
589659630987969568
4472386224387678955
8086003062392101516
3592415945557294434
2831205858717445088
8528796119187471551
4031874206363778853
6905194927960888983
6347758843635387600
1776525441865265134
4193411512459106925
6817299712643419722
8352618819426260492
5464427292871726116
176446961250988052
2126502440515502550
6447090949462855116
6538981288167493949
6388628672442834200
3258819743189657461
2816346051425699408
6344552498022580259
6326690691920263862
2144990461665060365
7389499550534743840
8189127943114481435
854944175169900360
826210935100758859
5280194161341615342
5302092502166899171
4640128472184324227
4839635051932035142
4358784142104603785
8455264713961402515
2259440600844128678
1283192137851785994
6686618800154295108
7640585938519189250
5337928215566800193
8059611833784970324
7467071303243123730
5477566892282956924
6209474577477238506
2760554139542485022
5003760298646021891
2865885768099888054
905550160353082208
2100145195481888939
9113565350357128867
7129424982138067611
8164351977237751098
6454418477047661327
5391860398364950204
4350887746504746628
1305507591141443916
6111342821840717766
816580075141749824
1851717493078157394
7546984638931283905
5119170017335294579
2955520990125942252
4582657456940624420
7402655975322435768
544558594798634927
1940017798029065252
6891580434966810216
6082113357535892967
7760231243443421831
154738166208944906
3374692288121060332
696533565465478139
2612239466110099940
1277997878750542878
5092247200673094484
6121411816738603078
1066189177399419310
2152440183641577631
9094265031264726007
5658774349199994862
1575122458714667320
8220730377528666516
1014973156454593032
1881297749845775657
5632790045817930964
5283488006143244812
6547225705811978663
7994569579127009494
5957881622815783443
4715809095619408558
5737498838626755203
3283846275145740132
3047910027874057415
5679856854288203766
386408798434671505
4067522889104534745
1029663900098677270
3318814436475927643
7121988274024337266
3248938339287235272
1738433464529212794
1420061018704585353
7053905995725522945
8725362968296954413
7469941660089852571
2401687858812558155
7332581654529816574
5035837544100746729
1871979886746000932
7338023270749734761
5681137204012678989
7835567925674281772
5121938796130129314
3339513592057709238
5197792332910568979
3113185190737126570
5877727622160765777
4763775110529259776
728060184004450997
6882852705193499226
1911495656910668257
2866295104485351667
6663280794477142102
5166174154901345792
6412757444098945048
846172197775225358
5359487928061772663
5944546227516957293
4368027041838359111
2634203815020224033
7712161291772771921
6385128258464120527
5572793118386036884
963677189437976275
1807546092250494930
6255086529016470599
4369360148775831907
8070094432000556788
4225804586534539544
3066936223068963098
8904751205721973203
1830067275192352513
6935015910592633330
1762763921077699952
2125295580588534784
6079482506897437896
1603740486754619023
3506603661585321470
8793669493609859938
4985555234937333017
4102107724905669379
739925293922805788
418298152845463313
8067044310184343717
7905572223671221663
5190250912757545216
7195290594361436723
5594696938477348348
5162138163978192214
7464459483878336399
1860445537816663268
3375898821316079288
5576402204686535710
8980373185713389942
2699943108372021822
7653109540465286281
4082719768043692755
1340371359367595325
6789660969835637763
1010682182005797821
9017706025176787752
6242656695063841433
7729939756299062780
619623060892585394
7688676172612860671
2100909828969610439
7638272727749995828
5358644460992020684
3805920278701008826
8798359017802542148
6007609641083792571
627470468339402710
1280188357191096678
4662353689105594031
5455651341293965514
7743408680109244338
7844713199668780553
2015308028446319647
6800437534567209902
7993112820677331259
5033258869072392506
7294301727964730443
6551426913011860573
5573861098341680813
2678991656433213661
7218934195797290906
7410960035723556329
84493317495838524
5662320462362563476
3899270779287805877
8818775336654713469
3605604421185697922
7412527342644730130
889560911250102029
8615479242586063229
3700436137995457819
5483254637203556043
9035811199209162558
3402304451318948097
7833044662121639740
4834154551297261854
7249284523354999882
8588576516788442190
5423747252307272695
8642765611316389157
6420169665725838366
1622567732687811660
3176987260601381202
9063416942588436904
1125712853280616085
4902294946132363970
6745293994761420439
7468063466573807699
2237893524436881057
2708842484144012013
8371565762906257628
5520329745784230266
187610725066385162
7515387093239348846
4829863877043555122
7109449617582362566
5064934178780842827
6743417714897423887
2521164517363481949
410881063360955625
250575076047322106
8747040547339824980
5591721636045181371
1774092986638357338
4888827132027371109
5162054441966928557
6622195945007181474
1832277972625417465
6032516360075640909
4564778613357271947
7810608527911780280
2358841314925415465
7722548266723241895
968871831096320716
5893143125342850282
2815329541927861743
5813382876740020112
442254762800737991
2073089300592562403
7296411087007982471
3965745838545540008
2129916955694367303
3038915433986938453
2868302011973818926
8538256377902922938
7126246833048857103
6013955039122839932
7737175880569656076
4465713763269908978
5041893150387975977
7703644566422541947
7716649552202536284
6314407807607392997
2356927460156216136
8065000415581748601
7542322340366370011
1813909370738400598
2814582633943692386
1318467409744121214
5273611064734809711
8363573475145425136
6646975396908552483
1818168425512466139
3128011517695700380
3308667939797224424
7413813484704507115
8603340070828156656
4697051576788513607
4442503775500133806
9220424443947092248
8746822205042243969
1079331459110208431
3381488657329806797
8140980540577695050
7875799822036888440
4780648800658515334
7273543815214490783
4059106825448561300
5898953981666859589
5001141533838844661
5089418356726039668
6631129824061829094
4906085414161532763
2714142831471732512
4498056546528776535
2477057098849780063
3656485579457537211
5291209505841386933
9051348312607760383
2579425244199749625
4404337288069091267
7869192671286677016
5471405222370342159
3629023604238106550
5643012818974786582
3203101619334420880
3582527347959534004
9085505067475654784
1497794897904998793
5519847982974392566
8756558655254208609
3094123196556294299
2250747861422843024
4219433720307427018
7078661434065174473
900662679414880551
629696016663583973
6057107107128731543
4348167464658198027
6246885995875009617
8827972150671648963
3148961950860625822
5985787680429701629
7766894648381491975
7994384653983596638
1965738322330518926
2630832903293190200
278209209078029366
2108772486072697321
6918641040991207970
3008418049685883114
8638644262001922966
9047390303656139679
6978272117353089140
2617925023730245238
1743857813309842612
7251128777441314161
5501619000483543684
8529730497731869368
1192361288114408907
8224315093598898875
9215933147122911515
5274902618204649837
676579579019196401
1455103610948557834
6417654959193865264
1132762407561936577
5219581160491673553
2787231904912801512
7003190394543595542
3643044645503592211
7516089334193045305
202893499923037173
3103179449946017548
8748566669678491051
3458265093471628237
3302196428197975396
1831510844259446900
5613392695467994942
3553604813518556669
268254457585714535
2135739012635158335
217127803205624761
66549709846817132
7755495269568730530
6583632453512070969
5663807364934071157
5825161886055530263
6996034761136284557
2930350856638146647
6469347155278870246
6782700328676818397
5541444760685517937
8832822825241000264
6702277858691976933
8122007495230488653
6440785364717100580
9031085096607577005
7246364944964795941
1934527024864980345
6708192776726765694
1116982587403414584
8825909209797596137
1518643039953512561
8071033711414297487
5049999569266487772
1161262586076544818
1208096423762884021
8379916605931132130
547465282553765378
1571969507571253215
9011442434387970260
5647015222988285710
6118676874552900893
4367595804970665707
7120723003532182482
1577167460213096075
5429383805137996445
8975396998058314536
965187355864391994
2584653249072883013
7080893629458154911
2113575480123361050
5336261929385751308
6346722204395629867
8141305806527273361
189814908303958084
4406369284997336386
7912810793314265911
1973872242480000049
8854708629777599382
3130593996217254234
8949099102716520016
8919375383356597974
1760641021204310489
2462251003406821519
7943811171291297919
3829412245749874927
2902154355064839964
1664711158237226412
373484316115269543
3194632024863212484
167580059003178214
2475934712303196781
712776786488247085
9112775235196383723
7387491548751940914
7321231396308827923
6210045579369673208
1964589375135579136
5973494719997078277
3830934114697461413
1194446103622895885
1504413276907350902
470049473767937184
7770731794544119676
6065435488097451862
5625523151470455428
1326175187636316590
5403722460922441627
3000101731437667241
675479361822960423
7034174668737161769
245748231075467602
5400726299328419751
5558361947111436824
5058424904133995948
2367063160202277365
8949092168703178324
2137446458055414548
6188605818769481537
4217693450280243179
835499821121967228
1530287750647692822
6270471523037820189
2760860565895252092
3844216360420235724
1980837126949112647
3784352722478498405
3359537936461684280
1745468493172331359
1057116409869027668
6635255877732078905
8151017214673017374
2005441727398132438
4138804255558134499
7310862064720972358
6096109062215840284
1531633218241084336
4342041085161043392
1166862973248174713
7799071920233523141
153886657841784415
5077464047712718746
6435431312947986243
1239980654929385141
4031714512575338345
1370683058208175947
3116602725371578967
4976550621086113261
379246757576715947
3183702205152523766
8361650651986939099
4300476536222803925
4072163459445541892
5000587918191608556
163704501275806065
2355852379878629776
1397514618627327942
1614038418882061505
8942813928337841594
8466703566182099293
3388057251117268355
5576153006222987896
6089412128298553588
5243090365788979259
2930488257049678665
771410113755171340
6527001616815188010
782658983933569499
8588433704082442847
7846733980963166183
3146098891058257178
4815386482448499425
6047858867137751404
7417530601725114195
4727805370765840736
1955491682481579439
3793949785018228919
2092159650704739326
3743809390843343082
2905208307264461284
1105194144815026849
2275655872769416940
2929953216964630229
1913565431244042083
2236520037122990386
563385629840835427
6266627007435362095
2183521307284518342
8534434742667230277
6980835230485279987
6482425003678950176
321333361640353564
7705209056416721087
5983154475808708853
849833562904628776
90543866523543540
8227666482787734143
2715926883505871996
1449530061271745584
7920639756070075072
8426631993249949017
175136694811259789
1761386717216531348
4561918694206348411
4354903998626155441
5665377036907402747
902127859971581738
9037813070614366204
6646585938312493132
7561732025056356200
8661800389071580544
8031901893100043305
5102232930272382937
3588704645740829351
1361050644909283069
9051821728809554274
8253413509467483972
8083624558912003390
1561274817684003272
7919403491243158101
4121176198164932844
3029031104391921320
5464723648235416907
8306188238926092646
1485465724492403063
4405203319664321442
6211467105201043444
9079668583148853692
4438937728899695528
6601545164233116708
3250454191153534266
851451420476178530
8984895774843801581
4768050792483065550
5090405358882583669
4069069440982958262
1162847879463438358
5587800568377781758
7431250856285924804
8443689286812118402
7445917340773838137
2542736505374537417
6895098430626332899
1664523446168844675
871508447170026521
8940646156821603013
1202844191366239061
8705564065021853366
6177923036999544699
3154609319473609773
2557079291697822253
7350805991630070573
2988181178555329634
4512097334250075245
9199058503147161690
3841479682262222232
7998231786140607905
8899776707624860699
7004333336086233281
4991520614482321450
257039227288721627
4890595240768290736
6349909639898174492
673055544916735315
2436334117026666835
7483656567124323232
