7956956549523218403
7506885258108129075
4210096876427584266
5805029142075124915
1961557179079482177
3535805858833463094
446233127205633340
3336971328012086468
9217743614613845382
7552656191225597072
1910300076839840714
2367585951662145527
9004225851103642041
2162025130364625339
8723313015237972209
826972787574461125
571481360008597437
5194549472273626444
2339701904363249438
7130131439487562140
7063740263443181218
5639005075033143796
2553899421368050131
3861042127768319386
7630000104986043410
8795055515414106026
3602489338560476773
4538965116949929469
2297357033096157966
4058992898819245664
1978248274521475891
4833244149751170456
8782050924373762197
8154160187145750544
8939288538926657209
320472142340668781
5575844724177393027
5795809810367924115
1285027156023988506
2858831641901159209
1822602029162070238
3437682349886676290
971629919716710827
8453698731472639063
5913481433158097128
217928033110711389
2863375216110676566
553024595398636228
1663454524527856094
2887891169777135882
3722860028203955375
6967926178351734197
8728054950848703301
4600004666258171445
7359923896222499867
8679234423835721870
810151283794081013
4496541107437298588
1306757194109450350
8673165292222725544
4276073990651886300
8429523459485895114
8789363575938430849
8307903549393269846
5329841026771383315
3471360395795610377
3318400613855925548
8162443811944276443
4281020480521807424
5984326608843506338
7440042252889993231
328089374213431524
4344443260530732942
4016479072831843048
907046769905443562
8878348470808765814
8978242451606577423
5982193181694146408
2009214171346295066
6393674494331081883
4224343584491824593
8904502665557561280
355690715407704572
3214592161253810875
7859118029824608807
6062250624465172876
8556743833216657136
5844120320350009826
742997973674325758
8278448126054703344
1894910391339334931
8662526534793748108
7150438904280031958
3827411334560094268
2678065243624917234
4324363862444894619
7880072882117444089
5233253107528405795
4558012530711343681
7123136017679228084
5411559598787991027
8645392609466947447
3206806358666677238
1657422477726889435
6988246149372746590
4120054291272631395
4844724717171536410
7314846635912556819
7601059520398327672
4604507749378350391
1910324635371905041
3517073543871990948
5173010220040943057
4115374174245620264
4113964635583587396
8952567631622371957
479756080570544882
6295141670580453162
2724698215140854028
706300554461979906
7689978799181109129
6665406971826775058
6420548276163067446
4539979471584676309
4916663037968471921
8076878316740100224
4903286661285618952
6895218491280343133
3539756551969409238
2641566290047790869
4684762192324251524
1935658883697901973
8989490970272969411
6502483578146194251
4282904188874340986
884995928813422210
509193034267933706
2806310856247689089
3309409675153549341
2654548422054226519
1257790869012753102
7729289189181701102
1212205239929610184
6321874504056798671
4630154657729021550
1191488941307735843
6865319698107372918
6513963238693793814
3285793736752110389
2050352519022765401
4817353417999489987
1438959309034677006
5206270250918077113
4277008010554869024
1663670405719645494
7496784246516524122
2966843403107399419
2238692161621839768
1373021082206285862
1988029063986242426
7705984473564015974
8842188310943705036
9118322568199462312
1554276015343631332
7222268889149173858
1611984978753173514
6641793474990840204
3817476776764018206
34316962294611503
6650210908122897094
8019003022513527247
7214753443451903163
6552739491090242521
4274911598123270896
5090130569740025684
4908338310829991598
8487404341065255142
5317065479960932570
6964116651367404118
4756107765197272815
6632219169229506204
7770297512704389315
6503950578070476091
7755320191207766312
8974505055608838849
5989899257550965236
8445054053038433321
7530210082223539207
2564752609374294570
4213458899538237604
7868754325567954054
1258599180526404031
2695374519060922855
7382222087540410116
7194484544342215156
5476983153798995254
271956335578263042
6307774375074491277
3432012847258328575
7926325388974195767
115307289062176727
5184920990383457187
6322876677640452566
8474725338997046102
4112005133890110153
1182981702321298131
5349542284329764885
4263291175939376389
2244460211975770827
4162134136779098162
2096724275987341362
1962047375314265607
5123415555534053456
7703309867924079053
6402096160942623783
8565460193690561824
3763741945458351843
4037996807946549852
4179370998508868197
7951955931482069268
331326038990534529
7868834072339153099
3423271640345905411
1555026443089140972
7697024028667186217
1566080372636633900
7689630409701398588
1219831026742741279
7326301964080529145
8898657646049830780
3081178627245524051
6080470975542939838
3510917476771740222
3490733699597582591
8882397881892320131
2244004457247664594
6738277614945165762
3047199362114337315
2051757019033261645
364838173875516676
456890009741975149
8299975082042452648
6808345868889629803
740937113184873109
3050523552910761346
30228973766028522
175879394715380565
4373924865589433956
4209643616966298147
137352658504038508
4691812000184613750
5861781493423505252
372899048740416580
3878470719451962165
5436846828965223144
7620196379684163682
7597212465110736590
1686337424264178807
2316487149216160458
7879098386539554957
4224275487493183305
2421526667708998249
3115227724939358268
2945371932517173458
849725105559527122
8253601103056649233
4944980843187020904
21382583716005514
8156295879174556210
1387302782437219284
5152337401742977311
2804915465314456715
6670273272584244871
3980799378885892460
3305452189760656022
479480718146725539
2418706012685100690
9215561534229591931
7889839905416526928
1452790542985688866
1777788725272453242
1545307333564230731
2424408763934352615
4959588453222200824
5315317917868343614
654309122849399296
408828527243228961
3870140261395120826
2390378698098104397
5953044470380572929
1489962706081125384
2493512149216143864
2676362022213848885
2316039682659490133
4754010703259377764
6799328053973248004
1143755497016787238
3466552084671706693
7182877914900485089
7140788999132973316
1507263586185415625
626427608731075757
1864959712521472893
1769952775161124137
8393850111010059045
3527220490743614770
7035819817600744827
8698893651113848668
6863773697812651892
6257444473703097820
5791916970573448476
4322195776570163711
7186692964441565733
3002417404753298656
7450155238442805530
4680773248733359715
1525433871980928552
632251287239399408
2013158757424484619
5613058856650536487
6713817984032299289
5574564780999581019
6806147171124773511
4485915538037724767
6532197229016065841
3433234852478889724
5142477162017432937
9087397799685293534
7712141639974923216
3342855937021686971
6221655713103886403
3382437596543294212
864128897717922582
7148477766712630751
314252092959293142
5154021676620647382
4478666241724493788
4904024710185618549
2713551616076445535
6343756542365415974
2405478000248959976
4087038804119452575
7485769161055532146
7143671514226689148
1245589917471737470
346128809048495550
522208449921725728
6475572806731155271
5384462784172856902
807141861265521609
4822716396661020211
1258948609156347382
8449618962759351594
1852954521721396907
7422123697386722012
537859895933357287
9123857538639627546
8193055797153786765
4185491405540612984
2083543703664433738
6344167927493430436
8356863453481198247
9047799577317777242
5765032842090697938
8691942436065205568
796694308611444411
1864474361475676392
1590199190775537877
2072313789575599734
6603946903197516125
5960031651029874397
5206927174174065428
3819254462105462486
5750431758106606638
5810291041420360396
6546408428099130947
2739860131968348147
5048757542399898550
8162031847800015039
1685900025026881377
782932830011538806
7888591339217898184
6136800945332115691
5550972163905535241
415542739756322564
8342455754171864366
3326660283875641979
9060749570671599663
87956332870481772
1392640714302120305
954778181189773863
914288012896708331
2583555622819142175
8452088275918241517
5080229687832058880
599302774587644985
6400848708701125053
259556952563028361
8315486568441105380
6055486634053675321
5526361309928118866
4787200739227114966
4036122778342330671
7892737228812286873
1210881487050163711
4136257559543782630
5867473678032735145
222106624061269990
8735422714581859877
803586116424348263
730952237636827448
8869154077025368760
2182184435640616500
7153713630390344782
5855235961785191434
1296028988470380586
6274358525432905175
7195603280249577784
7976886676071684388
4460786735311765523
2421523826839834387
8995702504118196422
2275307217307836863
2023835374182064816
2021171750819185979
2122660192620696626
128102869377678356
818639809824338124
7415162274166352033
1186296926120257436
171236264028586459
7333712447163104490
1226644818964617267
3672800113781982592
3292526396972290380
3651837293121429723
8418360736335468108
8566614035504733317
8409127805588426569
7186317968697918193
4759182592408886291
2544059991372975367
1740737949274439112
826369636376409840
7284451696942601503
447744699972757905
3904034173700384654
6767680359579963457
5695360995765640604
5012088821101677387
584165978916144253
7016764086349275033
8231470123329861944
2592585100599411122
3923989862663590477
727528362370895467
3627884235430768769
1163767203292540801
2950871835818571277
3864483527509759443
1105494151570746418
5632706136077152415
2131991858025772949
1122375676819394339
7220454677014403704
5110085209710486103
6993225599783694009
254733594416957754
1031341362976393490
1460680336629859191
5815257571549564111
6010913103586808713
2832666500318859781
2229402531094528984
8174883069985819982
2099191018756481318
7286440140791537043
5617774070660871363
1962838581158717203
4861856188691236704
56252732425317831
6798655911639122585
6753245566288933659
8492000057333950638
1775919639703295952
387722312460209341
4796704116009305822
4784786281668025987
7682281731249381812
6618122108223869237
8450336630321978297
370499847969743113
4479410589864190971
1248602265268436341
8546342524885545276
3082680084478634521
1759345498822490024
5040229842977066289
3095300249818083261
8241692040767563671
698613076978467662
2300521623694956483
4588195796220772254
4955203864191969249
1983680228031459690
765309226378541535
7264449787746015272
6406514336203659898
3391704678911426835
1705115366241330231
8915403874749486350
5290321401856819730
7409078866870981234
5575734315194441791
5142854224986535594
8676959551611758463
7250212194047190237
5833582041237189805
7600855309733556353
2697700107449893866
4958818486133143516
6211392849621050680
7936167625648368597
4355024984151503142
2448797009301400966
8480561551475618503
7532444660194988955
7331460135113947685
4410816263237455787
1945573236260163603
8202528648093448369
8259655939798328650
1581468025973485808
886449831469610246
2511181425829786849
4912374203437043734
6438948643072489956
5105690837910871671
4061286510104312811
4825361420817283845
3647430561292787021
8846306002680603758
291100140088855533
7491266882915560071
8368860874189167141
3816825975798839176
5740778652254436565
542913981700831691
540940157780719517
8756293320243113340
7257365448497438553
8905393020329189015
2121191653931629450
1791020892119875213
3386127835131668498
8599682616472053575
4107081583670425529
7402226538187396349
1164048397588941181
459336185266037789
3234026150364370731
5684160489691519084
3310595557367577332
6328975477474711779
4480177886535880103
5505132047227386158
6303065126944483271
2179588419134854856
8563307891473403507
8246148830090875057
3458042220134430134
1849050085482767167
855213930143026668
1451480479035876901
4037984384975481556
8167935268041610815
1355813862851073554
3275788828393689152
995904523202372334
4539445168041986237
4524858518787922124
7241612407770762921
3007824871965720557
2340569786436846205
8411308365193470060
5231067055135303148
2020453375579472160
8171313916674128055
5804303566510447215
7543696724908897237
6129305713870029932
6589170383593630797
2852775784189291318
7962164113064885573
3953494836386241321
7019246941245068111
6109626878620370352
4799353648326531521
9148880355231432290
5472829139655937179
430674199189078037
8831959398605936267
9007879551784843548
2922489169066359224
331326044232266165
6507480278795274665
9216622791520900397
8271208642482511545
3437534897874000649
8688763118152078054
1485681815405967656
4675108795155927712
656190364344103260
2851711127454593316
7424010132131539043
7480140738814601720
5472955668597510412
3155889994311578184
2713714760710641077
303062264170591961
8637597937095780610
4884403762556053303
1634114648839982734
5394197756669617648
6453498081429973826
1565948830267825224
8983085961208959047
5262491923975127422
6176864970966501083
2454384923152901869
2830725888067330343
2592119473671880586
1655227182223763956
723285229199131401
3672456533576351908
2121784573559159400
600653704055167794
1446818673731905651
5629938458362614867
1423153248994662781
520987341066512613
1788230291647481135
6924419045538184906
2312504338352491616
1779364947687213735
5104281618129450992
8609263400007765847
7632893070582430634
760718741131031429
3711490051685058974
4279084237017761805
4852141244103336359
1903828058137592766
3646308046122215372
8441615934616534412
7800255469859971785
8438863333682671123
4138402767960277939
6087009895668822755
2831343197869569472
4437382200074995300
7447880229092981639
848503101283066367
1764929464983854876
5410829120334006919
3890312816928592525
7901881531286191253
132931641629169372
9028826234073540099
5966840247784780094
8567460501956298207
4421955558357712887
303474992994509890
8844761923784044414
3726272514316615601
8317143258864138095
4653691800801017403
8650923739940156942
4464346933757214154
988544901708692279
4238585696893113038
419097447632527631
458562550378338269
485822652388629063
5627975221864739360
4191398606986911566
4324016087866650857
856207509422240219
977159617173166058
6630049240840609747
1186823404648612851
6612632669041517387
1299665322922162591
1754895623201715715
5616450787613430440
3018305190982162621
1078911463381992352
3916082142158520910
1561814690559668926
7278541773657710314
4646051144384432392
869855480936493459
5510660788565152055
8051309146146030548
3343593517836734477
5784657349675960948
1572564094606434868
8704085995760281407
3073857865733601362
2401795058147369538
1000664476376846944
6174001918106397351
2083000223115773780
380535272725646893
635534590430756378
118425432817990976
5430877385754760231
9194776332314506544
3964818243844748853
9077044393741327711
1659682496970807913
585953594494452192
4741284415869273536
1063922059486689135
4088533720074952387
1732796301615940164
3298885655061391028
2390596624989923798
7392935334197670525
825060474739060407
5703746674877217110
7867534873787043198
2717989807395083859
6008780812856365370
3304552590502719740
5671748409995182187
3763941966867185208
2681844832483879420
7045744093408388076
6759344533201887612
6757217172563152005
5314245551850734476
2345676265443281401
6324450605817497817
8817223959834497802
6142076175472409122
4883950953148755503
209301902143797276
605108171083406612
8498645380721147227
2716276537862894226
6592993238887738753
6053345129998972547
6921572430532690749
4089247113478140591
815667266186268240
1318980539501940231
6593273057702785939
1826681621494886347
779602330072607127
9061794292222895011
122580100114251498
4891534317885617551
2193807996574601908
2609192009591582881
5852431672070476833
3236631329254678767
7028954961594785442
2701496358567563749
1654296030167176528
6594505858320697621
1094197102112481311
630304982665961377
7340406551969307866
6117998400458974689
4622512758515383757
2382042735460090535
779311213690211129
7980062669830444698
4593817241981481985
1458053897472154986
8481835248651452519
6613453677071321829
8179436178959965684
1384014844962976492
5149823481383609544
1108470043536938798
2551701357361265990
7223885027461371970
4530790735262890520
4365530195590180309
7351988328487619394
8687599365000859102
4180500502316801029
4518230894989814079
1277548198167887359
8568483883689740746
1094179298014579212
515788695147246726
1004447142401136002
5490310185799581993
2381928770724895135
7422556390059158857
8474484983671711411
5344058278018044119
5013480873231814383
8812775220443806013
2626488714891963576
873923156965725113
3538453283858166714
4357044140053141965
8173291643994422964
6008343123138581976
8996972845622551906
3886225141765204339
2535560352064626360
2430028982839882425
1242213113321732695
5778873351113104783
1640822170933714213
8246223849624910744
6943036318723343300
8098381477078899356
1797735357101014588
3720017791420963059
6300562652440497647
519604786747168673
3717453874122203027
7245144651956430866
7530353224016330940
8957252981276537321
8861072426256127398
2025416557902671689
1700284523210993511
6903991516434260363
1413525484593330669
6004261086669766751
7561356513781404154
2362230985915550188
590610566861447685
5670322118732437447
8222333736510947830
1266781250483763843
972947798224820088
4896249447597104482
2906970949176288313
1816318652911393577
4494874394717456705
7244538313229287655
8164159731740703357
4016725941578562261
4046428076113133680
4569674141808014759
4700737913503302689
2392165236505421069
7217468488932018704
2477922444940884713
3879748328523308002
1869476511704032592
2393352424319888740
2826412599271314412
2017778358620894551
5940521067738285111
4503146142125990714
8275507807857809604
5169262933405451776
6617890462749664722
8177770323879424626
217401572099290552
1482566704952812
7744725580843704979
775233423936183604
4503058205857810604
5375655042376098941
8853341982321941781
7940803394104623950
4309791951503578508
5483663445975243476
89023707254955572
6663524027250369460
3028635984513628197
6742987087634656671
9168243836298803593
3904387828091068346
4667298292530743835
8546030269760630188
4304501670440282182
9201798857403992285
9025448072378832451
7897364432531863027
8115478447533779008
8029032678578984691
957371387019991257
9046426464339009571
8754544023951174129
4024493346938087131
2123870190195414769
7943460787511099210
4059460979483969088
2436075946568032124
7578531606634617555
1707503637371103039
30340940271374065
3974481385084117581
6058671558343587279
8838105097124249045
7864074228332104717
5179720119761767533
2748212182290235157
2465613416576640687
3216771448893029788
4800416532517898104
4950373739738277551
7556807158667257440
1263751905906553995
4564820706496060990
8569948812055589436
7571281918260662211
203105357844838895
6572584327594555772
1411938438480953482
8210873979573836959
8392263300418418689
5804518108998690357
5484392531342735767
3916986815562077385
35994865917976051
5932061881794057893
4151448214004776996
6021638467952668826
8624318305998002706
3395835087830112788
6264578050348459196
356487325237652429
7311905991923499365
8560644741257989583
5107785402005541847
2409112796583117514
7272750413471886737
8766010429004113835
7281409408341800123
119706290178057433
1897489887550651668
3822754706826016187
102608231688555628
3017026609070955425
5965146429294684580
6131750514565575577
3180810026128814862
2916088925001773741
6571223217312070282
5709936851228951624
1334673710757187829
4760794146814838766
6894670254363682902
5843025334551195171
1292964513654150672
1227319581670983763
5450347216143258948
3550263013771226643
2709162031143637126
8399283314559888070
7167909136773967034
1087308906433464589
5582316429340528344
5485156728462775575
3838439326866149453
2737246678252085068
2151796607608585060
903339003844993786
457742947394443040
1030385089770098686
8075236082269154725
6510525505860108784
2460054671712031336
7582974578140751789
5431884012488770865
80253132011833066
1768212486995250568
5391818556711897354
5231145717012112237
8884148907153961758
8948203486246500485
3740524608345195091
1999387423651520093
1021660034061013011
2066435297752528270
1418467420442295184
8007016772035889160
2344306294232100114
5522376459365265977
4380360983601071417
8196128111058416269
4986342780846449892
423331128311276047
4829240748739755308
2456562773788809440
5043311901264726250
2647084314512648495
5882441277880533203
