8797799096675311657
7733688391574594810
658023736220362252
5645480764005487594
8397392104806636403
6084941731177931878
2849028159486062818
1384202131444339439
2435485085651096805
6827159432885723264
8874423275757894722
5390260831528580504
512443683360149976
4253093311409617976
8999130060086668535
5110490739673060087
7839336521261350081
7880430522018705544
7408294537301118785
6738957113158486872
6593210374527993554
8718294550919886622
3379334111961482306
7803148185047977299
3468576339169515710
2524275227635132915
3109903493001207800
7073084095191582445
5757788783915104086
8127504543827592254
1587922991425102066
1785142232375291713
5629007333893154398
5122829116069029734
3915976316866840527
2649374348223070631
6464705141266558120
125434894229847281
2253692588639390605
6715669460286712632
2925656390798176236
2835261430068367771
1745800295392751617
1105610251419352510
8302742546389766009
2530507629965197271
558182043591232077
6983995835176439244
8076506243892046722
2027849493510964000
7621962138625691243
3588469750941621529
1568305586795033786
8460612971936176311
2628688100387079537
1002542694093691767
887666457082482840
2009719630367875658
979007663216505899
4328531177416147655
7202877395058355322
147274284521180582
1435296843344828813
5518842829342867578
8751102665837769488
7908520767071302519
3040492922958628865
9104453643452306879
3192364796756757
7812361929771960252
4287516972482207112
7828741131691694999
2807014562808310535
2725464290261129860
1331460848614606764
7674236511247246077
2190529157619888459
7827469688288097859
5012745706508037695
5233946588120051321
9201217814968367752
3766821061800980470
7208157310640168655
6935403007423573376
4035243197964498907
4020438824122150151
6164634859528380645
2003212690870730863
3677889932501439669
7942928136537004017
8256944207551212200
4283962379024039181
7776168935329918951
215748529603130695
2192223399085158585
1398317533851443925
3844889307292701053
7171400210639459615
489127338208995933
7163561602448277340
3271281575077153605
3191694692162547031
8441726721197425179
1220249504960869800
7436407175613055860
4943628623369492229
7769434049339920833
5410868433501153424
9177542438498508710
6678732304698409279
2603380209963691496
5949781333998973800
1185909382542615606
8192700260324344441
6707570002071131120
1243804070090175845
5983061469433619217
3744318828528095378
3164722058940411965
3762757407646698094
627469573817056600
4383404447993270813
6108739179962318912
5709580793655421875
1375674249773471854
5346591662634223338
8687230222259627339
2188043369281010972
5557698839710177462
988337128877333378
2263667814011323925
2178045496126229287
75579046412608366
3402475588815216800
1631997654431494725
1055705486180128225
7416138633673713571
2864179833938663024
3829512529018043947
5662985051209904799
1676950051791727682
5090924955751555595
8215536895250183039
6005859885609620064
355999978482607048
477548942828389450
6671063518572762111
682747089543902953
7281694230815111518
2629221096405584342
6294377475190725653
8243187432090513823
9052737513455446833
4429731844129877959
1520453231189723056
2548165941507803288
6006831626354073618
7835825463478544661
133252145382123027
6082941254786618672
7003906927031078249
2981181273856646371
535341054842559231
1175695880049407438
7169371995576934576
2236065880331185349
7181950601889657399
2246612597199230783
12010889378779068
1899171563178840941
6909616513262499668
7567609142247977891
4655208127520065257
9008028471012789039
5960726406960029228
4959126891673948772
8250155224590075932
3518337635358030964
7089983478683901649
1299622876980866635
2688792661779716684
1507044343671040682
450985872652275106
4151785034890429241
6867149139777315361
6207841889313239412
6595595163364763323
2580153019683026053
865524322835276490
7292028156697446380
9046632604178334075
6930819868396463963
697613792338095045
4757751962107515223
7392881176315694332
2424461234011869063
7147189833837688323
4213192514072086441
5950382865556769469
4244502648110830081
5749946702736631917
6187175048075071241
5236132304067725444
7736201358998143347
2031382643278396083
6355556120349523328
5041595037780015828
2923010464076687901
8393447450296529768
4941016545202137442
7961940157298323719
7365479932312594553
2448732667854453457
7859557963096691643
3935788056320394706
571255135438035133
4563625901047631913
8827217065925499172
6279074898517302141
311588782277585884
1734766817496433642
3328748148073784911
7717841815975711426
326262094663463060
1803945287329700280
3443356362632163804
2583164739349215019
9109879639707364417
2567805380585809389
5354686167221940073
7412598689262080432
5925275266995894841
5202654736400773731
8155451920870505575
8765402464488321545
8121765086526561394
1388227646995246048
6333087905267971324
5887243109610264200
7319607713426382774
8595343774702972904
4543809584594531148
7531859988768578336
3492551328802612988
7032761391720436725
3245688403424105994
9015784687688266304
3906153111152501238
3934641384796179634
641746692356621893
3485100156880077776
8681093582689954792
627237484223627512
6953839697619896030
8937955650360135110
5964951853305039327
7299361119361372231
1460713834948708428
5047124322172436973
6549165950111088157
2050303862544036775
3152708522628627068
2372538399542268796
3728510246946087001
6477151061353204266
5717925315759094637
7837601369213292827
3734882215367038379
8078400282788245086
2697018614675472196
2831415818597941694
4461991077824423274
2286178092948082786
3458375725716114513
9105614963119577893
3388094273080765358
5818955955508250907
5155322562364139891
1569206514113228968
3712609623789246891
4214208930636122931
744378711975547333
6405839021464452056
7033356370355853023
3227811650723660026
1367700764702233291
6001737264943980544
4865579025279134547
3400736545759156878
3807894642128228343
6819393912366609990
182988674066376923
2914501537660018979
6091023289234396530
4264115575088318854
6855283094117025420
2114465637589819211
3694523627710079236
8173655205446873259
2910714108404061679
3935648215582780515
1297036687104345873
185313191625193838
2289343049028311623
8116023300002959571
3309086061217941814
2398783644381183146
1790716499885257584
2003217609216983799
8826959684783804516
3786101822772380316
112724777710084831
9081870636318037805
886675701122746504
1467496939355827729
6408880312410807089
497047685135123289
7198718483653889599
1029683573257560797
7740675857054301597
4349229125754168752
4288031349222006985
6281220188735425476
9057559404475549589
7801736161224450687
8845695744084424536
7169041148941296488
3451517026478364253
895830151703265719
8846078787363718742
7573809634715275718
4083088400311120908
5526381548311763835
5978352064782221544
194920613835386211
834741092515746773
8554258430440025475
1091872613574911330
8023108168187750446
5898680910167480363
2040006988786925873
2704880242145526244
4467915636172663889
9200028108281422828
2386422041126965365
5902859037412215766
5798626508252410520
917589565179750957
6377569557746652800
1020859848491658948
5753170197337266343
7609017011576052283
7595759290664147098
8599322681274347433
8100979982151288698
529124111438541102
3036745596723435489
6736219131862704272
6441605960945887351
4860070143743027394
3906044098601836428
1309252475842021069
5623625088312174425
3279093051199586374
1719393814298165135
6805601694007505599
8918244042213656344
8372665200767573073
4417084699537002062
6445687086431146091
1858315557837453720
359079356267619708
8615357895546542634
8170769289202361422
8775544949224836541
6216082481453570346
9025119734569226814
1809918080245973098
7543281658795643665
3406117420692776593
2554873347502834141
399948469752176721
3011802720064161292
5910357028617107991
8195497531190645063
4449527782660368183
3002090743547691581
2358034647254618209
3264718344625811383
5805309293719080040
269503451699198137
4533930130431797741
9089982376432012549
8812108587999749359
711069563877753493
1617168102276988842
7308710472847325393
3409638983045239865
4423320281041661919
8105102931544579311
6649543754128702841
990395978592561854
3880583593608111406
3040175272237816639
1650047329577737665
8015408594859419712
7671442275309082768
7546870495014308572
8757450248993060065
5184440055837842595
3302597061565153291
1335938106121005859
6845359296894702009
607625924267795949
6362631390770732566
8019505302580126475
1464626845784112488
5027111996661953715
156637509150085637
8704567956440442090
5053117873167894069
7967667947547506174
4255407913507108884
9097374957780317742
1935505179735735683
4683363089122059802
3571486576026178934
2944006842802304893
7994446567901810000
5693552050180451379
2204567332469192235
4574456042811001817
3423497905654725716
6175030956205558810
4343926712738790278
2965475892171904361
8403178450367585649
7703074692260089846
8026175265711937205
7321145423581507159
2237189577767465440
2374063046014521318
5647481214309059711
5804066368822288387
2032069970583034339
2843429599185557835
735403921243237791
8921942133902508335
2810984143008837862
660627316052153082
2232666599431835938
6670276774398564025
224560590123155347
7502320768030265002
4588210838296674597
2551155047844371510
4419344143013567803
5892644307643553028
2263165144962622794
4188850676407538782
7018936940999096705
7784980655535424731
8076653480932490044
4937931163720846727
6999732063599348007
8890975647893236904
1920077914752894154
3298260228782500070
1346094146687626398
3835418985791718204
3231414948641836615
3687085954360100451
8821112138978166040
3561670966865747405
537369773396651268
8521148972326235177
2916475136980799063
3186388302186978945
7710034981380347582
1203050679908318252
5682400903932981369
1718178912611100636
6042057179299096521
8162278411610054341
3101812042146372509
7460056143645177262
6438135161165299174
6751870122102604456
3750224109107284972
6508548818754842350
2488998977468098000
3526235962207077112
4300721177059718945
2827659696402931691
6162356338352932086
6231099094298855825
7595493897968745183
661533610367147716
366566310163464649
4537363116532326619
1571544350851024283
7871808449093652480
5443875763434735366
3552901671070690273
875740258453929522
4956205872732151172
1473300647857622920
7394775165261939603
5515170067269920933
3926920668759680104
3166720274633738033
1998143769596092900
7962906145293716233
7317822900245678732
2394382817094490806
6715590314092730572
8437933863759566043
7952316138926675496
8534669856365593067
1186007532866206255
1055122778530729114
3710124155407104714
6451031434010797642
5729589643539631200
3566852781826132060
5869756319292699887
8334510509199564805
9059821652785379664
6890983633885071831
1854676363188433107
3808818731031069581
3375607387844958622
3124691815074777488
5862152498953903520
8314891525078265783
1972283960725312986
1154992356875041878
6144021434429688421
6548393576123602181
4880940468064919459
6396205300463174704
5593211996913148993
2269152845551129855
3982136303187491417
7016591914646471548
3404645684032701494
3484232095889745841
7705440443174773682
3616238925084534215
2267279682942613755
7759873575681667857
1745719823205100735
2209841362701894537
1746555164310052191
1418412954491704756
3613679438073826062
7662346522845401306
2521737950273160947
7470608377299710392
1958332457230038257
802211976209427042
452828370820971538
52075663535539066
2317654294390876496
4546384113533260097
5907287024480299028
2748490581116364293
5169259149520579432
595016237370697815
8664110443824263288
3746346690795282415
4490957931343385066
4026374019803999959
5561700654938554469
2894548688119097471
2092126292280975476
2676358176220198646
2052368627384265658
1404622221493397857
3810100488742992211
750349235552618133
2976031371064155791
3013697135629060360
804292331128446419
2366328949859230750
8396400987104896432
4842972509770161913
1543821603974646569
5627282044900934878
686261700189849319
2183392321471218849
5072231039141422323
4198616789996778909
4929392081447544979
9054412014473564188
270086319477865694
1060996343365615221
3296583862482813580
548918435895827913
353758341064870865
307453503118548701
7334833273453926546
2558978422886151144
1806120623747992843
4568606254638795378
8046711797801237345
1109958872527414043
8992719710510697868
8568429484090341583
9212282166660387727
6737353377580398924
7197128236139611041
2760250604490636433
4889035148272988691
4089082373589865683
6903400721823760694
6803815504312370284
2037473280030084279
2069747832086020462
6311070191612560496
5170682876589368933
6153327580978545527
6131350588164719035
4369134681743840616
6266075496739982019
5780681791110490075
6114907757578058497
5470818319824506444
24046625503651916
6416079708684917795
5315995280055905763
686810263260627253
7384345371378160309
7015947591603044228
8382336571033603514
2158041835372502703
2183225558172402820
3307316805723267201
8590743926382797312
5323879339252034934
4272122279981826999
8333061016403842589
9095061434654216722
8323020699104011840
484514250497466989
1645678447331157431
5663066712634298246
2477829303168236969
9051343911521938117
1547547993107202623
2915528331665325608
6622652168330633866
5936625050657973864
3113055391094066218
7383944304928615965
1864936927101432206
7938206522128071991
6594087632961560498
8037997533601989712
4570396330342725367
1595275582336018712
5893406445012890920
6807851987812771807
1157169908781680977
6543649760799673399
845618002793742640
3917267728561121206
7913946958936108815
1764442386798169424
8744007316192154206
8928481812388107443
3951050910024655599
6790251661761106022
466664640232555898
871477585190092925
3883775958404868163
1629165165155001083
5937564302059944777
6620777689696338903
1255084801262617495
1048962748420662624
865539060752891021
3635304530230312864
5493126219185041750
9163407794409103718
2634732966547963896
5841572512387847270
6340477168884324510
2562954327526331137
8672784156424281143
2739142967230751283
4191880707114584544
3501634743707816433
1994380695841498906
747508601563461229
7933297846008548553
7816931057462545951
969077350432172075
8967325468146098983
2124283474501322077
3159755372405435588
963297930132192777
7091869584031895304
6049456639761893288
2522484216595685624
3912625243863721649
4115220521799060342
7615208287815943883
6157170584334451392
7621533134710235020
8923324197220959646
6239210404470217257
3041402010096223580
783251590252610465
7784931479515674742
5601651615952792613
3259426636665921858
4635450180546725835
8793210933184531635
1921313303785853397
7891270357372076968
295182108225193174
1904431386142328927
8215728068865455155
1191223566071883595
3389282649063567312
2041706138822187288
5215680412113731197
6934559495837642323
1304711286121110907
2378853064444199095
3638839394736094648
312070302186986312
6482795126403948236
749651987961659895
4410980283787891698
5926268292598180105
40027840755896124
1845649107164690383
1995656961165502520
6700735817597716870
2978091801119121123
4891124471971846429
1424181545460774378
6551265788298763475
3427252631141434179
1283981220876396
2214319825188378950
4388701891223014964
1908639995376206294
9192248187796599009
8066034959862954630
1680599622736707702
3130092385650967672
2400926002155003589
4100379373259432231
1568127471160862875
172817480482322354
6479871538880915277
6267500637765970199
1958229929377706607
5270677340297008028
9056714760262645638
8495830603822171618
2138689388830845965
4433973322441841972
8910600951189550363
3942891228529234527
9212280368155502196
8130834952811304414
1837229490416555154
7535938305740399225
6773428996863511968
8753494952740681682
895049009438107455
5455886652813514434
5452073234249531214
7785356771716429190
3300442978125353255
6128508775377688177
7179431599419952834
2252524437375174353
8886047560433628876
2193503462369038157
5516481404954123864
5829517587122842074
8617445777226545367
5083175478874207490
8222634657763771254
8888919736411841149
2880729136962328929
6178446959288132620
7393849422179445667
7650717941895492437
6290277175090130767
7316555756846074132
3798245763382301772
3390113349149690327
3577204150834388042
9032124301537659850
4594201578038119079
5060492773345990355
4279137597200302170
1732636528013982096
7588799901917045063
9075074680631546957
883283110209957793
4841466190960121892
8159459008800384227
6391124660942767322
4656850756573055960
8579776219401998264
2013124551559666979
2214428301388414724
8516222460989836894
1439228258992883815
8923152848389628859
5755160035090019459
1546753579490520239
5932964763744199298
6341626369416689517
7552026981404928921
2838534818380648888
3100127439874523962
1349564852275824099
8488916261219196678
2058143946587638075
3153179771988138398
6942427586147610973
6156816301966336924
2848000044936624007
51181627774634864
5401688819862202061
3385376715558642061
339335973673560147
2619881044121348455
7672340461612816569
2735610765940564721
2609190254621418061
7951145317517138024
4101339033536309199
137046665004243552
7562503493496048874
5134574337790528463
1600673799756580582
690245092559488351
3657936331510161435
2266520425967294567
6635935876875506624
984846128134001174
5544919956186878646
8437383613213834582
7055788892167098205
542761886386108629
6882184482216657029
6948338520425239994
1446039023485068312
5851429106739308526
7854122532940075416
5470209993993789425
8497661301594542599
5341865658406294180
6651213553494888646
259381403977815272
6532944874090130751
22369075314440074
2255185994703857328
1881343840162825155
3422794842106492762
3433534742907884017
7025094109428900581
7026069497249032179
6071683656823965502
8145054872331841528
1846343451966189117
1414006668819620422
4503139238423465039
7400022073236737072
3285330838770884811
3396136965475496829
3227723399372036573
8450672410355143668
3377004402886377277
3332937296233874023
3129078761648975124
4329457118603865401
8601644772062235582
8303291304225988614
7647779433799308027
3986282488922046532
9070829650385937302
5297559482809680488
7678770956314793787
1949048104678573669
1795534569402904266
308715097069100105
8177029323872068959
3862097372251816201
5963670465176866998
9029409295238077476
2338469572204127166
4288162200591970770
4047990765947167407
7430460917645724974
4381333890970706489
6334628539970257760
703289663152330099
3094612749761608221
3455078522476848576
2368538749797596658
5596659854751578824
7483395189530981075
8632965400469976748
6670905924363010145
900405479434324365
1874907007016424713
7926608347033040548
4270616073269847305
1758403225041242262
5521565312097560243
3364505004290983473
1295468814022990038
7956428305518009712
3412576016800448897
4597998615129747657
6966308623915534661
1630359211293592007
2509801393828008909
6152968276323439191
4996054674008721659
6428275000582334279
6616361657971664591
4192720037572374095
8764316731277315200
121551434636479365
7703682139516037526
779876659290623911
4894087358660173309
4928706403104863548
220277240018109233
4668926986863554551
1959363000633555635
355376371853125171
8259368205973357110
5042923523599566929
5589987793094080660
6365345550400036261
2911484573977018798
6588656200550394407
6097080801327664972
5914220373486591797
9007199730823304268
7157943838674833261
6847589256673073144
1783128625932641978
789502051122189856
6513986067676700698
5693205954891594253
1020377941269240371
4213959766197218560
5716427813303896135
1440562272822844027
9201908267862822245
5775888563954186772
1704727802122513008
719868667798927976
6854450839584526300
4653552700165297657
19178284995793814
4217184108919944568
4248170401631758449
1463347245589488310
8929885168508827676
2854627377764316124
112591094044990042
2285582246714121558
3271771689338263571
4380799774433139344
4271704600131341357
3507206380490827168
6562605540163529497
5709343496704512125
4614243579309029558
8725071894935410652
8049128484716190355
1361311632037091437
4189369010945387058
1116432790163733075
6001600085704969334
6271229356730083150
1322435172309058018
7765336427520400890
6370841086446221580
1669989064064992741
2653216755479811383
5169149730768140310
4797665325729759387
1460727017771081732
7923212779495365053
1908316478399424029
