7445447600233176432
4331146662188145224
1835844358884893959
4935248400374316465
1730937874202567720
6471422571409133475
1288071704794215076
879226034849765760
4311713801583166294
6411153592368507236
3445391750441009350
8715978484594957746
5659993179638922118
8094028360089333871
2625370054382349658
1962458742165088336
6546632551537990651
5728764734704033692
6528556088855185396
6097149066880794560
5786199418254851585
772412592993662802
7196488871217798611
6880876247267766736
77989629284716186
7608819188274098769
2702091975220706644
5970365792195341446
6446490222666474118
6558170131924071138
6310275156091724728
7351080951801776769
3903945984329025107
5508779537142044338
131785046317926186
5500511167480571775
5404994166471980117
7093626693292218683
1114573299179735934
1715899028643524117
3043051099209044266
977785061444046729
1086567474566409551
3021693824177298587
5243680597240054033
243702250259242570
8159382416914612165
1603680534191508848
3098548063224726736
5419628062827167380
5131011389462531851
2476535187620779921
1676122705725290077
2733084737524222478
7205827010140463652
6770191362928557047
4206997741316400657
8107810076749866406
3593934581029950514
5505753328668006010
950321152696561825
8952527450718039341
3304762358922144067
7259686187739159327
5861997503985887585
5010956679664892497
8243387367035910953
413981485567547340
236111455114048189
1172626769637579909
2452564041931967111
1853948944073277476
7931164026194389095
8303127673039126647
6274799585834621413
2196901528734114054
8720650421181163765
3756481252564695037
313768266177590939
246115453480707575
1741313033827180184
610435758064899223
7046814761921329616
6008765510677842369
8656097827991801738
7881324525909305399
4020551369476255891
5121044775186203811
8227557911068940550
1406617458617744664
6333071749340078062
218530404506816155
1741136790850022778
9103780817696442890
2562448813758793053
5743391209576586458
7488453302762338292
8300921947991154526
6679339686495586814
3993722619349408339
7209582192224217145
6968687030867798923
5413389594815820041
10674901658261097
6132055960438279097
1868762073660629465
7718535707003977619
3615326720082473230
1613864358634836834
5520515653176937672
1438837272104297919
6310169395152345113
6741509902714424178
2973440136834388267
6584157051499938069
3716189860900853939
2980538829013923831
6858179892959882062
604274840337582020
6208619372604443643
1211985671456242977
6855574998645401435
9119973224356002110
8273264186927884734
8063094068719389078
8733713133399806603
1619062199722515049
4023420342556956172
3302201142776249485
8507571422496048692
5172830652166239476
9121561014343371252
7898815042640824877
3770874525702774507
7664380006639796472
4081087462604184539
9114715491862958747
5616757816591655788
2011095352673148478
3883283576039267021
2260162361244127729
8633491175113583608
7433145226613386699
2164803207613104390
2173304322831711177
8405805243887975836
7407066350337419643
8777391356206542230
1925686106267252918
5192775968418027354
1277483204037603752
7014386918662286604
178902005259093170
3840098056791482754
1433137080462850683
1879444572059480300
7440584929100691505
2476753817516941238
3717073605540623195
8906193135345541742
8320409496258175761
4063414681387190522
6461131048404053564
5751230214045316649
3969163275855301291
7851549465166252080
8622126249489878514
5949149799386065325
2435010885014499296
2317562607139456423
8769250495839289960
8572392082609741327
350537409870157419
5608257912488151513
6048725646377292496
1322144398475953220
5589846032622324434
5293565641979968612
1278003915802985511
1204118188166329384
6336227253588101332
2974828663914444246
2037072796527154025
4997941479837625125
4307448976434916034
7302026179076346832
5552473621932616656
8637023885244553218
6942152112637771150
1691614250781185299
3561684155725872081
3595644228570934584
311387477222142386
6705819749070549978
3522733157086629825
7387089447506693879
4939886961775230444
4711087971551384622
2501370341777132231
6355960198785729385
1590402927694581406
377507469229890334
7585986126912158155
3221749923702375133
8325658719321190105
8362962508322349307
6589185581553875831
5755607007145330936
3277057740088432598
6669100097749299435
8778187982388594090
7649928965760868800
5493242294652971905
1702994059653277069
7191663210255676914
3023620045777995160
6225758385925280026
9005244537091202425
2117591287445614607
6963454257903586494
151155778919266031
8456397771846649534
5474351077893104977
5579914260103160347
4904164126187552699
4807572982462516994
8933489817422909184
7908471608262952653
7888378698662331660
3249518079511618688
8652890339298807611
5643064815526239260
8468646551999571749
2982962590664330917
8380384647817332031
3895773970847946633
8524348429926013248
1760331122506412896
40513722009405196
1196550092536087158
5514363472787018412
2759817624830230318
4443834919031600459
1521601417750168073
9002184479199111235
3941972346998136684
956448213751213023
2621370280082602090
3922781059258319038
6175840305482761289
6150886286617493259
619501939667996457
3832625256522112004
4749763178422454378
2455073948390906620
7842542927168256326
9077897667143731018
4755759250942206887
344624811897395178
1602235904434803907
259821040701327674
1261700955775231853
1258891819549053981
3551921475812053897
4798677505110363779
315437229044084317
6558420109233644802
5013176927963357289
25096371986873796
8188518453077488078
3811574575821022684
4958284961147877943
1981819879124843218
4234260694394660116
5668844167236001080
2761634486309596551
712648839990551813
8578435159413995476
1432818627636399
3358187301712148820
3328384884871008826
3341906615256460298
5060003491468801280
8613206549264639915
3159538653916754075
7381824216893270480
8876066756670070669
1326305660239604882
7472013688573733168
6267443262884455032
5430693936603101182
8861701193712134193
4883736117670179881
3506068426185453447
2045603870611736607
1361430373239213894
150375736917009011
4474025203342219332
3318487440704048128
3244126611925080883
7919775840421257593
5041835641949977180
8803434506673424353
7124959658330885627
4984624726963539204
3394633316839993002
7615552452546168488
7946806828630048442
391456694204730739
5103007413554889742
783059509495254385
3293584968585436996
8125756980119480305
8754781720807532126
6425175304193650512
2870347087821042327
7751728091951967435
4437678276203356071
1320219090974100088
3766534718333440548
6614875827357962091
8879111248981162728
6758444061127714380
6382593673587411780
1767845601632715940
7380836812244119381
8561776053238348373
1097210141698244416
1201201394443053420
4961175028235876971
1665462659447206673
8635266287084241841
533274759787198042
5089106120298379517
7994096101029783297
2631367951864038501
6678272935282978454
2466771246574605570
3159346804068158987
4999604052385585442
2500660309282939549
4467707251702103245
6782770678199349166
7602066298028258276
5119284987246816288
6367169731544188405
1147459310160581713
928918188088208557
4001117528406736735
3435492920884813547
8626007367236823888
2552259231650614015
7412843903680022152
7511274039638503528
2527623513032903023
3938669082796157342
7760902188265973520
4240925060586467992
5340692313638215163
703720232977205945
8530024165934627636
546174112684678798
8261010382871190605
3291412304804878180
7367561346427625065
5435499098823828474
8349959072823526185
6582694411696858523
3588513742506875269
84518132626497559
6123509745300989578
1951460886133103074
5533516513116238825
6892454606226042323
8758846913767756156
5734572348723801762
191909963415654804
2475013385386663690
445884247236956759
6523790840330298359
4297329015800970363
6988604850720076575
4443164371822571002
7337127614352032219
6347302454772763675
4783096534581585960
5941763715352503965
6740465664136113428
7987814583904269812
8516175604569195563
8920520875082137780
2846596975782968527
4945421492117525031
5836805548419101439
2111815419366452002
3029355381416472550
8858322417017442962
1695046336572886725
3205245236838284326
911420747237138910
3352844237016322623
8769196720571748660
5031543539001134109
4857891784860569447
7173578363898017137
4990256858712397446
4716854737497073910
7873570446851458918
6333610482440465803
8178661786577940505
8906163637110036977
8615587807485308722
4261797256911805543
4435598159841244113
7536126377955633324
4840100924247475548
5420669714390358814
1217807687281676696
2920675648648739606
6146159138405477014
1800548319044016441
1300598594253632982
5025276327004832418
3211217399007270877
1700432995467049074
263702177364109419
2799122235484782001
1944176784762781374
5663397527401569261
5675636515343163020
3490136754710772895
859404061711398647
6339699301604198946
9201536143502806169
5246780968099242252
4568848323916747994
2170864805731079011
4907382720729064708
3662963932447271875
6859384113841404002
3714730047590424554
1661734777943470507
2385603363427475269
2525957588851788341
6565512490352250165
7548358177340562496
2978078140728926305
712026961176215479
4741061134701924370
7477104751368958754
1988892371303993195
2984941133950336103
6960905131968951829
754564287847932461
5688365283809113380
2707061975910678428
3566164217770601694
7746413991395632081
4302671174223745030
8648378763636426156
2954030486677663639
604279183734337290
5494255984746802363
4958503317782758348
7813555165537450962
3199301937636547845
35328219278807620
5882639039347637406
7197964255129853353
1256002305690119044
3601873677007370557
3543280080678889293
8212000378664519158
1895690685644950643
6059586887586609476
4808116610569551935
7452484854858045523
456050570584527138
8751778535809186315
2305567200182134446
6832353072188569119
6707723707428621617
6512388165063533760
6649108421312395532
1601658086895854424
2980271583060345108
6876944944267789306
3236085453740931017
3178984376311432289
302429489661296074
266884386213289190
6487033946232753222
2100625405208230013
5093025948597603558
7723775588007737969
831091261520733651
3451907982014508277
4491056421986106657
3585518412810476589
2885048113930498700
6557503243697536614
922163478881775390
2374039081097267897
4547736338850382029
4516559053050260589
6044220783408368822
5500720233118559103
7580378660828267426
134052278213747043
4125092256530476403
8779649558017689218
2164475380626128301
6763370055220445154
7866304392834748338
5666652530894048778
2952228365389390478
8164125089196536304
4906199681318410349
1379204375792873995
2724143668811114326
9037347025141769953
6640903345015005652
262817251286130842
321471649209008277
8526776510186899668
6393579220175311143
5509355628910712868
592368055822638649
6899431459000866277
3279169732899322835
7644739959831621249
7655047294196649980
8849726272627722042
3858397640396213308
6233959286739986673
1222804017222477482
6916054731246558215
1286593726823450627
4627760440706204962
2640375014648054272
174172235938464630
5240498130657534640
6770028283489242763
4883711551935674309
1884611746396997973
2088257533327519688
7700102553046927873
118509696233726258
8059130115686506463
7865015326459896340
5639893131650831245
2309617007781399658
3875651371206285011
2989276010773332625
3495480006837517220
2800640822470938227
4635766880680055692
3143532031319101049
4878633970541889634
1701933902031727061
3729641522292907143
6223920951188569157
1406572329020348623
1690133217987125451
3718773711888096087
5554800208179950628
2751731366274116878
7661179953284400342
3936844549353875624
8234766878200863273
4525384534413238798
5441122923551803265
1098308629265891905
6536486553629490575
3207931172621103004
8171142698224020424
6610722482873935883
8551933407831715938
9127657516021722473
7425331565917286368
555317165309346253
5875843528817915388
4941162783896821136
8974554259330228283
4530900498322860942
5835663728212572271
4894687490158830754
9171310185394695357
7837213556700758897
7257510320250915835
6398446865664728810
6921255077377549947
8638409042162192718
2714457441156402084
6737842093081758501
6263569646019360074
4609783393940188873
6059567997485909435
6224897373211782058
3258717463853840993
1002338169628733460
2800778702094948656
8676228988601563043
2415678087053298740
5019165174457900671
4286013979603664564
2996834081578289779
6216171664408183921
6962514614052183725
8514117294167872413
7402019646948922035
4890284678270726707
2247654586939943109
3788732014077154625
5346933286551869005
1871112442927739652
4789847853541989704
8564676737687825638
5859776179284370343
6807452489799503831
9022946548177542428
6626487582789086393
5397951663049901883
5949267881920038731
8281023966354647707
4718027955680431740
4385051069664522280
8313822931287754608
4711081675789820144
5734019022628996323
1898429270999458920
5418681942922931349
8312539421251304714
2008744104300558472
6516539904880020244
5484128568682888915
626210399874173510
4454464465664573985
3563208013770829435
3030533020297775484
2868101911984127053
3720298788824801455
5585029300107069334
2305131874918193887
9045087579425321757
6648089812295974759
8608353634869566440
2578525976122024614
6712357410167848491
1278477437982064355
5496707209563962277
5689564844477010792
6767493090589540929
3233339395860806720
8592285384911585423
7541712435047297738
3533383640324423791
2254941807380519718
7259631722202365881
7617886421077794042
250178364805560098
5970269557189957656
6062994930642976802
3904146579543762629
1731035015678059125
8539356073147475545
2119186840232331641
3062136572063013827
2758510795279736083
2939712739084811221
8954732524312046052
9067242740824171911
5922377426902031407
2372859567197457768
9183178206139296000
5267654994115182298
6030518554498149356
402770368975208440
6844205802785674922
3424646726836687197
6953326083035809757
3385038031420311408
1152191278457278751
8403442021436424934
3148697023195227951
4575565523089396482
4681713613321951688
54067374928037700
5450536682312374771
3244112439456912622
7226573197959519065
2353401439785765536
4804111627460006605
5821099688520272332
6421643369439836793
4029462201218997160
4617834857625015541
8033504744807127136
482232581870925574
4540259026334804779
1824585565604448456
8225846341160362314
2195655688064973670
1755218020618335379
9160326009702553173
3795666951245009952
3971886725997438700
3232991123468683589
2314163317929771109
7584254400546899052
4918057622387325805
571647856030775164
8728146187502033467
2209893717739626365
5277061498025943737
3999467722062312103
8046473242028726013
8004349762456548084
4635155535638131801
496216006588574675
3685467098010603746
2101846149347086631
1969922575415036885
4969431200317917026
619748990055442357
7565179972306533849
6963183660452376104
6900350955265356357
339264937701304055
3462765405271827996
6796306141468741007
3142393206088358300
8158719860181456951
4573092686400178688
4627699526291293462
8796457127523051848
4242702703424031232
3763013780848914630
3097490915125143289
7934143261919632497
430141528195636105
5638972224914874017
5337089768294303583
3493217132015553496
9160037897270545081
999723694482891828
5778974261684217664
8319749248830737205
4218235748828359735
5662258044616656414
2620853778197631528
1701710821786121684
1488000407215334474
5016047385671212954
6261743026780388039
8438074271330786678
2618512352875647078
2879141290933458176
771286464867855904
7055846949526882476
7076183510532413771
4612121456774282972
2181874061720776374
7707469315313980695
8963787763749694460
5817699010748853208
4775847047088369492
6820813047411137922
4894505942907924173
689666993563786033
1018914599176647498
7554681688665777880
1513225542241974972
5956257456332639320
6871313278267840715
4809049966111767193
6865298945989838452
4062437512034774741
5393240829163334341
5851257642988716522
3965264536461643131
6182777924591039539
5447236655006429623
5146123553785237844
7458041022606096913
8041373971023430665
9070422581001077722
2779507747627374302
5927057029303834724
977825848868914521
680769124301259666
5686653352227790029
802797811032685350
5366448610219610801
6054555193404783062
7204969363923901992
2013085899990193576
2865088629057995941
765851411891469919
5820743106132855254
7298187804893188627
1198792579232720294
1442887143551240906
3361254884752075885
3142763228893258794
2127724577550078465
990985802327166885
7824362214434568079
1600311486452367816
5278668821303940562
4508343650525825760
3730047123172619259
1779965486115627771
6763357817492340461
1772733100948089768
823713986722899553
2329439612830197936
1439427691930816255
514814462233612680
3969972810845123970
1821503755887003327
6027421289087407569
1665263335383115692
2642279480721335463
2091489508017826275
5993242658651899618
729358231822143311
3646635785756783251
2033666557462811953
886745921718384861
8723446291422261396
559426059874666525
6509506884494244055
3439759302861040519
4909020522596746002
71578990827904475
4939651297498744139
3148292014332127890
1974492986851414080
1997005881418912819
1420770507093955451
3093857160316431847
2907168812194034098
3826360927484476238
7201454046058216161
1138822351275297101
7733036646165577733
8722294645408121416
1707588286199474934
1831185365050760534
850162788727108203
8906469958366057900
2143931876060647244
1511765379060559276
8497213808900517478
8863943843155140174
5927022527958213764
1458414748085578393
6455165667880568728
8727312746680942758
4697701326962373927
1068915468236889709
5876681210564396353
6252972495953684020
2453642291464981026
8983033854059587896
4316693345591205991
6997663133783086175
7525270601794591927
5868675213489242854
388117436443187524
1800202841467370029
3574154692897925310
7560758278862378262
7813955630058305945
8701325360588436839
1380824503276011010
8830739750278923355
20926903896766699
4978653960703132997
1227060321948068229
3407986744433408997
2052379743622693156
8114668486939473848
4245347800829946375
2249087405567579508
7146919315789303445
8675318171422877831
5213019058184199950
626479308156015176
7954511250097689745
9019314833201124418
4965904669837998503
8675641267992837289
7952793243028691275
3646593314768859243
2993339107949717955
4488345866102973081
4356357112537790125
45415150479926353
2596519320618432247
6756685546401556751
7095449395868210217
2048805007916467931
669335109410374873
2407654825100577034
5252870716225639355
5212943708446502029
1302592173778090287
206272869692822055
2356052087140683804
8547832740734368639
6425166337137768486
1260282327675519733
2443733580600074089
5976485994311800073
7408139288473083629
604775052065800334
718302744026635947
7510738578134270937
2109935660074780932
3914160677506723195
4148824525803106682
4025063264661153904
903871083825591055
8087712181563641017
6999874114194247268
5983789175414771706
7197451647173684658
1068455664597362363
8637535480967931498
9027477323835081821
5775351196467137615
8811954418043908471
7067479698888202072
7264196325086030222
8865321607779639600
3396497675125265798
7951250323376941578
2652461600019529683
8151242692361393344
1529234859454743572
5571080690948849722
6409633422740248698
2310641950544001673
9081724230970190394
7372463619583043210
2460466478567459741
511990208962509735
3589917195842722714
8004836667003466716
2740118753177715402
568444421526099794
8100785393196391470
4313956219508519965
5153308806864015486
2615562905466462673
2551332353577276031
7127824754740010497
2871185480147198032
7565341414566541228
7978160195345277794
7182781522253069964
5764103349370716777
6594326500372233528
921431904243445960
6524819921497478277
5728295498519688621
4575636313903675958
3655473203641430338
2101545012757229508
7849793928298550639
752386088303857445
951172601573198833
5585168716002445029
5784169430571848939
1839736153244832938
6060463718148766943
5747127837378113026
282031202258901717
902073692839950104
1849638194842751457
4095454712415925006
5109967585802980609
3046661241417438854
9174030434738990226
8733684558069924724
351018476972138292
1764700535927612870
3266265576996521207
6118105339953804495
1759085953556119668
5279312541170160635
403858776508331903
8842311813483200059
734365122464530889
4262234768032336781
316897828282804329
1188404911234726568
2685233115715125327
