7392749315738563672
2968865919863525436
8773434288562598775
7407852181036675131
3721194307554468183
6891907041161706837
3525837210272828731
9054824430229060200
1856806829523337888
1616631298032396902
8945156497899706376
7878142841924622305
1352286610318074320
8033519103660479522
3338037316387343354
961545108335798013
4410360952351464526
2267981982135133127
147251520723958967
5811477675547700879
160777649256532530
1120598878804114386
8712227522118723879
6616241358287983410
969203628800868592
1803798647681267246
1241268055688633984
6189628566785142643
6293675207174228369
7819085301137357570
4738664717582128788
5798858393101286011
197738692722205371
6273590537088848760
6269372913026536048
8604145256403386659
2761842329188991852
7927319059188280469
4024970499653990921
1817058887934056315
7300927647399254521
8974800641005344401
1534677894066730449
6712714816155102665
7062531905809429090
3512680172514595202
5802086701741259451
4632332015498859732
621271242507633549
6662160562457747095
5660512798750702678
9188604696758764028
6523716713156190970
325839980227581350
2198480336646066765
2807184835340956210
2868875459568976135
8881132277589003918
7512893093137638999
7923436631440986180
9131000976520400425
5095785458018675703
4062278402304206420
2912837957151360826
5301918165484352706
6351169109077516409
6137207738968973162
3938174787831911281
5834699804806787712
8213087436893492683
1285699664620472744
6767036838929885573
5053637015837674750
6991761459531806541
439657802167518175
5326690703068489398
3480403503963516789
5659983433247162920
3232374660861660810
2070577381331485024
5860962431533466476
727960250270027435
6367279452605264688
3408533257243150249
2842965374513211121
5525845316822783225
2893185739028882761
3631150257487902230
8762599601861459840
5286443877764701254
6396097960064950248
7796076966603168239
5309170366679495321
4658449001617383175
4050902864048393818
329510904003884547
2025453071329525205
6279410747281593328
2564047549322036113
2470070461256545967
1901493984969518105
3917906846713820289
2375977050582120925
3113558363310627716
3218306154229390608
4239221524430355329
6954416167494364698
4004711059783404574
5600861132050258342
3114905689169580204
3194012912084671255
3933077062082983724
2779222986344192926
3084798154898813623
958862388434280576
8327470882887768486
6004385050182174265
4045435417516945971
2141754590440485906
2838918102999537233
2831552360329791782
7887804389003844216
4828493817992876337
1410590075519086528
8375399378168968813
4956117892308599300
3635684380595385158
4438815821883949036
5588216768872999581
1257877933570342353
1075330124486150916
6176915086514614157
8403063032070921493
3991806204711629180
5062194543667421386
6348377732964661229
1581833863568070161
8190854515915052338
5500578594332308015
5189939219067222963
1891868763062446175
3172168861704215606
7693695109422333710
4322906805933002663
4990120267594943353
6185439781862636127
4522983164993287568
3638192954902174128
7117350241325359556
2681438030837430882
4151909299889988016
1504040945003534215
7622473729999599725
5346546972711860397
5093365464551243924
4080563533328132277
1894265126359188687
4930737459655956707
2205874599144086797
324304343619766108
418610547900723209
2862101816868336611
8990357141489129743
6019671770462105226
4557318875339528216
5349466374390953203
1930090050157459589
2375090008255724630
3548005285400389420
7049446607772720357
344496261485452173
8409302212012890871
5835148467186458823
5040023211056105491
8765234223706044351
5580360908681712899
5639039906359942275
1442606015151844165
4333276127480424897
5338508285039755382
2975843117468084015
5100306179561833422
4544766014450342684
1289617919426660367
190762651394120639
1747187319011120949
4137026289578256955
5566410241992589490
242232396211498428
2268485260291606191
498645949460821837
8686026502440983198
1481820043305169145
2139006969594025212
5078715846995331291
7491689236738493204
233327272609814021
7416382628105041950
3243737072793538590
3098215464921050877
7853337942533322413
6948127049060384292
7969974512633138766
1916999626105004847
4545705612677235398
4161409892428369325
4959062416151468611
2864307504135338806
440133640491662619
575535154699630946
6046563554085679554
4220824640660913553
2912695517160775906
529483349074467078
6402552606794376039
6728892927531485839
7213120200763033277
3163157908830963620
6326551302599637563
4979215063054197985
5213278599892345824
2011944538580064883
5060464688435256694
4829423501015827511
5274693751937244802
963768635563462754
7755104386189656609
8919594853898328705
2339676599740479729
3479328634207444017
831614694246176355
5479856330577232206
3695270199828271088
8415577855266996871
3219182412489406937
453119823020240493
3234189993063047656
7494903504835764066
6362110550730544071
8194199020007939539
5560100443458866102
995429791602455656
6149906290268134338
7284533131211694482
8882664460114609510
8916568149291861073
9209169934430395028
483524562753559548
9189816120401260814
5980835003007135769
4638971252541516003
3411231476582795261
8775293991547974423
6242596299544189524
1393887765571721524
6310341730168552086
5272151899493601185
8731180580224761052
6832186045343525486
8868121339692892588
8379948239104590968
8287291849462885030
1728797450272670483
315106298822392931
7612094876666741083
8789060355761755056
4537377117230931462
8325087003883276441
7104486061535318357
3160543460640244490
2021485230607260997
2924010913553148927
6315843331631549902
6621762300587490471
8777035841352184613
8841318196557931836
1912557305684782072
6522652748439188818
4139570332931315130
8327662188185746317
7103007071488461108
6598938709029914029
5916304310226159096
6084169479216873202
7312845719396162233
5320396648197795285
5662080048299877506
5881707039142518885
7787933457318523582
2942932837083680158
5620334077160557812
2746814889490663011
3013600717970281535
7006774953223040001
1472798509603185083
8029034117430236673
8241271936572220446
5068653753586206671
4741979463308244628
1069987657206884597
146155775263638814
6971687473632398144
2140031902790889080
6705551738401451885
4071220181441371077
1513704294536924470
8090872538352064116
8432674974555728412
2908890216310186616
452819171320244382
4912348920093319438
4296713210529280457
3092429624908974385
6194979276860402959
7677175791491928390
1387762224564463541
805823860143509249
307698848160769572
4046278828345538421
3691638065958378674
8370489110115509125
4414598345052522931
6909872179212548528
5348602275134345138
2269233275052103700
8960869610171774916
4255900105561225066
7347926805005511445
8533696753405391819
4878640848492088783
6621739242983608034
2672860623544806855
4710767768261046668
5230378651769676326
7783077234700863647
7139030886815191187
5825262782659287949
2897926379661719690
5539606841616837828
7469638846406293034
7091677413495202796
4750992124090233224
3399927421935207038
7870358587956147213
8845012384796224580
1079766532340346235
376628074841336968
6751211401524367127
139901175400123932
3024030489301065383
3294411426369499972
1505341471337865465
1537480925372430296
9042240995812879246
5236053743331050074
1727980361754523884
5285810494494225372
5636395055057922401
4389078025259094565
108230628712077050
7539629251442893779
5251789042495849455
1497617137346393278
6994749291383684855
8362685846883982945
8947490147283214100
6112015343654748565
8134069903939429203
3930542854290823064
8180994808525465983
327019852677895170
7353478094276951826
6816310758520223980
4283593557364116635
7695364194764732863
618526619522565446
2738189666019479446
352142753414283971
1482173522744457184
2637599233691324805
8647894754374477274
714987379872801094
2969746548186096939
3839360335853286798
689803963161093931
1876478677147577034
6171760896473299279
7700298837126745038
8744742382703403662
8942565428177290263
6485330015087124192
365016519376251488
2801744153610127212
1421599720133525272
6506895296257622833
2245936449938812541
4707275230253676842
3777283575423645469
6812876105049782939
4311723739923210669
4129706054690513003
2464942219228692738
8235428225420279136
6694921883107570611
8741545732750751188
6944626559714577687
2284885484777265175
5652100024960714823
7289076787080029938
4915666909875173413
7728615382490930411
3992923466396607681
4575316088632956676
1886345792314237372
6361498289250738847
4357985357622172217
7864113492353758875
4708882791348150479
2850211748094383677
20635987098033614
7650745609911498390
8036239029858419292
6499455349002820714
2357857928234367401
6673119335276863505
2029003912703431973
4251000547208077242
131780813828443934
8682795796488054682
4872124856051823578
7750781404639463720
7276035335186107231
3964421058317121009
6799252163405534861
6181076759262631772
1988106112373896013
6398770442584534366
123773247491153577
6735119260279947964
4795978107132619243
9049464617307949179
7682538322229718167
3915735229934042076
3213616941103726739
2625464532420951711
2325313145973955263
5496619335013694403
6668904804252302581
2890148833545996316
3586553825766519916
1105831939941313078
2957487343951966916
8036985380161904354
4377679050408457239
7402819061443128043
4573959001668562929
7061752946618002543
8114399986336540535
3329944270499298842
8901816091410109995
4986084063952607233
4190445437143601116
1826633725951114896
4206743697886063252
8832128339427031579
7728717457521190344
430587899686748138
7916460692211024231
495430942374803776
1114341910821153798
1729720844733463874
2526018660543668613
3900851430160473825
8514575838991639647
5170292883748666359
2694758178793061060
2179103501760694715
7944725011349272431
9181309896100324420
8442189197391211735
7357446956907455115
9074235596009120764
8371605784032651681
7797163538700032336
7018244079632218463
1977753139973791863
4403935082097810903
2889791444546632706
5719601616121108846
7585271286806267037
7927667459319967401
296175950506004895
446943483350307799
2497112483978937417
7643188900655456883
7514732947738835752
2412210181808481562
8789827637949454106
7559526993291227835
7418849641501003266
8847110560539002176
6461633526247337719
1002792918561125750
8261280866898894361
8252109508814212833
7774457342933613307
1154296294208058724
1373913798443472361
1543631829827950080
815474811769727115
456874443703236800
1997568401032165327
8153231218761679964
1429004191498463087
3902540167404853641
3654055926514110954
4593395527777614655
271962265615628386
514241611726142487
2459252742513351160
4049937264509154562
3580394461964405280
5362280656467726435
3904936353830618284
8944054685382544358
447046690772582384
4047139727076438081
6877096112988855580
1479340231227653764
4177698724864041695
1900557453378632051
3905152877382547272
7068488212643208521
3294158164005791727
909278917458727435
822093927859587856
6801066318921277064
7891345943648604072
1087871790504086193
7169348299645221698
4633011671918735429
8387787682384900866
3671468022770533765
8227424008797801928
5847489164406882121
8925331421624320364
7531115171198562199
5549938834885911916
1437554862464182193
3525788689729521700
4530890626641388758
1728981203370723357
2251799967368990183
1191641422930915913
9066809076204685756
1718546758593405864
2148138842150756218
8170988519674054756
2974481881493941996
6530962469200691988
5971062452679636144
5104403249453415162
8978096343767280386
8357057408330707531
6446052544267783062
4954562767546120362
3891841064962013678
1931035033650046449
3275278332499387931
1289673244401591100
7963207204980793612
2843076815841438025
2648420422534700992
5761330078865964989
1461088522440364090
8447206341481555884
707149363423534184
5771129336540701979
4915712510799246877
3939206651543858845
4559402488757283746
4617558643896398963
1817168674403871684
7054096215171638730
5469324111797668830
5462911805896925511
6729011740294086638
3518854151624293221
1210902709241586093
6371286671505119151
5892647993312199110
5592652556138891503
3851971320551350481
5358834891292930121
8533628766182166383
7721206477108266986
1129830914723157547
1466007727531312537
2186506820259036070
6332475028230105835
4179419983228843967
4021932218274328086
645919414293451898
2641622754828809303
3150204102418063909
7477011194882294328
657351983091390958
5952454513584651511
884524769823940815
5375325034367110916
1082406523843619013
37429112316530203
5138173850713224063
1394142586913255719
4582444517464517616
5256734251458544926
263617849133768307
8566796845841155148
8957909374264968540
1728914685159411288
5561358468330070841
3477938491787467286
3985575597636863396
7704772378720964498
3773323453472998592
1684732446096389263
5630346634505804317
5396831392587582604
2848579240558638270
4774665979758173443
3029264376491130003
5358281654059963157
1912029276393344296
8780897307131527763
2218045572426216290
7791292344520621647
5590462555666266617
3877978527611335925
5522976503529724303
6309754036376953936
5184288404173502155
976543730462583304
7561768028074076834
3088862181866887022
6057425116610456487
1617909221319439093
6100652445298172950
5772919805309211576
369955223673134039
4272867560086209895
7064857569569386636
8544705428553886274
6150279406205920007
5226609419260960917
5347319395371660826
3591017790693730488
1278148861456258085
6350316761911796609
1841711337051565254
3472105572774714441
8026138817354326388
1719850682494694619
2526378226663470665
130833437801324519
22776760110479598
1091265209892990403
121664314719735644
6414524235923247450
7341721907957488244
8769553632557883262
6690121532575006295
2891422233679359837
1439520812145951270
1043541756804710357
6403117007060604019
4846755993372291040
5684637283146287486
803873360516448124
4488291361789687452
7338522500614939925
3420489447637745556
7728734589247548113
1018985576088887003
1985646849599671392
429534862788994793
7807690749494617486
3956923173645722396
2999088683929429515
5085945607892199652
5008020908104247755
8117416048591300728
5693177122607594798
5546481303920816839
1320559312085605343
2444017250491545714
6038682914009504746
7644301805999068655
3845845258487037945
601708842451824404
336798877032796755
4790229815445827109
3510326623681672692
5201635760055708125
552862439114213117
4332074045612924751
6528468607639157122
45950587807305020
8082570744232149877
5906012959087716302
8774747493166655291
3237331610801781293
730053377654562764
9035199631562974572
6780508747947538069
2463877345158346933
293224325129524610
6328522630273306943
5819477444505622966
6258390208056938987
8275842321357887329
530330922296340396
3849011221980276892
2690652671799512594
7110216990123487343
7002922761468912887
955367933747614452
7216597153407994472
1010999384918144017
3238391353817631337
2666874727756103072
301618025000851255
2481971611813491847
4634561946863933487
8621768444547992391
8629261259027550152
7414850494824114477
5464621631456405605
684086427058406687
4682260507181028693
8833650931757669631
2684894860067877603
5557625486042225162
7462719643785815027
3311554708301534035
1493501139603945143
178057987638006032
4481143021204086802
7062161646811112534
5866927040497276666
649426574328252617
3044259780427499286
4948058126840491965
5404256942399072054
2657058085045966875
3489056514056519084
6265583988503235429
1255229532682687410
1946781342667430671
3481794084977326078
2803036775242634820
8236338417258493103
1589595043817576962
2442462783279623506
598560548824380280
5226913410161961602
2652818082494394596
2821416827598703525
8061799448556180092
1153462727752396555
2179195286442835497
5586127371556783524
2893473831775980243
3544943979037180661
1553828573841685957
8836723534503062349
4550798203961515170
6087355437816838910
8596605770299665006
6960387518091728370
6989444761394517547
6413937009499577852
1085494016679218623
6395835720451440014
6095914350063179075
3440174416184009492
3263135309387329053
6767512476538218469
6878383284872937656
8754362106075944376
9138161542227957339
1561580185042288753
705004263120263126
4206440061524472109
8186963554087411517
9146804703956994770
5604513052679224863
6173421614122224475
219328597988590387
9133073193213565582
5528959770381607226
9016103082582880792
6558056078222985055
2446015924747759091
2133884725988446072
2098163468632813414
1088853248581971303
6392373628926842604
8762616859992049848
7770220976919972148
5547668794699640022
584973532898833111
5633577403181321591
2107386155218815215
368702051215428232
2028723149665463864
4111601663262196384
8802959163497432874
2670680681637785867
3922784025430458109
1220438651504562297
6079422183960378994
7840107469258558232
1031309580406231731
2520638790549646227
4892139112201686977
8578351269968627746
6170856485985113898
5056715639242255772
3730491297173470747
7208603530586012912
3777039983835106459
8249175633431186798
7494731104764154742
4502794802014516945
4800626066496968059
2094400906652984307
2613014005683375740
7277667238513959417
1211047061268576760
7587111264790284766
1123240852062267512
6494460744988794868
1742793067421831593
1974025161189065460
1114608283822426283
9010530973265245063
4732157062019128720
7021188965899230192
219264096229235732
6857055653691668522
3832290430897620653
4575004934059080579
3632402763980944110
4545200386332902966
5101083206649958511
1783612757950356690
3811559181323998691
884923327484409025
8874143282479720772
6280933694987285253
538078414313706937
2604790474813307617
3458256364818895429
1941427855951024487
5100461099508876747
1460785329040100159
5003584194131046901
7690204968431981543
6785126289716376208
2858628364995828030
1781114026353705468
575229660071001345
5898163347137085083
8716797100459775429
3123647185302828719
7750405475828770255
5802166215469053793
5171689333025324906
1177650071580667447
6973195314722940860
3350844777317366174
438188574321349620
4993271194070266944
2994963829528401085
6560081860755719021
54372146789763385
498432738244226228
2462079552098202916
2632300923633683147
6179922159359927403
5427594288203252542
7047383056806354965
7049311333357206573
2000066479775172539
136273494075210363
2550137018100611170
1424333178949868848
170285493778780596
4431547335587052274
8643947352476085852
3180234308955846797
4321377750161823353
3580328060333634308
2047164276208574641
1203563370791394020
6654008739701588924
627512927483636552
2364201347689855104
5539607781298243983
7730494458457155697
1360158229158012002
370824648116319572
7823458330913878406
4051788905670790463
185846668163535908
1247286207529487642
3541681353187131404
1746401999849000117
5914622431848719550
9193082070207147335
2744527045314838727
8047131015165062429
5660629784650673436
7870681429712895885
8852404276714655846
973186197696682620
8918247485219339591
4494436468632394143
8005616135746253419
8188021040668806613
2475547000191365939
4110944612103668954
3209603146091713549
3058666886060775646
9067777487500206064
1836702943214086676
5009474286293413302
6644516003094087632
3764125833437797258
4832432082980782312
2421530850838147968
5901427105803576083
6685212482518298641
3292012278379518436
5789348613341079527
6979127653762789098
8513180603211003391
4271422383701031007
374376080607748456
9084564705081494524
8674231948472595337
4109931709731136224
8418289032955286160
3797117522479082524
5256573953917139432
1158886751489010935
5009677338900736775
3723946289158494765
89660183977707143
5494404099018152692
2817957642887532953
1098627314368473918
6736001269858771639
4179854506230750292
2106200140810741391
712187292325135596
1428789940797682393
760274465079663685
2067099919650578393
9141918943345461933
1617222513015946992
8964394689335807349
60916987461235047
1678873122245799866
2421024490766326087
9132178614346531189
8733857247639679100
4659093898290819921
4658574665061333140
6862261346327529000
3142792264741490704
4378005116997673357
169902075834444929
5975521276821260739
1082196131068846735
1294001117452655948
194735944784087066
1888400062678048399
1008211705002325704
74897141604628074
435465743504133956
6948194171218032918
928948961650688555
6702091818769639675
2325938022252246122
2212023017648140448
6829410381446001798
4264880739701261271
1320384453123865940
794969270163345876
