4671468236629040946
5627640803074204507
6638267625372372088
8042888447790168794
7094122147253810935
5758769965514205284
1001881849303223347
8019240090835582726
3523661161215620867
5147985168324830660
2519586731048340785
7564979448121970022
7103721873434006370
6070304847303289314
412150539568077272
7556132609401002743
5518969418506104950
7132015034701885820
5764969103059653072
6120405878867160291
6731163669882347117
1246897308518943460
8099485215123387421
6441743533260857379
5464872208581638872
6946552446168807987
6830647739377887956
4712608034403940410
7063731929130369069
2404940745595193980
1088832266664578600
8434042990447635870
3756659747038466372
343245071271053808
826727729202658960
4164089514790368497
5636007979130824195
5472784902569684154
6085182402972295032
5047783836169510501
8171279586022192563
4506167868465444168
3767094533873200013
477824918307603351
1871520001968378319
3353882677003893754
6594539435620319657
8298424831836704249
9157803163425049706
8727125727015738644
6829991564524234834
1291191049613663651
4578812709865470146
5812786394681124593
6413043000140546791
4946065978032000587
5435566437127947693
32895245341863814
4712266433075306564
2822360041591532978
3050675344422556023
5082655521478208780
297559633751746696
8948997590592670759
7490566178724523937
1748503738514611371
7454341799029970913
5597051794568641382
7081247711296063530
8774530420958735109
2341968328232207632
4021547311123749208
3222466799203659933
6397047064598811683
5078839480954217030
655262549947230984
7861264124845294526
31891815688659571
1989490245736503241
8594786390522708575
6809713738515462402
8170560412225354561
7396352989753027199
1890907731596838340
490970065164274734
7230173029063663909
1906177765775645229
5650489508236628192
6896349903505728144
8848190749917032326
3353708938240306692
4832195095780442385
8266503152461572484
3400329191708833734
3556289952533244179
7207646664508125698
8034719169726063347
7237712372704468821
7657028764766361045
6991958784103845476
5156722620091600213
332901283252317091
5126214954782818970
5115451389402033792
6423123903244818823
6736327185316807498
7462106334602806799
6948230737138898709
7227473671519315589
7486200414635139054
1659444832279095487
7009840021374173025
8171515980240103762
2936421555837755562
4184924819423248119
1334609266348750536
8205227554094616876
1264586907068466570
967141075216966194
5278329138415838138
2915314864075917217
7654242951752608417
1693157285662599793
7570684076633749100
2750963522098769882
5596854004187981206
7467490123917361769
5624579995654689385
4102455706954554421
8118902784007495130
976327569917157302
5243235152983842112
8958254748079281956
1620977012183717456
3686652377961887007
4403398387678756626
7480725220828388414
8480099521168043615
8373791883775428740
1252675005339262235
4661396070764539967
6810503732284506101
5319595839447211749
655919813065499387
8746604721993389048
4801146416777539267
1870124713767653763
9194002426000612709
2699283793666947424
1051344574932797628
3280670266123488045
4185195750074393187
3628475344740610207
4856053904279795434
7674738793703685074
442745608867116619
4954497056609505453
4465085837749452395
8311612088111539881
935112943946643684
1284542098688695969
2922314084270654605
7779037719174063159
2245739373505811190
2222537820992134527
7473324831060277476
2690744276699051826
7236886357378946226
8103418119361592703
1467440577414932695
5161762974336109946
5667917078747098473
5934566719762653423
853774006419973936
188196886811153174
6758842417336837375
3485305707892666115
2736084538119216143
8330045167547576144
1469800570653400140
3734193983354825053
5761906649408338655
1976233637060385945
6502651525408820073
7895078829393762123
8956962510805370128
5371034331918812416
5834359401106004113
963504066868418060
7453972501618572560
7949679738826940738
1567241764573141767
7528824522117495353
7996397683123817804
6622821634808918178
3484340898110599779
6081650374069495726
6391554161108344698
6266114243894012489
651723665221268596
7849473971413032188
7607324592198659072
6453564213575489312
7650958521336181695
2395744288735429124
8732365739352234777
8298274611294506899
360810577327518860
2422512886612592291
5469035757270787490
4199002842087314324
5203460457446121615
2302435741919764213
8645309051279330173
176767383313944074
9060763635861664675
9066744775158481167
5314429044372839802
8054153609328146201
5315727856822164983
2666654828943846481
2283928193361167474
7620223836152451764
2883798348720479844
2353043265524013952
7990000421675471972
7841034499171354713
469396211795044665
8309311568022709361
229231618051743528
141637797865214601
6540469216760507356
5048393557430394790
4784195755461306582
6083923141988472171
7269362897201121523
2393152696148056913
8399264262330712497
4668386173695280778
5222007363645527318
3418278112673991114
8441160388429334460
8631930886243393899
323052403717031017
1968954238644928751
4067253205518527322
2257175154793299305
1417596641892495924
2049432731933222555
4675272739912547500
6831591206601038351
7114455714614225929
4505137672949738618
4016903730209929445
6266098733247451050
8100134579305239513
6005453958296492886
3510027787405242175
5662385495347608194
4243147876540943112
2190486081842592632
14543915650577571
2090598431832589246
5053067315612981648
7594359540897503824
4901827571482435583
4429942582026590908
6630558689982391282
8435979472531902594
6552391547855517442
5243735342773817879
4723694620521255709
6415937858777883386
350183410290513379
7835061448899988792
5489259402696881637
5732007789302975483
6676966645128205889
2404687125103716454
205268604983230267
4616725004207428048
6935267078760828296
5106412806716279816
3680859310223658665
338055283176117127
3444149866189481569
4881669898591157167
5138795655125083841
726101096674096583
5798567997040578319
9199235193077408826
1293094359442285310
9184808555754628545
3876298559132946725
8303536751875088320
2771745587542542898
5462413971320999273
3468842029859424924
5233258921865817172
2065180801330593236
7431920225938543234
1409175107951315400
6687433870759527620
2369677513075512493
9096355641306695239
6370934676811322411
4681437438287335618
2533213508335296858
3346246182482249827
2853495497575320646
8412833254133414436
6698287165254741492
8861572048046759257
6952874484727714106
8739311364051576811
7970110050912468297
7755223107715351198
3675322678327353117
1087021624278020833
8819696684886969351
7488868410090509270
7122905366142153178
868519702949092750
6310309928100950987
2405982388597056618
8258446845870175295
8668561371210815680
8691485334974772006
4275820344836756661
4780593542233990637
8645284393695958069
2281532743108639244
356728760677524842
2013861816598718241
5416855272573962502
4879395137860523825
2139912816643139721
2288349197669442080
483270104208492388
1850847778597408960
6118540249065390701
4218836693846143880
6867341195162212747
7471624114345996733
5031859110467616280
5598122070693177872
266227591442137076
1629878989715857147
2180101988245480346
8403518424350460411
6338395568457954343
3164479158910880036
6026298471210289268
4732995203981412917
4774172090452756660
3969819967260123991
8771124060319541295
5128502365915242901
2281861939965801063
6545085195328904410
2214641413837742688
7474573773706840889
4552427255308710710
1167881796128455788
5798432309298636411
6282386080816618706
5303566554058868893
3088229965385234090
3539686292131369033
1670298203483434335
6879269903954613406
1512524971662306434
7331174400816666590
6534266664558865806
4615863218447930148
2492960488578086844
8240520921304029784
6155618005763882094
1545068069141645805
2320181645608953409
2557836768525554409
8365401121601383507
3348921912703551157
3427376712104209205
6416060552324362584
8628153275522343563
6291298510370377542
348483621575294857
7872924859092240347
8399535913593298818
4428227741518206611
2978571540066053274
258267522992215891
768773368499987760
1351343245112103785
1910941083129813320
1624850159946991511
1642962248411391895
717755745888724540
5546846560873491014
7113028187653889899
1155814265693764610
1239182213048503265
2191284552229485077
8206535593045813760
6314353546780180317
2517385305897953669
5539882764624319504
8829549901429352706
4076861101782283626
2456028664156854262
5033820300583289698
4620693506955074856
8736401010790354427
397761443413987133
5201611047224221318
4382413364271492424
7103760461053990411
4702244780131833919
3304744435779401383
6493341374713578248
2420748390510664850
771459474325744759
1635622530724859512
7811189127917424459
3776273585669256571
3278022238439163598
3102145685938444240
1439318183401946118
3722440725191522346
2133601021266947076
5937631233820290010
2950178971057630348
1140468069452904991
3300369612792350983
4464716580571560474
928710013257872245
7368657344085180944
5188545869431920820
4675721137866459827
1247886569234852377
2816267235109424331
5036177117429421753
1422478198677063196
2974406587846823632
7166310863945916864
204943878720725185
6462349253097202549
7300141743028101887
2465685769182863150
7603833270903637512
356700339041000721
127330113794811271
1517249685462659808
3730179330213739912
4130410563475253767
72079690126397074
9199647356392089528
8012171759235153801
6460482791225185976
7545945117646697480
1194551359789246033
3032455778169559285
7326428843732206978
2437552602853047227
3559079432273177358
389865091615045076
4911091204377927998
7163448188674670840
6391254448210870280
416187749278791604
7580856586730980383
392511291733281566
3653750261531413155
6212462792099342488
5892952153304484668
5703885499267676323
1237141723974059209
2622464949376889325
6287040408459411082
3070043732393941723
5900374306688162271
3989702435792990521
7233340194781378993
4721829558508612021
4469807378170668907
5345678124786166273
4039355745343547725
6938191109457826878
4351325201841705177
964979975709785311
472482930823447081
7979686361567783504
1193160827814271437
7127816970413272398
379975012535972378
2056368950018426029
3139122881971523220
3286579769474669053
8076728427167370408
1787421121957091356
4966339109322408608
3597969716299089582
4406891478009981870
8211952044702215774
5977509567903364981
888694945197021726
1796760685489186220
5764699331993707028
7731531496885865894
8573365685168616816
63381000208854211
7515347355616471110
6928037257331346398
3189652703918196367
459434832285909470
8906220589226531587
1536856682590785060
8076688217923665420
3214266270544905821
4633107443719297585
3405508832577061348
6338311654142672295
7302386398492973986
7256500422273324273
8738947928955581047
5444694993428077195
4938263572348441518
1253045509156853848
6379674991503436945
1125552206142227064
714094606113353679
3084486083581191103
606093957941203341
3740170340681671922
3960466533732208738
7742289075764201303
4262953541964240175
7108541545607622009
6413942053457010639
2971638518089727698
8014383209139704023
2786623699605008039
4096939918502123024
6888663216899393162
6084622651659558574
6046516490144916496
6981431035766466497
2531083923580912134
1571768023201770530
4293998427912717522
4399756949969464418
4861132844994026550
939575009578297343
200182638476839343
4346771732967291489
560362960921806539
1041089987066532136
6594466693085992974
6669215615552810668
2195399071440372412
2525382064052842091
1462944587106794601
7555781972640689904
4049002690198086523
1001321226578882412
604043940231228511
7896514188327364282
4588940370904639920
4918328557298460132
264437231073537152
5912798467088942133
1711480975529022102
3632554456892548548
6562951245135071743
379614190178047656
1907820360753518027
6395129191745200390
8143820072254006123
3411184153538061891
6744760480707410609
3613754491710697265
925895699332257648
7017601506969195551
536699319055171084
5690639839633388336
7279816222660300019
5279960238906476510
709983563990780096
8223427854681896679
5402162601797297411
2255711803536148514
2888063362266847049
2860032495764718480
5993820698697645114
5794899625990438725
1385447674738695833
6275025301596282963
7438292557452551157
5980232450046684749
6974943133275408937
3141598438451457983
1878619322430008356
3190099406702027783
1431414935410222367
6981007568967136392
4460379448905282680
864951472348227640
1283663904079952524
8778180442015511809
1107865608604835066
7577392251462303323
7609617744111614244
7120422098368614048
3014704747826950798
1167630319523057806
3396237245816051585
7551445841515957065
3939729481960372086
7369949464876143446
7700183837019146461
2592252527813557618
6736278996896687346
2633992950109283485
1073122156757990048
2567895537415166532
1630029045993797400
2281963723480327969
5216717275779067451
7647237238588152908
2346873862321324472
7746734148547439935
4268265604642936589
9045289153215630644
2963809771256005491
2392787147584303971
3572822541723649768
6887264575963215011
5493057034409478768
9060226301097335265
3431475036656287898
4366414021334027993
5834387718273802832
3291905846230661793
6985309874231990588
4192984766934185814
2358678463873600499
3563770767615346903
6999128357043531012
2784243418322453989
6633442924071485445
3416588071110024124
5674064322612847163
9152376204145874066
7440453916583311948
3283353039273825055
2931130402265172041
4022680079993821610
695972288281231406
1646739183381071880
6161270016256419450
5062595822378011330
4122229854770523597
640422141791378496
3011466785407917088
4970533956067522455
3591133410091520738
4402018589534659808
6993596604608022100
1922409793698738207
1368587802149286846
8208321924613248477
7295350299388102385
5343997949829085004
6752866060262405992
8320429924344566795
1742442936333444378
1325131884423245584
1112528821049153717
5739852105101613602
2713557792368355379
4685017345528793928
4732123651729514610
1093920752147372980
5065712116271949269
6610183752691578097
8107815364458287194
7207475181929449535
4148799422594800071
2555394317169743815
8994668192650828751
5193214845296108653
1311545427988289484
8399519140489223477
8071237898747293042
7667809377831472903
1260441243787116030
1941526029302955343
8608468681449698956
2321153354045960274
6502474877647277974
4995608135935190297
1706715352844872236
944948154138234615
3951971569669983023
1383835698969215585
8132426853556750467
8457092232883951196
4797617863823877565
6054924968040691215
3260736696632438928
2388297735821963835
2188676286328491517
8709992903837659176
541125935393547232
3040278752093961534
8908678613312202250
4633851420125919119
4952778848465314081
8376459858960828947
175398772080182303
2261694525596574198
3800295035531613686
6585688788143478580
1621287246109467291
1094471189011777465
6795578823878497946
6645494194289657129
2561281478373086376
1765236975788996867
7546959396171062820
1539763244479147875
2833964758558391374
5790063204709283441
6819131355443935418
7134911485124113706
6221959590884926300
3413880172770204529
8802314585257019470
124747802839551224
6532068216561645454
1626728529781782039
1571280799034851098
7896912970107180018
6837584071044248190
8766303175508710306
4906425266870675390
1650486826009106647
3480083848734214961
1800109301860112264
1893061537039558596
2145697634515502565
1864814788382174541
4940168446161595486
5871004695833999172
6688986229459937945
8284684769714176621
8002499824632100066
8655003128245062094
8974153469526776480
8895409649623343159
5389557866306736144
4794070810708821796
5919477032319290764
4937568768572899476
7067926412824547577
2128273771760915121
8412359069101968367
3302289096806626983
612034632337713380
5384862255477334410
5509117590466803580
6326681221372872076
4478165398656143182
2979853429846579026
2478015798805906477
5874332055424914565
4150342982183549912
2422054609795687646
6823261664959675149
2650534691909160156
5952896218804860202
5267001877367927461
2835299356206507123
2799465538328070354
6622020486309271446
8397837827984746538
6923846687273021420
6221341481694248125
1659082189432141724
8039508207999605133
6748395010462651735
2947856744495500141
780769738783334193
16496196828289653
7301815721011090355
5532986863256770738
5982808124245489203
1082817656673947006
3750147478690796740
3711289218617483514
7875867143965772026
640643852759260916
7207202580211722790
7105648767221698377
127228290620427784
1257817623162471937
2366272275239928302
2344419089076092002
4972481252484914807
2690540026445646062
280913797488275325
5922935755954469608
2046541092529458789
8375193786467222883
5209136586217600330
342603638918134706
1864294022131931678
2064711072250904381
8348952232064680709
6403368050191020862
2707851306894856208
1409159622208659397
4137371166216422881
490813957487528412
3691914417467396943
6255302866400462326
2866837467420685824
6630699926328458963
8180586797074258303
3924888335787011980
8947509958610006926
5435844000373506832
813061533756951317
2994778275847886756
548884118274728154
7785013590692433432
4190640488063301124
7541790443339389768
5652437497661623301
3457337906933895056
1449491476038336283
2964319417644805847
2657589927221594065
5088690692564878822
6379867149224302880
8854561820538075866
757857320954287049
8820774578607382116
1316379210142136118
6718181595462231407
889402274044159066
7478437359056589213
9001935635500709914
5031351133603193189
2975328431265480203
2469502210026967243
7368290525656209435
3581723517392838457
2561581858755262829
73491932261630147
6976082297238231146
7100190397132360384
2184244523239014489
5765739590941390689
8550448857614455243
7103180372305661592
8184306780540237746
5809443541641016296
3476046106571285079
2104720580354488803
5809280061495279173
1658687984674344524
2181513678447224037
548785091579073457
1091226758107135142
519118917702769417
6675150278184040246
2481330152633616293
1652945270828390258
1215134882638741019
9118725352979941316
5044067807857617638
6839873397907810549
5030986859735733404
790932832360554890
7325690703351844315
7631429752034378846
8102897398283886102
8502650052532331401
2008933114884839922
4277784765136489213
1590727294210849207
3358481698755527820
7731048182938641459
7462380093570783929
8432560947149861804
1048985312980623066
3860989896857451842
1591465564893650137
6158262282613274694
4296881990799379963
1195610789275919998
7809287833642323745
1992204141552089051
278152489653977953
1887097917691448072
1172357960339772917
3801962255535619371
1036884375628401580
33570052183951696
5366040638861398199
6207788941053881868
8112912474943623516
6899627529669324851
9180633900756052659
6145401343805982439
6174771091510629216
1667899895334151498
1996878475065583948
1293273215488285201
6515067684240332015
1530981432380146478
5165293994932060835
7091910749437377241
6761085946890867996
8748700852178067609
5705950289819045410
1182886368561202425
3799650105214264791
1109617971239996789
3101954676878288024
681813992396471367
5606459350612459322
4530709120498007528
8398050199607280258
5421015684025369133
2433379142249099349
7252066699176161699
3947862170769045580
6415880406133378049
3187079840327208794
6801804931559262032
3508500618792426567
1273299085427914749
7778620403596594773
7194845728426493964
3648034272473020885
3315894581335934867
8609784131495657125
8796755998769242317
6144387931516769997
2114602138940015666
2979785383810492455
6314896335244651075
6912225639974994956
274067139643057583
2180735647875127804
551290874747682325
4910741798813800654
2717098349056086644
8922971513047556731
6525214284429867806
8542420216115594238
1098345174356575746
3593407367954090547
5721232298963352079
1062507275730259922
5919011114683537984
5812868499095826740
3109407825431411131
5183528953893559559
8603539434862578980
2582669394851371059
8083838101320424387
5246401644976241269
2615246357621668950
1607869436769820621
2896360670631522019
6240229217518641249
5767986860588041194
190109045417031905
8547885456618778059
2277885581081692904
8543915741585845929
3733744355470137322
1806802512591836777
3098962703919101641
2182307836840569233
3034228489160977599
8061228132230128324
2145467363934900857
7781241097628396702
6466697282450559845
2610178147171869055
2449847857769078225
5761852664882001590
6049514987627673902
4073042729077830739
7053846346870713837
