3369950210776543450
8237735129613501952
3706689397947464035
1725133914717545181
3840409222903310013
813793740567787688
1886534003812091334
6390973508426222224
443469231172649780
7471987481802302995
8916186564707866072
7816039017558253837
3839580782953080388
1409566002874575356
8361703574888468898
6613262042525600999
8131699558313093693
1580205358769617056
2528046181123082231
8045821708146415236
4182916182542793946
3231710006077776951
6754414641884149324
6131549088380110803
3601511708889308578
7703419953975653459
5223781185493033950
7267495937620981533
1900383321977068269
6979877248061743628
8828648484282390179
6182912380747603780
931019184185280686
1022081357922195845
6591332042220485749
3675970178019967255
5721498902729170311
7749165762707028317
5314709299653400698
3630628827074327759
6876778060278673773
8540376258953278450
3064623394571173239
6332318167790674328
1155128213176803228
5078876925301069408
6912093820932095718
2729318490364663443
3875276846276941505
14336973797171730
9201978723783901276
5908503280361281180
677775371657618895
1620850911344019108
8951326714881318016
3378324674028022245
5402946775157561126
6106305077072580310
8365524124349720035
7172655956876386975
787208781971802609
4173118387537478907
2538762259908558922
4637515395664074485
283822770184385875
2439135788203551100
2677306001072265996
1140842831047608271
6131004798585194942
6331077097384455709
2909021606815990657
1551647644346852491
8151130248913539558
6604784659257930028
344492796739545343
2355905974876241987
4254455980931093035
6065949895726318128
1848639283675471304
687861372868887065
7433800357034443761
4463233984671368947
7786579221869241905
4314702735225059156
2719285277795407911
7602749937631348754
6159943108514859214
8829872086889804773
7215610758917917913
5269683043142488086
8003814642319962083
7570496671004044893
2435017002296978918
5356897728793780883
3316610845101600876
7738037830538322407
3710135432359263495
5188516585011819596
1355995720571971359
1034865641194518889
1118244630700858195
9102053237738184604
6571959045403422000
4591069679558302919
4221798589386322346
7212748255020555857
6751083578277491553
1310857337509313393
8846664308370216345
5632537890818373331
7696140642267032841
8767220031547565767
2578747935723735503
4252694279744154091
3999315019776754657
2211900270484636764
4310831042086713326
1946959199238124653
4701207128986180609
8471708270590533983
2477136494829733761
3287279488653333631
4490449158085464120
4411491648171372735
8224066508406038052
3749824083944335074
3607359946624637538
1884041790787671324
446433117225748556
4101530183392331735
7479958689201719423
2617198101342322576
2712403397387497776
2091832620032605769
3113944774694380732
5863614184739964807
5202232031043618823
2061936233737501397
7974515776154926447
1634624651829487390
1149593920705932516
1474581991663791458
7775443275091658582
7894350057134860813
5721566425576312403
4689368270671514430
899394083933617365
8437435428929069179
4490216370769265826
7540108758944505763
5238665067193575967
8719181108334862759
3744166944595190679
2486467793668973478
8251694340682601095
3853522999713956051
7172291633243141001
7707105521642223791
1996189741452970860
1426993385449153697
5934628105121908586
2460646094406126718
6964569775441730192
3212429035008279293
5802523608287074553
613585435098247170
8639448842649228508
2988120032895113900
488841903857361409
3188141792152295132
3458299142317545099
6395474586602295667
3836744400502906553
4695156367151848542
412356906864548709
5209120028390578380
5786667434072664621
5991603539432937531
7170346713505128764
1701867096680711650
4368506183464039702
6232616018587981468
7970671344343561579
4670212164568823912
7035016539926556900
7867984363396426245
1909786764376779786
8162823042453228276
6908553116539919942
204749181633067731
8382409735386142869
4473465418405231468
7486986591740913558
6046061277286095926
7954495308546885466
6561066627557414673
5673369567791050433
93590303692707811
354822427174034243
7918292440093074965
874934262974035884
5553238209194771191
7948017893280824943
5605036203407457900
248519597559323720
7132327889337518712
3790585527932386578
1227935170999705830
5074070902176771891
3369253118323805609
8573900735145195423
3150945542259499419
8676345828323443751
4159701734984707109
7542755466185458997
2926641054347975131
2327062896334509409
7878724804012714397
3973070013355303697
3944780062876826081
8100523534133850704
4652179701831464401
745165783383063535
901357320561301086
8796232099165315572
8997470614715095456
3656552335734125181
7671867652413314801
1509636479851678382
6534769264065089274
6700957880320015908
5798202568352763175
1461723930896369859
7415866735973854332
1031330924455780198
3926577541132161888
5152478158273809804
2561056221760105855
6205633410953184545
9118203594085665735
3184788657939953722
3661550929112408529
1651077455864743402
8645739576459149865
8200070146920073284
5755336853003638178
5915568322769347597
5712816333971190100
7463914696810339962
8978596663705837499
2215508758674130220
8690636312832966059
7579632577401803407
483292891778391527
2525219267201674513
1534896582525587290
6417727471082139201
1530463294600853318
8518671504047559003
8205489065748325530
1257670727738980486
284665912704438709
6303362581222344733
3649010905366149330
8766364353278724246
8045515976364942522
7185630630126434108
1826978025516966676
32617461680360678
7037041537693924410
5766699522785531411
531527506834661988
7097419255698575922
1395067011041865722
6059847328828629841
2919004126895781126
5340790401878478582
235601353949946018
8872498844474132628
4158334982757915773
484639823243464447
5665215539511087932
2924572875989099887
8411210772938099989
1252264458106825002
6196536563060396999
7212389823725074115
7834879975428889910
2456681225931519119
4989661474561986430
8831599947579603411
8183721074920179417
8218890822513340480
6036578481521628474
5780431100805910241
6163130801591492332
1695851876668791130
1586164659018121240
8075850055914321863
4308983650974243631
7984562080516724217
7264202326019775189
7597397464076238134
7801704136355690911
4550615931048572151
8510397737210588650
706427156607527366
5288715344641824698
4847823979010110461
6837963447303817198
4089309807630461284
188874709864118604
5378259488858187954
7462601517314616024
5099248097203010246
5800211255664693308
4880629816260765397
7710754476934929839
2006782580109798548
35392444758048186
2786551661904030962
7426462643993753407
4491099228362071050
3981796225303947623
6871474341506348176
5816472992883828279
5026627541660978686
2641144255700460855
3261424082959796367
296306441861452719
1126465287468822651
3291168728910967723
5406171806124145243
433560287217134489
1877740478604493018
8620290329162915129
8820984607292691408
7215577820226672255
8713323031828391599
304315509040532974
8323835405379264358
5940159861882208150
8280240207586593898
3765646453759475676
173291721599088740
1127667504556428499
250611304119272217
4607593715366228699
6709424637636030240
7545622777923987733
1613366877421896552
7243002835315775444
8703676739574953240
7672948329153518888
5599112016816549525
1409784998258993353
3753155506346045232
8010889076428200673
6937139489958734763
3903548539043873747
7038639669622014550
6271166450671864129
9181992257655749803
3635473865648157344
2803918448341416572
8551744606807813112
9031682064644153058
8623490446277804465
26694613655883607
8491518273002417459
7139161008607424069
7256472605270967717
4285665205830551280
6554605891414325805
214335023797877705
6962918791541819950
1456540060755194320
2672789427749309048
6810063410933398033
9175698985803809759
8841005809513229245
6977314394273815256
6525353513713869573
6717066930228262986
329357882464028605
6154115828615222361
7079602608427033522
6581093668846751983
8588578451820809957
7645093253669464466
7099209270891843392
2752366944360615683
2706183155857889287
1592884667618750890
3671624815363637217
5684568022414347081
7271823641738175530
2759460593977349586
9068624648435612267
814812744454972731
6080256131565602772
6659971600462587509
2319983307285916703
8117116175279778865
8283185313929444614
1772184464628164590
1812496591746089552
7038957370153334767
8577003927039144699
4176048650960334906
7185588393631477011
7951159368662030880
5921240858493496239
3117668504017319159
686240433322097990
8919754318803795742
6170324218464173898
869322859000126493
1372860727349058216
4560343816194767096
5647463434404835789
8612658638911519751
7274399784942648241
8444955998091209467
146019981729340775
4160803701477656836
8594326480706009928
6108815677855403433
8610475255294882008
1305227316341950332
5768694616499619310
4235902651800487352
9047851943223740853
5787942498808755377
958574581817702034
3604506264515324349
908596834388054274
1281208455295286521
3863067519192274982
4546707322310398367
8968284889673249986
6491864869434753220
4391871774435351667
178843466564572395
6922387037978877328
5686512142952523798
2409291710910535387
3828872962973588778
3675525165456944914
5761505246891586021
3302005575652120622
8222117749569050511
5902900021765887318
6470381092305297665
4898752899899374864
1027881653248378133
4799040832806820881
4922043744346600444
4750586938588867107
2506375515995428224
4100458711654879351
4991370284736469665
6928888601248289286
6721211354994397696
4229733496445176853
2777090352233298695
257909420739404052
8913538519692603821
7330078065174309316
7199208163133635972
3713727717937375020
644099595808242006
5536106717547190736
2640197034289248134
6773846042729772928
3519650450360865056
2064033570748647995
8918187416927031031
9189758598436877457
2855623225535723652
3605120818299219822
4459687745705382608
3541547828160086606
5140990463807316278
1265674466612114040
4330755179671012544
6314360651937022250
6802942457964152411
5419030502824903945
7852659260594123119
2269534641987531149
8173909501888928965
6616124406024841303
5484751517303538647
477445600080274813
6246863652661378614
1149963069774882061
1535597668754515319
4199021448871434252
7619077291803839123
3266186852653275801
3968538664009911248
7383098943218867527
5258920645588383589
673020666094423143
2600250854093704321
2238330987223466408
4844816502832555368
4611819189418072792
5794151923358772932
2866376320393209124
1688233398461912797
3251746405076267687
1645367515310423117
1480540810589607406
4596044475204279277
7896981946994339874
8287871932956270430
3437159396614394139
4038104058234694724
2179297888726339132
2903392375268410976
2399691065424028261
8026638898277152952
330372245319526164
6101298671385558314
4827921107418660690
3462386011395134882
6517964870582932137
2743310077228837393
1760122958715780042
7061692672810931234
5864062495545258202
3545197585558788428
8732773358000842926
7333530242054300034
6537230854591316947
5598977190324111571
2647471135352983076
5444025466974914737
5458376725942377417
8490019696865368382
849750145481637435
6971596203702586551
6855721344719605316
2434027055751109359
508556518565538872
79851370229543714
669210517454405638
5101206912411307786
7487568382888740501
8366656460126673748
5102562846177876524
5601407683772454687
8663826111066132125
3879170507948999639
8075504182128604944
2451149826051964025
3809264098967088470
6401206126121361248
975049291663676170
8828359725547974990
1027580404067762619
3441667962986702613
9102843344405419852
3770682281642541206
7391880067557842677
1915844738901906868
307939207783047611
32833439847714101
6388099436578890439
3556588861581561080
4681251832849596093
8567560192512178623
211925361137088280
5539678332082366331
2396963015592419184
4191654037864451615
8039613635951943031
404955957213605871
3902325098659850032
6857921180507435672
3526264299249237516
86195298071940199
44128573024730473
5514783557151441442
7388028319946708379
6852341807666985216
4869324465294244884
1726741354677735784
7016027202901094906
4789934052395979152
4361701494449953423
2210416123348962682
4858856396962768685
3700621565202130743
7218518727535943280
3922536430765009740
5655193583819760140
6308468138796904209
2462848823659373405
622414656234308686
7014993680654235892
5946425154624090995
684986716237861809
4339281541341212110
4216523594681676505
5247690689381036468
7634653421921641273
3304301968385379635
8940711734944217436
3330360217876925804
1118109249608320662
986997372336579884
3107761333453654566
8723709438759243678
2014261898707002863
9089478286306954812
8943706522114682336
4090192087072352605
6017159718240804055
5847756175669723330
4935512783594812924
521694398880214437
8823208194085392500
2008350883843259663
6495398000445158316
558656162504567663
4641495004336770304
1284198111375418748
4919066127953535668
1315279161993267533
2383596456164751398
3039048818260272692
4315290351438069854
1859003542778042264
1391979076855125164
2409194895769030943
5511284950700641084
739329211974657936
422199767345224502
6618026655876369356
2944116414167608906
3637287874481818572
5782266331123220226
377002468629176170
961862681633877756
7091113084076551478
6279923013640322592
4521163455326367559
9005107595539983376
7965191624110201261
5031203874250103359
6529727593590549155
483260847783702891
1177258323136035270
6731403904025434716
307964569393154073
2839247072121727733
7757377980084652417
8201944580190771091
8316533129847352165
1800045890842710903
3278784009194628710
8858672021433195993
1848335243352833514
8765540624495137865
4458833597335439826
634314373097050180
587213864791958644
7396975989641424071
129075381765222334
3253948532658523831
8757562132637868768
7800814431510195780
8450988105871111645
5224821235809458766
1968834883890659463
3323832108975017081
740254803804853302
4420369992556488987
8921496723778690042
6531954625836576893
2216672337707794238
4793737227533573200
7769880142168967543
3805529876886206224
8120040790356541751
4159616266620388881
4733531403478639995
5184025594225185649
4092146005144466127
2939721716971340042
2584034506064919195
8219158688946548716
5266638507005790346
4491267004378921745
8149834624049302858
2507928335626925921
1805971446148213038
2242341369794408508
2703714063541707076
9043265146880272739
255458012004106997
201047199957531140
1180475626940936404
6822808140003274266
2076819212518560229
3483187465398733145
7480555879791476274
5872278134853589440
8084866108578597328
2536083540476178416
6495996431095965731
7802722206944066613
4015164045950792204
5811381357382945726
5395155643391134361
5230360137645313757
4988039646634270890
8081567242717742869
7674840185233699571
7973405517376222785
7612836617738833948
945704911952399356
1380735113897292119
5718717326041055840
7375889394729108625
4315161141901711764
66117954037509193
110163355663197371
3751281410140129351
6256199599939763298
7707818658279516889
6875412075524140989
7375321718474037842
1599369501531953623
2486320148792120468
5394288453575621271
2970312818126901828
1781999102870433782
1220650803013914240
3839450311018824971
8915959748980993843
2706035829545743403
4287250456847341375
4274821686118735524
7923439963435705444
4994232442024656514
616104808985530769
7589165437207116036
5687952987158414052
7544991496207238082
4504514902232837187
3673751137779675979
8031764198929352432
3457727185897046233
6504339533805690007
3826564251151099495
835155559677437121
66038214778350081
4447352806652729232
2482810223453303362
218454238375896342
6657642986676376948
8612314147477812163
6911744902752692344
6412073705202183399
8707509747067505332
8114532845216612253
4748026703762794612
778173020303732997
8232662726902086293
2682263658447728501
6956658696905025148
7871940847076228936
8447062437740678721
4131319808411968242
8995725440695999988
6075075387726372961
316600833129628102
5024176096282621501
1779899914894575504
8653043754465873745
7679836937894850328
1198721081726620643
3347234611991134767
5849046994053647108
1605288456937484937
6644281254483125645
3734712060670318534
1248803899686175231
2682716384776345161
4089084653103118918
1842843380866863444
84872145109172395
8231388079910220683
8712781980705669033
1351392052936013974
3091535662304798440
285075251826455000
5249088142275041795
81004667931476258
7433492526506830475
7155282976503639045
6218884922719292445
2240117988797087585
384335584120103002
3663396414394295417
5261876711017366082
1980641356876793663
2895990732912306796
3352981319457657641
25590217019988187
494582831010298404
5923821047658409326
1117477285171616352
6206250043010024931
5584972598010608778
9184902346888982623
4239553105214250823
8211965983639864635
8027847966759282917
591259242368474102
7022009227284612337
9075632859533180221
322815709794504960
7540977608345207021
8531350209780464040
8820669965511668479
3352507146613265111
3382124161277628234
6175304703981680896
4631601627397801351
7276855341106513983
2537216883919441001
753065190197016079
6580429187870659952
345512813140528573
8853603998454212536
108339438020985392
1339270132238827809
3959410980979875989
2317205557997924435
6117645083341666935
1663513206948004830
8462391749743068550
3396714019077042002
9201229261194774860
4048040471457162586
3614021577468825672
7016311746017240507
6160292810217244049
594521384574421821
3347365477623849964
1766806959204801670
9064791961777777698
2259637331698860693
4982047833129631693
5744288860493735978
7335634699445376743
7394543732495919397
3261637937203323074
4210382637128458299
6320397346996832470
3657000961642736618
1192533152242512404
6116527124701749171
3985287477906569452
4298509271903512205
7571547336131159070
5198185900243708578
5130612078307070923
425107416931031705
2449392681751275362
7047611142334596570
3760094655463239597
6451686239023393220
4870809048175874098
2090570813525476619
6642757700422902190
4471128713895495306
6223306095281160761
5058130099967920210
3565961571826871822
767236057227677482
5145332355094495657
3592401156697119013
5165552941415555802
4938834774696102750
8277317022390278993
972598943366731530
1063356613277973796
4006177505111102362
4459264114243837432
7392194009526332043
5511355873442200867
8431436104810220103
968699921908663272
5490916786103722988
6595234644026196137
1198554068287904737
7447328912966911080
6614918004622326798
2901443821011388773
1236074475224297453
7348032469234516323
3076480395100018263
9123205868797817453
8989376540931363298
987526995269946046
838528844894437427
26354912330470778
1128626923952751868
2683369963663418246
7791940393177719367
1251879284930859962
648204101898905702
565877178493294774
6340122170492065710
5330342564536391694
2155799073988557030
1098002674136285059
4662365374945972965
6452574064190355292
7037986454359901907
6565120038348597341
3269812509687733853
8603720967129788677
1999131095532729958
4289760794697101696
487349376773300101
4350478936113704888
4005200084996973969
1734305348693037212
5061469973802507270
3575090451056081429
761765272047242836
5139503972263801237
4948340393764507300
4892393884552574315
2512054851701543198
9207504193954873773
6994588560079339671
7344653201991894589
2743899527632139622
9061877641678401742
6901277800034684330
5167775930898543987
4281689406541276856
5734481337650135139
3497123830574105821
1867922308361281801
4670981296675761204
4305718402290142933
4018007226617831325
538923078777006163
6407104104955469752
5789510940629967179
3285834579606383656
6569617082655284831
535356246582162598
6143316401737633348
8937181100571230881
2879663044717890992
653489170075298997
6487583045108792942
6034426321713787458
2314432920822878667
4449887225179895740
2561936452842684394
5311846783968342493
1134344016101250342
2050651397583785758
2103832472964735733
9069959760536156346
8746976285006524456
7340208208564955209
8436948232211904121
1885101308979049738
8631425103932886034
3697522489196610850
5220102634478520416
7328818195608783760
1534283499473130568
122774914554800641
6448323380044999682
7420355979602520050
1769106403369831652
3113362834242039491
2888850536764621539
5559718020109342362
1918783438394717443
5937797814290000583
5032561817225675746
7338611932342256934
6034557834553522606
8044914182844242748
4133102058257907802
8424900481898945127
