2898538789504753186
1980871895437293688
6299203973266853490
5202330208174695634
5253891563233326904
1014636977239556669
324982471951818914
7660600069108787507
7278678574862908915
1486813566972720658
3173836171629849928
3180716396786600032
1364371022300541153
8796814476352097294
4626996903981330907
1202914248659956574
5293654919485628940
4997125687281918436
5602615820088487786
5279180945516893971
9088254427532113214
1615027772886372605
3896928874050990973
3702882659211725216
1246954075840669761
4604134490904433257
5967536464538256629
8253916006920864170
712553244455503782
1980465513508496112
5604446223141498831
7628609786849526700
3494865455829689680
3270719259893588453
6254153742763644966
254846126531383585
5494470416716820486
4146552763728144222
216270982319847219
2868981262914605280
1594708455844854377
2432341356296543666
5451772861506266190
6375106308517988196
248174885976273426
5585600941069019065
2878235464457808714
6672291232038268687
4414487392840865837
347327135178635294
7909550989925036931
2875133455724708595
2517824446641008222
8660378885582435508
6673443057386302524
7408092622690560907
1462566556369166162
9026903790183434306
3863907590274937501
2566610661003320826
2113888336399765574
6853862860619219713
5138940962862646334
2545800258954884615
5656687177149210650
3965406153498462761
3911633673994335794
1621872873844822144
5695797169214137173
3525831529172635820
2553945922821820933
1524269797007127436
3895724236727534237
26258254750759042
609174569330056408
1594257017450825574
1481553929463273077
5574761346030542008
8796521729045345808
163901200352156781
1778538301020993839
8910632700143364527
2602205064220311431
5525992097087647976
2242272533425488960
4459006021196649800
4895200626149430278
564741571922763892
916928961437362813
1886967772478454050
3549978318119358484
511890389690603298
7564160990527670592
1435284613647113647
7972912620729658903
5195048625414092354
9147667666808646365
2958081602608674458
7191902820429367662
2319625941610632573
1526014163455270084
6596533227236496695
4330762722064140382
4798483917848310163
8296168454696505032
5230837234362375842
3986042536403924519
4509119806755702826
3352075659094990441
6238998633379812188
8686599591157630885
6682490944595605802
6735195495107154524
4926701075631826734
8955255796020320738
5807233440817270846
4911508900765968574
4018359461660199653
6153532222919148305
8216808497749330431
1147280278413210213
2502935180426038889
3488315569174430822
8252082865870395823
6446038411799117159
578545990678182730
952493917096924937
8140731955163908280
8515805252462215049
5319599545708996970
8953866516848089012
5880384850143910660
3105377146616346341
146461472039225108
7238377604069700918
470754154972692848
1267397187469712372
2627504920463705071
7378763513722449654
3154194726095899471
7010139534918126253
3166288513719795046
7690509242383160495
8809803582445968268
1645526229436667430
8089003368618063733
7762412957870352333
4516753270690876429
6665141026878846749
5264988217972666391
8688244039721999974
5580029417416026322
930736242503219843
6033536080943677997
2118892164929024265
8022094304577006603
4772883955383787643
3635806176160741852
4011952080938931573
7868741284174861678
7064414007804576866
2237755476547096655
1877712925975301286
1941656351337123072
8052757368826006474
2485230460798178005
108060536783717161
7104029886364640602
3102827180494383727
1720849998383786100
1566929434283009768
6152768222062351248
7909618401722630865
8023516516879905005
4641072322414785672
7046005512162999004
8823465442109602323
5152923912942631280
7707830500920471473
2634084647878461044
8643580992137072728
6157507182572659767
1991401107901426939
6502054998048515812
7643217912214647011
471437972454065928
1713948406944981654
7252878404136324366
8893227853008383788
2307761631292444416
7489062408862950775
5185568049197069886
5978578638317651464
8678872470993375523
3354128376843772638
3886564713420542289
7475683355370872656
821451960856772874
7405477063992859469
2623033897218321615
2394605920359185561
5149726759722776467
1243393154855279127
67795629712816234
328909926954998711
3688038520691009200
1803205434206360776
2365697094414621023
8033153298758315016
5069353041527522393
4553319353269972922
8322165889561978740
1919218188192179437
5023990213472517022
1526517587020213564
4507952077011236719
1826408249178434234
5161351442146231136
4679011270204971493
2460793332242201677
835717893196020109
4357643533216333033
6179760337610250150
5308233059565847563
5396075871108669085
2663474429460208832
1659986124937733878
6003020547962807616
4534898909555321288
8389310731805842659
1083940079357349153
7654135026206705433
9016082591945982686
874289872208157501
8497896056910731768
8925536624471080035
4786833674510416756
5334318524119562546
3421138690714491489
4760713435939578739
5196897315272487477
4500078825669725065
4733724002854001321
79541363415990208
6395898371694348572
1590825636825426413
8142264480692692604
1792089871489075454
1613815872286416073
241278663211094325
8215505336636330300
8245021856836489351
2587742111080336126
170146810278659040
4774123260189448459
2827295752916882352
7239380603084373189
2467560791685707726
321609627057293158
3909149546637876797
7299657114193310926
853199258539641552
7094656363780787378
4411432131879132566
7169761105867549586
2020787523171712901
5152524696256526015
3092720703799124773
8470513315372579705
8981221010310080774
7103017514345204805
944249791375866328
5785527749548979295
7392471423684594616
7603922356733578337
937603914869494970
6159714206908913559
1366880460419328452
515596742248561128
7885747043722438967
2899533614549542964
2828915402109415267
390824535040102931
407392748045130137
5686840205759980236
7664149322728174944
6803401391895031345
8454546484908681053
7110753436265990794
735464304280701715
2674765633501840795
1084558184433163396
6585008835876271802
1410709995336212312
1888629903533348583
6381393992205792165
5439547453378956801
2613524361343379969
1898779663605727436
4175484901897484656
2574411001661418180
1879952444753320737
5649582603221852322
7760672343420569627
9114748037743081983
112542071066086888
1214434306060055429
7007149665661195158
7214933352439755932
2703607952993728168
1489373628355148660
5823410989851610475
8390901606792580496
9220799131537586116
1175695921146999207
203534882932691751
1820220285986862473
6129622305378015736
3212238170836784425
9153276478518607981
1699392373301919197
8059589329120690774
6507621055606631683
491612226192777887
4450642164907399944
3907142468822885093
3811768888802050487
9102052107153256944
2235300037281040585
7749429807874323553
3948631245495544692
9027916699909652186
7547098835197567161
5119286936360934821
2779132016901325047
3453490961221183561
6101142476200593576
1164167053478400452
5536135498676758686
9092822059875593653
3221989385559978996
7236034804990987998
2255682547100265394
7493110708691433871
4814499023249717609
3954273020240962028
2700684886238628778
528256560695123115
1996357819190430140
8667861374047728755
3334861953808363772
4842154946146530089
7390805746515645455
1239405847206410124
5583485165056151097
7641582100357493357
2855748575989059850
4778019331074393864
7359490393828016813
3046943340842814838
8937023405072793110
7668781828818668068
7400706698507321406
2424375902022521914
8033611807307731828
2195073213696182806
99554070552020436
7743115196888499920
814887828004959243
1687450383042496243
8455672448167564262
2695220027991024790
450021669619526295
4087531334173088082
1939096471018559603
3400261634578241611
1326435141102391943
2383389795856543935
3963398990686404264
5507946760827286430
5273375184280399827
6509549695486595750
7521426487907643296
7648718031042703721
2820361984112571484
8029702205906434117
1996252670271332232
8969896258403470321
2353718810343882669
6781731794209065354
150824652234309968
3223464004387826163
5124252642025982392
796417546147601822
5067911548848316726
4905352539765261728
7564844404816111642
6806105820607706576
3336364203725868421
5927508498640863360
1028354483871110605
2650191619596039630
4688794883004814056
5708750128622492150
7239028716928457557
7399373271074707437
8192921842212970712
4130981036238762076
5678588718769622352
1184253161931036927
2888832714425056506
841496516829199765
4615023945298968239
2441128027389052691
8571808774109372885
6541318327016371996
9053383978724076251
4631976050908014095
3475107151373262362
4507441156408060710
2516802811994229350
7089201780945997022
1769897307450839739
264136128137166765
2055937885545116301
8273215511528858807
2855996720530783660
4116147308688396954
8060493530859122862
469506105025001096
4734387324088044145
5768793613406628998
4049210294862892930
9188593508681610418
1275800442064210232
5307637023930786369
4993248558282811457
367756140127770738
8811865389254566998
2064372458868566899
2705487781716693464
3284385045686266937
5073301435384897743
1024881173057063405
1802567387135643296
977922452579583463
36015862105442982
1202127283079406646
1892350984654585298
774194908754908997
5863805674684623805
8192583255627309145
1783972839519734815
6930757686552233636
2626775520053736408
8611036126610435711
3912168638399386996
546384260346262463
6824515479842437789
7051691099581281060
2117977192999390040
1786196777389944226
6017751897928513726
6565743945752640623
1960232783488766841
3468139372615835522
271507434244020011
816868036652977449
4930094303705272316
2591020021545863900
8100699788708586810
9086421863457027158
1301891570353430393
1645111833780570174
6763527363850385249
1070331653662856721
8258271341995989623
3842787090126219707
1169946101735050250
8487333261228431526
5222922358737571822
1065829073290731571
7504592529005455087
8891729862394389061
7561241772905178913
1118519209128916547
6523871580424994194
918169491974695239
8006790874852799595
1905583863006875841
2573158715607186283
1828742760720898292
3030706794877062233
1461913268084035969
1817119298673554086
8981495791764172904
8611430684397946156
5851713407509407977
458739374139495751
2464475978819023614
580864605805252232
9164889756495448567
7939650756350830947
3452283302978400578
6595272783139991569
590917279191519675
8977817661918898915
10234146328522182
3292143275338399114
513260523749157023
7645850948020506664
6199845353031641955
700412022156710185
6210232828085433194
2979636993011303616
8641286420846083794
3152819440960016458
4322344031590407775
6749072058764684433
300921767328964667
796609921292006017
3976556625738749975
9218651951068400439
8015974666400954931
7940427536875793970
2281625342852226123
8703199522374200755
3394823765237064167
1724596106511416894
4341468689061216433
8598725003495565101
3566483573318460639
7547315261052638510
3582786281926745493
2660778945010646428
7392956964415128504
1012850118334858852
353108143206638295
8051907463142788424
5501534536443264938
4226786105203952711
2944005647697759738
6972219854811411242
1063118592707762544
3668546218327820170
7872776475332373625
1219916169452653433
3152421950661663868
5502524651144424310
2566638339358867360
2390595485012091086
4992132945172847259
3702646295709026641
5073584607303248947
2360210373119357656
4953083497889557641
3116522168264227153
7889532202808575538
5493832896971008951
7565912889451241733
989425121783186796
7116621710691912117
3274488770311969641
4982396487007901520
5202266616906029884
4543473536146400322
8960955316121865093
413313733835497146
8096514160941762775
6482708693957654824
3552820739145375448
296548048237684839
1624130692826132022
3821056309910503670
2930101128733281963
5030039470293533823
9102841168762810969
1490590262562598213
4541678540559558502
5699254215678576298
7548894047865346102
8604355270608360033
7878128751943923788
5159055623210839722
8675474437653621778
2315408237911692552
3770546262890807532
6065481510906517671
8550960141380401612
8342644337865280913
8007112612410672341
2255626242851313404
6969736698886007723
8989653272107360981
8872956513535510125
428628166356560316
2892260792695858252
7215417355987945071
1262517040054562008
8121061736347230124
2274321204421383492
4628044149434210805
4580705366798105881
8276189926636166596
2526856198946793297
8948613625015159335
7814216771367003667
5677670806406078233
5434362856658477249
3176974412612671258
6366497261653096086
1566655025055309782
884087000260374514
3546971857511797910
5673262837244999697
310989085108398501
8979924275664154529
7988335194879567537
7134989417027562060
4065055908539169931
101699000192444601
6623354723171761047
647403585852909521
8628516873293992712
615908596573672717
3770049529749357433
6518586792723304095
5448367555733488503
33237836389090154
6752677450040050823
8480901990286119080
8606444469668686574
7651077831747248095
5681187832756273931
6699325798884756430
8113259942962825188
4404841415531018026
4414685993594454851
600310963690933698
3594419526381710116
1790462419927312565
7069041570768604209
1942296509573879828
4726770828029608940
6841772791719169012
666292651939373514
6956512597087693362
3533804926863413980
5832602990874785277
6778208002608658133
8758496104374532131
4211573876662677690
1870175665041529687
8151610648738208541
3958468890670088629
2712541843893733325
7996045166221339015
1506540937182832607
1681463624776366904
4514077116912340454
8406903107131130021
9027161867730185193
4966452380044850453
1613391208603476130
3026995757716484661
8988160232300919893
3363028207150922648
7181799885248082300
2535843363529705633
3480413330823982168
128534042707815383
8993051380875079071
669542615284550313
4939988157865446399
4272064493440861774
1161220015364175421
11209620940352162
569602602895502682
8923643068081834873
2865274042085729141
4157239290989521118
6287763288099678760
2778510179381862501
4370386643888329583
6416257862859741773
4188173637489538239
2605029227741209472
1126975038275590916
6228578990304960715
2432217006089611874
934596111140886263
5717379684798751322
8966447177604710510
7412003438143659628
7653943352868760914
2686826268888202552
2151103900615620815
5605916203664474785
8785105901219462105
1196785674203678444
5551431922335510601
6810034114734005957
5664554730439093450
4658682954041914702
8726875216015303456
2017741078437484784
2284847413437467183
2801814605519480316
2680798214312507256
100639243492176031
5166240057976080901
7884661807096296222
7295209693230942741
6691530318120617983
7793504852441969763
8425377094479888184
7263879806436875593
1265794941438498373
7660413397175189265
6771211357212597506
6128828358711233380
1624234743820130228
6581428349572179843
1551942538595816571
2987570680432732990
7937505062438883120
5924194147446788259
3774055798466946621
1890599270181698792
7400484207573817818
8798467126216658286
4047181854786779140
7630237090259463790
3070471110096314977
703556695699076698
5310185113535952967
2661971454606861785
1690727263482080045
125152185904970374
3376884580860366352
963329508692202557
2945099870920197426
3061774176518556748
144724939323523374
2490554747065956421
8680655084075880047
4799306559876469645
4550294861913735694
4236620167382651767
6725408547524374310
3429218635717412167
2815472331171717680
7352964592991719451
3761963279753148347
5582582343981608000
4946361519029526028
4933346043512279644
7026113775772403079
6698548626544942869
7454607822928214037
6951705572918373236
902311002927048052
704306130729106636
7346042670990973926
5464548936881640144
7042658875815993806
107282515404121839
8881533306478130952
1995879231456493751
1265771573518471634
7793369758846531049
8511496742965502225
4949706439617201619
688925142588969393
7045547606005313361
1819105899990438866
5173133301362186678
8162202217423001337
6743685501253870923
7664064026786753972
8033750663208427187
7933215597753184786
7559266035912156027
7245944353275333179
2129397229119497427
8408242523077181658
8844317475963894238
2399845948293600536
5575421566563967753
5144220548861443397
1601026992784147779
5168917934124555636
772359739783030595
2510558328236987671
2006062993020298533
8888507767222008419
1100364260838623539
6206117908883968937
7467193392049296009
5458406123837076411
2850324199375663882
5078724483355189532
8228033402481758722
6851036322011661949
4387935534175233513
5729420288190722171
6205820179145067108
5055384865369831989
3319311687283129163
2256243273190137979
420903772919454529
8380817390097787135
9189573057134274138
6029991539410313487
5309702742112380761
5782001116714950450
6132471634235284937
8221865571597793092
6971570328039576557
3139134357644832870
8176412164134180890
7029042238164637874
7074590416370104079
4217003734190525320
930112350464302587
8381657565913998134
7534377939545450624
3195928266315377765
87354994251114866
72910469019701495
3974393225519647293
1666536731224902228
1006015282056674757
2649411246720920674
3896270221799943925
7809387679867290929
4148335181958968371
6286206696263379037
2974236525498329947
8753665871213071971
1287603606043654647
7371038180997718735
6184873281573959051
8339654413655792204
5630866572357247385
5045269383540623511
8581769745850082409
8126998444005769440
306746259108483080
4613193134762036482
1570131625978588421
1714204875399131266
7290079852504002711
6467786491703262898
1173073105242659679
268572587375564053
5400334286421934047
7667607737435176270
1337058057893406095
6358288373971143658
6235628321185176711
4101711364715074263
1946568053927387457
6023121178640269722
4723187034537021130
7291346325943300881
3675430781890461970
6949241590874045243
1281827424896201868
763545119621869822
2403477451012301829
8432278145922111594
918477222664167217
7426845900677909507
7720764853233335578
3827846645315909778
8034038900091471562
406501676437222294
669491379536249855
4376372484061207154
3846770193235897041
3814913176537279778
4114578327482166228
3302839431707233837
2933535485474638234
1399683742508935642
2209346864379461069
8572796451794542661
3139904487217813768
147376773849481652
8395727942924697674
3598457585932766488
2505833194412569067
6905100392087475946
5854529171225666292
7758157022118900315
140609140719918619
3290674230075513512
4854607714182520829
3880223591744800089
6859077551069700815
1921867739922438737
3910699405391067180
4697077406810300073
1996596794157290735
326485458498199723
633300697798982779
50364763691398802
769840350861370117
831051981898094540
2951986300160248670
491686964579239873
3706961597447797004
3004896725987367994
4852819199575023559
9157229862013635760
7430378781023337108
8331146420074317672
6489703641790983989
6124042167025498050
3531232021546224288
7008298912021784484
6981742885541349884
1355344353506618796
1117824145185917618
5082413835878314112
8081515090402040714
5657861263972007826
1548759136159648291
5280294184973194890
1998153163375610494
6132105789683766848
8421219585735225547
2995299959078404700
8905841938028666329
7201752417325891038
139448979623023875
6975627003212029353
8792704895355796271
1686755005493714001
3077714784754241313
5314975380431030680
6933904292045165729
6229676518908408959
933846397498703715
6205678113961308999
4809438180886264244
7494053879000840770
8397254820355163419
2266892168040617556
8062713311586936553
4514770054476776674
6819547062326691169
6857924177228149896
6816019848794801875
4774867998572292641
3814875981081282530
527747779813329737
9030328583636068328
772462937402079119
2366380885482001040
2588692118506336004
850427069592329423
3790344687129946113
1272026979018369378
7102565534577951515
1235574742131698658
7367594721086778216
1132236060852094812
328438562268166413
8030292105686996699
7595345671672418125
3391858887899861250
5650985992887531037
5329777274767730069
6479442558444052693
6346133337084410945
7959175627328091910
4712961106428509574
2734869083056993478
6889345939692568398
4619894685331066859
3500900878070417642
6492675199078472844
1044679566098064349
2035236647062571197
2976105042093128605
3843507999867593782
5711554753111708126
5561934257489743081
8914512972481202094
1257403344432984941
5577541526264255815
8125081028982565612
1370758965368824741
8935147159916062512
8333674332804881925
3138395332667042958
1937597029971933475
1825074752617994843
