8683565059585012757
6708014212470524703
1012695145252644087
2406134317228581169
4837870464885550633
1271054456840394588
7050005621855527457
2868142769323404502
6747721589147928171
6099541192829896944
1797289017996292704
8071897784265313210
590914509464315168
7855747518322337483
5299656341427782457
7022263916654716782
857161536136292171
6569803139715364782
6126442419445165852
126707554075997435
640601325204844169
7413814100089197216
669802332305440179
1538809771305279456
5775485181479378956
7184551091028870208
8472019905948781633
3078217693962823977
8788183982269739512
6087541636014407705
846254117957044017
7011021613396933487
7409022230460779585
3594780218237684049
4293356579925175997
1856667378032814107
3531330222185101699
9076030212809469277
1141605998758963791
8534126548870749004
5315607283191598912
1745681623965649957
2959609147902194247
9037504481856660100
2117374620153766333
583512386362125238
7624926940139022448
5082440816477035495
3733640843271593425
4446543283330074956
6669594058176706533
9019422394034249564
7907200734554462477
8968130129521764747
1367738070796239157
4774468938350524342
7692582876414331605
5626248117151857702
3494234894750142272
6986318040584207083
2132342739586594362
6698494728838138499
5947190518649376097
8206180647838789282
2868088506461979905
4177020313502652128
6890914572465047029
4354997505837124309
599160441984832862
1254676166200551741
2549067941287264595
1548534173098307418
833248733646293946
3965961262404053447
1628148563214219369
3976842521883644454
7436812173800801913
1238668949483659182
7847181365287998699
4649618954912062827
5962904122144561364
1404226069910489840
4924764509700599857
6540633356343046786
5532992058758051280
1070161052472640851
7023591855303669716
4319764023097917960
7695109446410593448
6758103749400992410
7121325718961419352
6589669615101695941
2498915880097912719
5355541981639691038
5244239849533616727
1552230914734604269
6718579368599956710
4284699528553945295
7710256999166358850
5424145132130055699
5443106701412735442
1586022506682441372
6425354178949166045
1388316585746090993
7998548338115638630
5672947340734198314
9081478831246753236
2492245705768688777
5349953043246529219
520964138187869484
4583092614623744665
6533269309041343799
5813186139238109100
5153020331338868652
5909270967989760834
5250744461755603080
8131314608148448669
2432972497233106016
5728872182315540463
7711510196601541158
8192383515443293282
2285818549202125582
4279231735221431480
778674391351080138
5293027455123199605
8887989489616619601
6252913943543718818
3127099497318920550
4604542828899410053
7673133414093317127
8319812065543839941
6216488466459158252
4446197601835514123
6925642792376180629
40842471405104840
9180953745753772414
4123503215400501484
1218859981889703127
5909260447744897620
7729017051932958235
4656617598518628852
7898526159361527642
774520117020787256
5066429583191523978
6116971557519577096
9101878570167182911
969802380669993741
7043509790065561830
1192462966237884447
7789006128860094265
3941117992089512225
8337016854400420556
7667900265808170077
1849406657451515967
7923511929037014656
6160378200451916865
7573269231403662495
5990533006292622491
4390159395062976804
8939401719584472690
7161091731766976562
7835207746490448004
2295851280201573014
8681289723746651109
5272326845914179195
6056272320786263966
4335871520394381562
5606407188825182717
5940129846152530709
1063962428533823869
9088132814649407136
1271062821317358477
3211208092887444584
6758903579882958490
5080011662278118520
870552816578247741
8503144091947071049
1328413949573712671
1990108800849911909
8562438791425485790
3809456528730830168
881620584248997836
3825567700686355810
8890799044509969713
8964232908210122127
2976355815011645271
7728773111412868732
5344776556848572880
9197644923757682081
7534185173369340687
3132251057253349134
9015987992240815618
5477229754263843083
80175302813018300
4922264457781393433
2424335620746917594
4421419636715618510
3352314738966977618
2326512652317579389
3160490916365212073
1173543617414165737
8677016462152560405
3496974666820135936
4695726459976410473
6750566615848658639
6684341530539069748
3934052436153994345
2522891112114469269
557401606898934638
888181847705513038
8282191716053686779
3559509667880040662
3206710952031233966
9154033835957577449
6003599050166490461
5062739124774108405
7171361647658142256
6476670956953585939
1643420781822890219
6630195664465687765
8774062321549262625
8400850667508165996
668420868519578509
3278275516374979222
7587137752643357362
4943060568352470728
2168832325118832817
573430298163319891
5294471331593983091
5461643067079192324
2527260915772694014
6346693636750583776
7427684764753154624
2886342490582727749
8443647749403712500
5306088877517791199
4824760516210679095
1877933658767987892
1294507834421616044
5786898341038601997
936227361998183583
8396697656531247149
8109050920281211578
6139352946662113923
727666931357364433
4851624576396900829
8426983453515440579
597169004227264362
6626245472455184453
6968186993594562733
5195411659910185273
6292017286956131828
2682619533073340176
7906493798446287422
8390214462930547519
2461038255813422604
4615733185834587428
5183567843328585462
4557567615592328473
78554197246779029
3850573829382228855
3085342363555343935
7531316352251748324
1770960552421645673
479753623454319009
1346891833131439987
2928691943793733543
504598394804273079
6568440302646847393
285301692492613493
4415177495143202406
5663744969076362850
5873483711376713150
4256490208575787944
4517307725531971186
4475266806536444606
2160895099687309204
1766714788335394646
1084123535783778598
2779435080860709796
7441267362674824146
2714613405804385826
8793699090028111546
2131013572032189830
5883149666099451641
1475114089074838933
5328476363462530337
8220715959656876082
5761034791153903581
6164292556403752813
4589721192018070192
4852452714344843047
4999201845743935756
9220639174226008567
407766827379333340
3767131272045441890
2763081528560501075
6375003370354247874
8440478113971623179
5647436646608189158
5362210443940616664
7833387788398774590
3465586139574227472
5472512135362526426
7386022538382611033
675193166936899686
3524799850516048370
7633584481586845378
4764520969576474987
8898153251718384065
7790026023600828599
2519331372698069445
5862829576476273321
942060978615760053
2865019154475129278
998040927260803249
476499864772168990
4493784072615191042
6034144326725043966
5471774879970948348
2998076707978185911
4131557552468754505
526923597406742669
5553244717716849423
2104921638562578488
8198398942475638492
6579312588355716632
2572798460998511559
2105748039068132771
8079516643019658967
2642679385083467851
2776403977631259654
2293337642186812455
4989637999087822515
5233881727356006832
1509866817361373985
6956137438608774762
8454737576663533169
8569343359703124235
9111349672734293781
735436954464314405
3684064913815357934
823085291775951354
172813907951327309
6061505913560998304
6056134814380710387
1539786240165390410
691075478559985461
6932832057087221507
7078554987219050417
6134203264311190221
4714901924901937757
7757039854029977752
7076160302240015408
5782435212546923498
6060404441333156966
1711777976682565531
3048011521887174009
6279542334474747591
3003660366457355282
33760900019658929
2408839987087193121
2835270049791483451
5712081349627008282
1410062255040280649
63624282833279890
3728022620772021273
4266952656581451989
4990260414949694770
1818670589549047875
7063483234033449931
3224717035640975135
281354249435250157
8184119888170590364
7837718973639471939
8635378725810952547
451122550402624823
1267923895707749485
3264189605549693260
431622680835104905
5768235751725394676
2430162921329759119
44215817598340018
2252860583812278917
8851115585008213673
121465562447484683
1941345311594262025
1404108031761933117
7883979748874891133
1365606700217110865
9000000585790478177
7624205928511659059
349658110917018384
2258526293864417074
6524901867004857758
1308845287723107801
977162458325911621
2974761185679153098
7491898328820442912
8852398400897068794
8845731980912669325
2544179187502770957
3586247445552166591
925342024128212435
6028546500989391938
2699849300745449057
3595126223304103113
22649437561262474
5455190093490888942
1760350350748758563
2460563006305581806
253405812605668963
3352196647375370300
5219804558427428331
3810274148479368640
6835861186670334659
8967875689822439799
4757707330833932449
255393985357643532
5072841064747462639
2474298930774206352
6815594689818069035
8926737816242371757
2976134049540046361
7766691975780339403
1582455690177217664
2275777183520375941
6881101841196583607
2629148175437885105
4181121425338372716
7947016670775894970
4564265318646786162
5159439748921861381
8851404490206992640
1083654371622565201
1947380715151629216
8795777870772074785
1298033056562129132
5268720547168487942
4758432739793187583
711623662145356094
6572338980843692246
6079730381452546604
5185174012381182762
2550934093277289330
1750074214505203569
4623311125246172125
3418273999859099618
7053646227862304919
6011771870970869257
6206009172869614776
4931187988131838122
8036420001004943244
287052266730733939
1223514053639881538
6200766769904456100
377671855820455889
7698487748485227865
2728519614344884829
3752217720144488452
1341048840471707708
6126111148342786100
2840325006485433969
7159750378983487102
3129697824917197216
5903135660007945588
5985980376806161540
630591253878224210
1495212526205090911
3751220087065936929
6135258665985626607
5597935372205104847
4453476998088156552
4998645272666022322
1956597818279561305
4801076793940028484
3764539680344976408
2711677271817914566
5334953877581285834
409880459647215203
2795867225769928702
2895845267425705827
7558648305474345068
6970788606475696365
393640706684477585
4881199813196687457
6975276810466735753
8675256990952421924
3742212199127557759
3288369359716376031
3305813930978612946
6189918880993379695
6698131353415082114
4672756491845981256
4437561501777271123
65554492483999455
5431682509793904852
6729386881336364061
4608049372215467472
5477457420936553544
1612683608968741204
6306556418555234844
6574157468213162866
419089741668565480
8084529802703676670
5707632424870448497
6645742536662119763
8599532170182680157
2898299756057574837
8381019149138405979
6058597966582188208
2342753938965000820
2091233901097639400
4694268364535726470
735782893262620658
5445698778054002643
3511851682684238138
868480706302779408
1220445804507812000
4658232419823172933
4195531589603397443
8554375199436192179
8187063116949086900
9150088482516339556
6343159066924802381
3125672342645231609
3364906890508315447
4413696398065032226
7319214299246478027
9180237800371517978
1826568032763425637
3072407430730344705
6099076890672695528
5622015256731766636
8240510607149474953
3517195319551462552
2652306425721189785
7800032671592161520
9013177858552121345
7989161653285533601
6368545547535364686
1061556009446903131
6991621131759860117
7371886515108547990
4697982716187747304
1435557358814302060
6186800585316871376
8474500191643544115
8727998750793082123
238541431172533181
2083126994238492347
7342162231069831122
8911702644963221213
5375993503135934741
610908441707322209
6020703732371222344
1840132010430436425
1671810525265536784
4557807185547412920
816454475903288525
6987547499972200158
4946697905885693513
975604471817967771
8933986974803207469
5963558804769633235
5770606967371369950
2621721489172724462
5124432738705029932
6365818529388874085
6015554375760970761
2339792280261530998
6486202779416520814
7896940211359267298
6973788068513030344
5935314106520464340
2588826895493282944
2243865201984028524
2077763609511500569
483994177655066011
5003666674857509564
1539260673596243733
3930982343959714685
1885017088662457417
7854131461870836966
2369623782139512750
3070748495771891711
2280861914687555012
952305538474592600
53856062321288729
4931207496620021751
4647454247929846150
6834726127236828063
2806935157932769694
3136981070189661696
4565905637050418712
1826108800462714196
4672021006013442960
5310183055559096776
1954706072324110018
7647757251182370027
3827284264692102427
8963052062681400639
5990590992443157924
5907095238235542405
4652220493575091270
4920007222197359980
8877959282725130007
4694074750086243781
8217881029831898688
7968832583861418849
1637499857037338530
4183841787733899060
1159032092719912561
7785442576319841862
6552207683138762436
7570806880923879525
6272355100781224253
7858794931557291008
4904660561791247789
2130700749629705578
8546822996882322944
3009116361660228156
4877446867018991391
6991364800447482392
2061333027762526731
4660110236620367796
7202867856316012843
6423036537751767667
4250846504567578374
2381580308988005710
4586821293192453465
2831655479099350739
964839420631449682
8505780805968440562
5487057681050017098
2400081995206447155
2576250948786640179
2256316372997324666
7074645896230213377
1913672814378025050
7861732874819136038
60244958020094959
3675337967581861982
1371441419363775822
3077375211595668604
1422960248194213948
7494874400186563560
3929954219976295043
1157688312921826696
3410731698304819070
1082056340709633777
5381564225703459593
1015135067197230143
4169790655009641316
7512603737806794614
3777856660869933443
6699403867142353873
6297337606330144398
9140887956481734247
625174009293948694
1148866124428922056
28345782816354482
6140075638567635207
7469211425350033974
4027082008808740953
3843893005667160656
21472297593848349
8657244606591452120
8007340016561246300
6924352976975287718
1957569796663166572
1136614798427647009
3806046677544945114
6513274516522940546
6899176693339895266
4185407887536999453
2180018190328764176
8577614442276656533
4248383473843756475
4428374956950397059
3988610699965315921
7083338656705108311
5737192872632403017
674003143251607911
1492074762089328145
1976005975808593191
646051476484715350
549806233769154196
8240087256580824499
4669268162668263848
2074968650322203427
5788386044115694812
6143002117220103490
274518749223100260
1911986676061211187
7398475225798189397
510865762086262963
5664645657886982947
8172125305278913605
4774693063618288660
3013271785981498837
7873388024971501832
5733352340072976985
5442224002521075872
8848964847200731457
3646324711233444423
5052177585482272531
6526761073035300643
3533403221834070588
5997760012866465022
2686349642308220125
4043896848429350764
1208008043672610089
569730456537333522
9064584686612381023
2206311387844300015
5706138150569052246
7134026707901033995
8283343523546547368
1213125227629505417
8571294331197968270
3739545158997289945
2039144295871696529
5113951744163287637
7364160485364944138
4541920146465707899
7998562463332275097
192525532228399012
8486585319106581682
4656903591041887369
8477162139836308003
8021547069468084434
3416835172906332245
7593962784015426526
29838608806930842
7444867835384844022
5609511756222028421
2226137853606261349
2896252089612328032
1208805941786899855
7556234046254404839
1536054997610195751
3708801795964933535
1035389844531352283
6816795354094807974
1139365408978278364
3504290287744204749
6613215416798190157
3476230916446780318
4539059797365763664
7778106855009438544
2228553398246087122
288386992959622306
3765669606439922443
715983020636491849
8751111271712229515
5536422698481014822
4334758698773989810
3994844630742332205
5419805039420130022
1301291611549162083
2442352091309796607
225375523313517088
1655711125527499633
2957079850431226378
1864918711623283110
4388786174575678138
2375281196689471877
7900762238974447459
7727533789995477866
6187304568228239362
657004181274870859
2310357704868041702
5948555129363122766
2689591570525641753
3290915277510917767
1483052170202389349
7949290580498307998
6978695246187806974
633578592694788539
6135063713210862839
7978311418335693357
28199928861877912
5338370021674483449
3671167888538713491
4081342701947551309
4033335119106436452
4545239421993450826
6327319362303000479
7337419383370593948
535907713957973313
961306675863158319
7634588234834818204
2700932664161490367
4675779719429989251
8161336003851993173
7460901619030904435
252038087323375707
2918288298031271419
8842136644772158530
4493871700878050526
3018106720173095652
2381201384263659764
6247987669479044147
6424722169697322323
8425589542990274917
8782506173096978709
190682187708864882
2970839744849247149
6149281092541325721
3272387094713796185
6540372437546004176
5450131146969827541
1079225946834583223
3584447121561372400
7549022738658794755
8260068362814061028
3756802395386658275
4995067026694342722
170139500493329534
8405161990746345756
5508225764104796776
5301280555946641586
31116605041858795
4595461151168641253
1331751389931335624
2782817130746846698
161598726401809026
5198182363024612532
2508552878950014934
4950086041640516006
2921572901335994474
5759515044255759253
9156379825091032975
5520128204049013404
6270075803411950862
5172258005027623985
8490819720542327249
2893928567267177918
826034217071103278
8010775229287757681
5586094241937810777
2098271216423986152
7164552796472210093
8364136438184508706
9191448045780883342
3537314372696856533
6871541468518647923
1762152515169754285
1129544085410464294
8217116556173614492
1211661109012430444
631919214399634585
742872090256908504
4528151348186979047
8511262561117641870
5598946418610623891
7565035442049698023
139393745873247731
4963481447760895188
8858799336920880022
8444070525251836248
7392245752433444355
39815396909657770
2794921933710637717
7364502773525098167
3215535267436440725
8416479466432647567
4911451164018058131
2979965321410415476
7081143607980742449
2434459695778429027
8994649084313810014
6755976208485835970
244278420630897910
3335659258235229509
6192396930728155898
9067397988718293676
1360380154418947022
5528070957247067349
8950564958662031725
3511816718509094066
3220727353543087647
3798394956724647734
5950556576069293706
2243155628503691159
1341505620325775850
4770103008958810774
1062048249873489543
5842682153954559991
766436466734705030
1564438191035923622
3605814838704544511
4651927323490077473
2006460284462328430
1415109621318119164
3932285319996459397
6651054219780596923
289190914110435035
2978697665205172791
6420303675123000426
4658613331946911714
6148711581033447600
7349902821752954540
9206658849453598613
181945497748297053
4929845415721853912
1625896088135857954
1010097746750445937
6041837088360867651
7728828508359851092
5237296397758048602
2588865981314924736
2163160688480408600
7693829439606940337
8439858937158336969
1046222634227384079
1644029198341721395
3942291620892283393
4134331939808061073
4872015198592055096
4022707467396955974
4408772625565622319
1558556205481802767
651976261463874827
7049279393922274109
418193498125813856
1287308408930204717
7909414213338687948
7226327464549096542
2627210287192218013
2022437558189536927
8823572951769587186
7728178712784638688
2601144243814866041
8245823677635767978
6325356031514917133
6669761393892208804
6620296983298420310
2314809939780660804
4423510568824498827
4017849707062477324
8434219794336661703
8913707235271941334
367980338236404370
3152018000393293541
6401252152402458519
7634613647804209671
7869472801352357387
3003103482104715530
8750428350227983842
1086517350549978971
1261137734476331638
5528396940130706331
7774414135265093772
3446652892864848716
7752558130470658328
7626278026400518366
6690907900710530948
8403091330514693102
7625966536009169604
4799150432272972189
1506300567146645006
3786746627004768958
8836397566002868821
3199172414840075273
3278179115680455542
1945747576080870116
583943176030606710
3346135811877746414
2153354970659215421
358815523464418446
4838317346451568550
6741294406753520110
2916968644698178013
1500240718167895947
7260894592070123747
6689076044379405580
6871041746874419558
5333531834917522688
5487508924351115199
2147750158618766719
5409766701822641761
3137472192710844948
5311820744137100249
4472197649222303349
1001353137372438427
5609448401482999891
4636474309174059134
5750353968167392264
163515254858537104
7911087071699985233
1334590790076990100
1289267605937454487
5143653190759223062
699752007891811854
6479558444380398502
7140789034300646507
2942754038122591150
8348220574249293481
