3623857851687868785
7621214331420298431
698761366965259851
2665836750852402003
1289096890157745570
2249915491694154394
6998282148415550972
8190025707338676839
7102442824461388280
4000480743129059165
5336499117215122864
2656374536572612848
8259369111582057474
6691497207206813220
1561633673559838100
1933372847931592654
6614840756349906301
2179960234264875251
7695610785906295768
5753990112771904707
8668016256986238171
2107785603222135233
874974325343568553
3646903282003014897
3601758162839521829
6338026312730381276
570153007713056623
1450443863405842349
8505176290409633793
912242918860355887
6611664566396270794
7858997341455901584
1364217611203746106
6963237696284861593
1520740924949580656
8644057522160235479
420184869687354053
9158967940085883860
4975844755321689287
4098860404123417998
3466398431451248377
5752305861695196490
7462519358970935163
725837483928511343
2005113730740323247
8633807686628783920
712873074369568549
7379879900109564142
571690657013149850
1326786303193084040
1360378700907247374
2384222319528315014
5077910451437093181
1746418637448967108
2351857132902357380
2309496124910464886
3163342864334340575
5188460986930883396
2595494779920038007
5100684777004790972
1940296118077786365
2387605602613544084
2069738658282390954
2812027036929885329
8774842937909694647
8727055969543069730
8101174718512395977
2206710209465846999
6216195332556060468
8366551181034880567
8884135522127675709
3647669494674604040
4502940930782296792
4234561502525933079
2581113689050766232
6419939427064534280
3918135038232836839
8825657454692604898
5860612503027904300
2633400630300180355
3461267538140781361
5301398072865827040
7650181194073442102
4106062915570975834
5883409283382294559
4093365019267607457
3792064757525908792
3610024435628706359
3964865261486470449
4607557466362431810
2480394232727175833
1401907852765599579
8697277380136397203
33746100777159841
3624447098271269925
1989846475880165700
3416239483522011973
8878020397759891889
4179256661517510875
1406875947090233866
9182929639507734809
1572550007522784380
330670440104043383
4957774990680560283
5856781562337432581
3800424499188253525
4093138630978891567
1571843295869082419
2188772449942521950
4165627333164243720
1555634022641939268
1393707664636521309
3155083785042343419
2519234131743229036
7764806827309957580
6028631170799407026
7714934415275574330
5640615425240073172
1162777516120278321
7960677248640267695
1971902672548221189
4293509030856463022
5049553863902523413
3012202361512698352
5646507740667081518
3756151275600836447
4725406244899835276
681934882594173220
5583128522998123470
8149631195912578887
8846136460439709118
2375056964694358000
1063825121310212954
4700768746774326099
7958893194675940539
244367774560847231
7257945811203984438
2324863968360133790
3719395450421043089
2698873827239600352
4580829914151770267
1344703656913901630
722048620842519450
3295725082661855668
8626566294526751430
7196409341248468348
198888866129250850
9028790695148586887
4967906314245417228
8430593515221282654
7069713631019313251
7142112906173326376
3850134683871022565
2465411721151271277
3859182015418421735
484020763080939597
8753651493435951322
5111469810567284990
5082752295763027209
1297474641728059359
2772501760911001650
6988277114940005814
2836751086931101650
4540970730637410820
7681574468793650543
3441399648732834846
5860458399318164130
8988161044366152523
2522088385252994858
6237044724569170782
288133734975922712
4234638115987371892
1926965856042314360
8894431079123791010
375193520371262247
2636004679673055978
7203225157777520606
846932116397549101
5626843562489937169
6001086570961821469
3664849290321292327
6998314544507627292
3126440435353973671
1206423919863743579
6035367578442694324
3786144938579589252
241476322393971610
4997690965218102031
640430936363193725
1357947136888886996
5747536745874964651
3557671200883911384
4972724154546641720
8959976198545845343
2452549497407497273
8921053357340528781
329648168550664727
1841960070428388053
6317430661569344333
238971699950147956
9004344900967711643
2966894063408513787
7043908990076334874
5172268438049015101
9192424396572261182
8638894146739621309
6752347759379499340
8889661752793288415
2265790006408788591
7706690519127307829
3907486034647053790
5928825677450140230
6781663270239517551
717574062810515300
5780160013169388242
7675080684003374743
8221842279145965466
2286788543928064156
8010982240782253644
325331270382198335
2966721670373553276
1988475359000486046
8915078953110672691
2791982696099806192
2516755157195315728
3479241809948704542
2570167079583810031
3498181804690591440
4197452878572592598
3175301979046642752
2819859652640450636
8981068487465612689
8353318449179615632
5057158030403689175
731347722811587346
1953256391770881593
3243977148228992020
261789649557680807
6306751817451569706
4886080121886784760
333346844670933359
3926116957455709790
7114490585697367604
3084057171870081558
2130900419768174778
8236373870924785155
5098063003371292232
5025503303277671174
7129082837134774089
7565968843755545567
6485069107364203771
6264248701064070940
2306324635825505454
6818192246734324810
992733459965329121
6286632519289160294
7862300959666109544
3124533694206468687
1087121796624966630
4167043070080668763
2733658921221507006
112911322388478938
906668236479592553
6567062145471361725
8187773271766336188
62201542800544349
3833778170566484133
8616088426803933686
4113467607065410774
807765261233611826
6287667850623540180
661488231920839048
7559797457452495731
4604665108075375900
5218822939863282693
2517703303394035545
2143240815626804675
5220055871005254280
6987120913057350172
4527996330038400032
794598013714794698
7742142204367820848
8271721074226718437
4808965099798320221
2794692054350718523
1872793876494417218
361493911298041844
3222093583029117939
9012911304464402418
3911317251669571929
3468226506040591199
3303173453858882920
567769436868550492
7777698790554024759
5686349252161862837
7443274861492988116
5352019235960388391
3022292319346947911
781975829158547084
2130561392168325525
3893374175202265758
6014993148757239735
2782173388947836202
8666412758199814774
456154672969258261
4077697063277510784
5119086113130832777
150926872068384715
804619013740542563
8061636610336754821
7649516338687098779
5413162415229525505
8919977473838902699
3411390717380681733
1571234587713715755
86330308173939897
2607809028718848899
8662365236655054108
147272421868354415
5003646648924761942
5810957943720043444
4660356171908089414
7498415947682777626
7735229574484862213
40208474436979975
3409909791243929776
5977379337166322151
2833626339537497434
6247525106756167979
4006045325710834748
8947520039936413525
5204936876624091215
574930493451440095
6872660548866428137
4119611000698050911
7055532460326430084
8609452240412920946
1646999588198978446
6838487015345248034
277143712038817338
4290766483441233592
3625790172037725211
2372825816068305183
5404041223637609257
2331390206801913966
3330188826981163145
2256376592666608591
3610190135930771431
8983247392779597137
7925020902412061666
4725646292303059385
1067109714505613648
5110652742761041781
8549401983221902865
3388697865454321352
1875829409640266447
4995555425214199778
5537295513102456516
4628961459514510672
4221273530717993898
7313603854833515145
4909432465514341429
6411178758255258675
8520831339560532413
6246941254246733196
4448511856267879508
1298127220634169983
5710180326141142843
5572409414908619714
324280283473920631
7039555833786881350
5824994947168358659
6885426741398123927
5250072220899559785
9157676948420105668
8092312602148432605
3015063922603723795
451224249346620084
7345491843914172749
3052793425977296202
3738506754863818448
2939168231803522057
2453839659494513900
2101782172761778144
2088594031451117500
7546259094419091129
7593654163785719073
3163818597891160604
2115507171476704826
7209498195918607798
5217448161525040996
6522044181419815318
8735519385455470799
3983702451674634433
7917853203863368693
2825534814676393346
1764086940904756529
2342136084522967415
8662427375152022854
6963704938312337100
1215842313209564355
8319346704500501961
4126073165713923421
6628123502774603869
2236820050516127624
3731246614950699727
6139297155526542370
1916765438202661589
5620587545918186337
7567491730144946022
3311664012977560427
7712361401722629262
1966743740256783339
1185739524032567959
425737405803187546
6813382991545536731
8548593589803042917
3721012375823861465
7129351235312878536
931694079816824118
4257959226196125099
7539530070231910717
5115160163415227798
3211629565841391017
5735230647575119900
1512313507212905116
4956501398983938901
7715970551231343561
7240885693505751640
3304113881632211569
5239417326570841258
6920732855525681095
2037883045983373458
557144324714494730
1891167066858904141
3949683709942226762
8162609578978303348
2415962630212319719
4529655199452284581
6835401936665033209
5782447268120942139
3045201118606963346
2020252661229816035
2765048385030706698
5096291348006625822
7241794438967780855
5617132175239031375
1076026379696173452
2986477236211734439
1295173177920572334
1203229424323905659
1544424608353049469
5723974068960484089
5888767817670859650
6229905764764076661
53453894666209121
9029847414072869178
2709849508025720442
610237662285368622
3521394551229014627
6612615473842322988
6440932260142062436
8179596884116199983
1085905048526887554
6490289197453995145
6901512827938964792
3375210508883895094
1888742325336711320
7204763397032007848
1800616786012610207
4248558917843858156
1763643046715598156
8248782109769445657
2680678923839849936
7105344351939854036
7961265785777052275
7387608715911016442
7435405297489241760
7753163918506561309
1193438677779469746
196740287349080018
8870022598201926956
8819184758507634154
3847523658943921120
3953551238931798638
3596971594506299299
4659564821846041305
3762456376581038923
1650557533964570800
4094589291154706656
6854893292133594779
4824147762741419031
5879314929697000244
1384324139222242846
7842721902095256188
2720317650504682765
4348314734690633921
3024696946077217155
6198382841925945878
5233052294534288627
5278083486908345142
5156010583731469418
8356239916814287440
684356185554491954
7908189166832220272
7058630109400834378
7980879831912698683
1155217421019873226
16770113204324131
800368511714623777
5265202889970239351
7324258046238751436
2578703639382812963
17520910402703135
7832625450014753328
3705881973054474159
3055515637874139312
1166209891373302523
9085451417256202900
6871832467136160761
3914254005706495822
3970880189268101182
6115374693698433547
2631187001298754421
3784869156398474532
8459161160401189860
1213896169192957647
2488930184095747318
451727965718346363
7022216256757537297
1833009660077602577
6609021574691823518
4192339678952193332
7809152216440091287
1600142974881174744
7433666974896261985
5223396399424955849
7059337789935690004
9026603254600900844
608963368356927104
2035096620896197479
2726404240112277319
6607054446279260480
99718385895745987
1396733707513316504
672104541849206959
7161608486585496989
3155285331015469046
5821385619636052229
1098957560711391883
8547066746998025022
8640601426367970264
6620473805329831464
1139717562752921002
5267527966499041752
650090477239916598
5138161632577677362
5591533986001825379
432816666766651788
8820252101650468128
8498894564924289759
2442452101475537772
1894162277563316009
4446544455265059223
4138940012225379155
7675133177318362479
7657987768660006139
8749875756139561393
8898620883488611606
5736193700761114175
8866467536462759079
1350007329381391424
4301515635154165630
971055891649266363
8237566865902958524
8797105757616137673
514154785464241018
2685359299103023764
3197087669158701063
2813184142946467916
1078097853790797632
163119243801968596
6925027699056544212
1884739608630208621
2973403361545464336
3296875052739944049
7810331587922274522
1389372395051395632
2730039202029056102
2190727019464941555
1979674214732791773
90964472407202643
657696265489477871
756448919961071634
549819531165898810
298744501671349324
316505741210208247
8290415333401076074
4595801492067726657
4440119598278909877
2138601045676234600
487865284517521277
8032903574169171651
5247739000655660364
863155723793003580
6232203199330435922
3266626146494271174
7743468852385919696
5453374754891952707
84841570523404989
4312836339051380449
8127583905502993604
2527059203732971732
2065676595002008756
2592443842521626242
251896603674917655
181149929911892614
7667889324017036830
5986563363553775993
1292373667393890257
1078315306282808843
1321509029484659429
635021713488878512
2117115011798189878
3247069948770488899
3582891491812561741
5080020059139031764
2833342085585783715
3983615012862401680
5870529750557768331
9184198795105471413
8230719622354032501
1335927806593599366
7883756862546571768
6359876328920183778
5692983011810116660
209702221566112492
3635233783788228182
3084137160869005284
2662344831837916089
3450045985571228628
7093150339858200370
8968337805634156110
7459740703474235403
5760590850399466711
2637899459865037406
125560588168201975
3400703343016578237
4621246426988853287
1254211244719883150
1177061733275131427
127233537799720188
2463229075751304314
4451379829233386997
1095676095058310391
3025530316507663750
3428568475954862184
3448972732358364874
707109377092630335
3448192578368036446
4910237235340127712
4467364304379062206
295622283974296876
8380791025859381571
2487133131495922906
2107642128520732998
9084387228679425405
634777285086379250
5213140417289937430
3833825599187147483
5154163121452852744
8213898276206941693
6467388871000631022
93644994867184524
1302684877111573152
1118896461415208081
5771302646954708628
1897583535789027525
7378916109625303767
1418866049454063354
6151326940728594668
8201701234968952569
4764059120354704494
7229799051210397266
7314646819560458352
7827356243284687639
3819140154332748314
3887004943943968907
2891409027556587963
6975402747021709211
7827075291394837299
3789388481840397287
5025059099084431575
8050023983722033891
1926182469005841268
9080025424901698247
7819187032203822827
8215624880302295733
2914221359978504695
4430406742265560296
7749716652008503402
1641960754922245757
5293960357512377269
8655656810092853231
6575381216430797176
6217139707500884333
1964020271804728596
1850724669511863142
5522233717465011142
8493280019082346731
7373737620892880002
1163064724934941354
1412454398998510926
652213862245057898
4617044414476045765
4209025111172337985
6930675718194950418
6651925370648565090
8635502103604302164
8772215960281374794
3595260511439402488
1527912026666916211
7323804348719979360
8918163839599479989
7185040033593122641
6886751585080762410
4626073029456351537
8201808437312297850
4346962925522672143
4856029241120616783
5722051869538418794
6256745402952450140
7277545826829851074
2114649681887382456
7122867142736235656
4539353370259547645
12164207584690633
6113053621038928455
53197755778546984
4439035630194108048
6589511072111037419
5940284554853172579
2044984560573457438
2283132692193066786
4088507015075731946
2744805523335712938
5379552751079450288
2462802229236848495
82597405836178097
8109657336753535892
1507758343296321620
7156358176178536931
8389848019027938094
395629153478330868
8675441256495738035
4563719035898275574
3054745137310427966
1799892833096336081
1515712463824849867
8509699505717063870
6227868097732310200
5509739549382992535
4578610054235646253
6385172748714770293
712245536453928213
1738695188605251645
2681798780950302205
1391851626151482030
485222728589912771
7185065821621735571
7565667676714627975
4656585273864820613
8674451943267123473
1915169849371733464
4920799591242846133
1654956265212506490
6921400910123662736
8196322901808142984
2069896188533430462
684473651100237235
826276463288888428
391963633575586378
3436373191387679755
3245056010892984149
8171190162636300537
8205547201872750132
6018607481364524604
2274102703481269847
1480824480707325643
6181956073228112983
2372633811237046102
5897446958844121416
1434605368860974205
4155730328100467432
8968571154486203213
6755805630061627272
3989134138187641417
309033865418663375
2793460324430325436
6186620323739599367
2225534345786816853
2904277463125843636
6719897577243290270
2162657828628267304
8450981645120211571
1286398303666761857
8048123916390239243
1381115838994110579
1177189001449999964
3043933352646514915
3008234191129929297
8995655614318386218
24485478241772605
8787444380275696819
2392693956050789926
8872844452688049071
7806408905023053816
5304219742160370294
6600930219299347189
4719899719970238732
3872859393825984346
2378173595950664663
8774038244714766626
7545536989289214680
1704017933441258612
5408084009257309300
1465048833135119337
8234249636872595028
2638565836240402644
4829868548833574245
8383516682101631571
2949571823961967516
3076121874744396862
1845689607653323982
5940633906166129212
6091615156135908607
7621846434311701975
6958799664865829791
7432829627929199360
6787934180984845963
4583661749688474760
406596569445423144
7689450092531995768
2887072647836975291
1611796978939072231
1384895415750959528
5857136013536051123
8570913710573891883
3499850678217071655
7628645371161608622
5769416470973105322
5327988088926875841
1826185977016477263
6176160857162089864
5188622547079639770
4830738499336542493
227336415530978380
235100432054892299
337751716949239181
893284186893004168
8207564641785720442
3722772661994385223
8477359538754101849
618603137544125509
3215498166613671330
1744818062114444501
4923491990041740397
3283478452387405816
411655824059828262
1223173977689800800
5634105442017661991
3560202726979287037
4502321141079454226
5972379216242718733
9103953711321454963
2922999144379806617
6055504261889272190
7150823574416543760
6893691431251274970
1603051567091991097
3124761923606519788
1448825657900459592
2602544873917440534
6456077154678185124
4124267739653472076
290808079935546096
6593672925040408788
3387041856236420940
7994038808042738503
8452871004138611051
3253482386960581243
8781255417904494516
3165167543888307475
1439809217580850687
4543602612513777368
424560981098505122
6028432263467761807
6715296454811080098
6886064945671444661
5647789496007582256
1387668839285032666
446592228169488709
4090432575195980639
5312845994211083996
2029639904846204604
2117903635752146450
790946217860121485
1029878467267673728
2484604123712580587
2991875610513948694
3078274505133267148
3540291833838263545
6740041895115426873
8569132098702061405
7244077211926585085
549584782519922865
6298005276956214416
4186735152231789682
8051061875094562911
9045538062007104674
6812094060397259970
6192481014702569042
1340541552893823047
3784870761993980326
8789598774454774296
2610501497619658729
231654441303373131
6906634038778353835
7685886488415753164
1703612386782864002
1960830269988451279
747317851529610310
6858102369611966222
1664244535651674055
7300990643916559640
6543147390730464855
3163464314715440511
2211281134577560623
7312579005144824213
435945685276089692
7507437833952807387
109379381133212533
1665986022658801759
4540243325010997882
637525827551144331
4082503849491103248
370788706906001862
5593451360552806744
4744686633452933292
8144128463023013811
7301624759426636782
486934279572441925
4749054876435226499
8407703533395203259
2588519334044948192
4523934476279525823
5931447916767683124
2816921075008741929
8894465957790301287
8929792897093790095
3213034890311095964
6280106893010909315
8851232156661975658
3599258679754261269
103311958088077995
430648521744166439
3047925477585251981
16414286984580605
4766085853561263868
5006993753604305694
7513084183008052338
9161162614225237891
8878918598533439804
9047843872642673385
7352141081063388600
1642997735566221175
8979937093566773862
4391565013362902718
2818762617814467184
8849447013202852523
7100796890411422927
5456538629030341002
7362220584376003528
1165429506641827989
1614288974281561438
8757946242912683675
3705007288222354100
8355551169339864213
7148193342975860042
161143340834688510
8753707543410343234
1500724098200643856
7095103017845690115
1965542638370345753
4691730624558076815
215939483341908378
6904289998663311979
3179116158263387829
4185423729645801920
4138220378057046528
