6458910822413037189
5737860775548256980
940133907980631511
6914540612796745699
3829359067461273562
6259223980770457793
4437799129734577113
8159596240064033365
5489411679693592980
1049559393197527150
3669713503870839763
6033785302005809389
297612033741368543
3089695982356331105
8244394465896733751
2397003159171847328
312138623841528763
3793418276304475333
4652588445378914592
2079177569644772085
6553061312796877650
7313543113794021459
5849790885534336862
478101735726385263
1302974968883571617
1364000118521121446
5375958939224426930
935916244769485847
205224692617590971
150030048633729501
280548364441007324
1317437599119303152
840021631979638563
9142183329380580451
1588026395685358348
8581812561634022001
2988113836390661492
107749856071189886
7245907442532301864
5750430592223043083
8399367044345662636
2061080494449058888
6202312720460508459
3428397066464246248
2559040026540885924
3673972816382505912
9025921903028622839
4635130310410774391
4524770270517421510
1756372456322866058
7562206271838943054
5854782678278131899
1664695050704672861
7094567679176117152
9053438504881027974
7851891136808299114
1820097684996256685
3288201135615949068
6016816972574357507
8728229655910666949
8807329026450782376
4119874868021243996
2750689041857179358
3025459580559462726
2462518862841465794
1412240235245022018
9141559967632797344
6643259712359320169
4642906302932441579
36274886615470439
3337558671662770528
1130157332346362033
6903177079442482493
4013167418479825891
377207008100738323
7900630972998380928
1553585933379659635
5717056207430113262
7932387237957819416
594692624324979079
4197187123954222260
5361817402611743567
5264088038509553869
6503835669113260864
6260691571704684580
5009668172976680383
8210073846807963701
325256897229415824
9044433899590643202
1055485139758630689
1823300848068341480
1636317957486401973
1271996821577501616
7535058631255725536
1622959488006839079
2985285747062981758
2308968434244904091
5214193753170118197
6638883307224495569
4708982653244594593
762864359539270155
7584969906250624042
4566247817741498115
7165380134176220454
3604585523043561160
5225258762015652497
649162474094348370
6226967019515919700
107325458211494443
3258882250636560142
8477323608776837841
1646076431915203088
3523364880378209253
3493170138752435104
7343598546059588561
8251268836364069847
4212871676543842695
2798396399183680308
1465926809445319911
7191360355773093758
1307775884638930575
2072270289319124363
8936383022458844805
6583520710726299659
8097100880493027002
6473778232337978474
7680462791910764143
6473889312035849494
6656963414926470415
4355482180797956492
4071145911115030500
6142502758889855748
1209857001100971407
4930802107651192073
374040917688820060
5310818937523779011
852270981331356833
6695965725123174246
1000014493491365949
5409394841279027286
9119950990282799445
3025492828497681934
21941294497305630
3387274926180504679
7983937400056803646
3514581923557386502
4540489351213079039
1686439627543648400
2324950915551250448
5939125250704101957
6729119446588799264
3605191753539152853
5658145640834445366
1251132241328368166
6129421811187249857
4500105012977613916
3709572841766430555
819383859401407699
7602388704909967914
4986412738391788621
4134762056778444466
2772632789499492642
1288992104590353804
7628493228391979787
2255289708997562604
6698595984071254962
4115842314060099114
508987855041947728
8097046237651043096
2517943320579007198
7350331412356427746
3539227303750684137
4608531341179548792
8318616631535408144
8423785233561445900
4383525745265044264
8749251694286846958
1842634826116593790
8228583595683342061
5803672604472032085
113361056430079129
470274424694466881
6286119771437112360
8776333143320614316
5645581343740735749
5854815649928266959
7606771813717563998
5885705927621632260
3543615268093307062
8542639811444937962
1076358905038096333
902376314046219166
8895118182107256142
1028790398074443265
7437054922969620340
6322901300953955847
5043784936958163417
8730848801995178826
8289866488588016803
8049313070020647585
1786647908034902396
1248902724524442774
2399447368527834923
7750219340536338286
4388636860365733586
3884052984953418548
7568192191079094454
6899177423065891748
1117538199399375275
5637585013576756412
8109660845836148070
5470422145936146567
4499235550197839275
4810241787024130090
5482460577490815573
6370168150150947239
7038088218003516913
3182023119868686958
7393883137386083197
2092652154976682841
7958874947813814925
6696356548891868827
1975929953435545420
8568241610656168809
7739215514872527623
6779449647158820913
3927130582091667836
6569843833898671042
5434438845361595712
5176317417161296711
6267861358228035253
1312848760683093502
8709881324827844273
3426387128631149797
3648429825170077005
3194693221085825154
5661763222751622082
7585846690844322457
4001989345331951623
7527421621523048035
2039816869148179400
4728320810367701711
260421236496381220
1335564827666980514
3971664087046606674
2404276318950829319
4336620377459528774
4000216449900250989
1800682536069641504
675980469006173754
3067371202038609443
6326848460602163317
5792130405258001383
7940525936206110940
4717146522933095640
7594797061880628850
2400538679752582879
2889301965387325463
7709165324750049412
3856843582655495766
656633039077570734
8157923653669672548
6479855576115445985
5718431575409137696
7861854823216247139
6651103516130844475
4627307561154788648
6397367459981744913
2551520744435458105
644695553393019831
5103153609841462638
1824064040296162889
5872791772248182929
5251093213051290544
8568160074807175392
3611229269770163424
1690022223596835519
1969967644989124461
6026031748050542548
5369492245791271701
5648548953322308783
3440254417687342499
367739188359717969
3686102911374811869
7402792426208904660
7450058126076486163
3427642441353485925
1201355807812285298
6833116884188205631
5806997283264758990
8416483690804734265
2065730522551052171
3766126012697423569
5202855116087701666
5684595464311603274
7202520783747957771
2529130614903839736
4604171736238574713
6112915474887476169
7329431748636002921
3719279232833805876
126962417373761929
5401921115377455389
5700443374158577317
4814176384758022041
3623873805289961203
349987040850896196
8887875967212269292
6979033101379163672
6375533076169503966
1266216489300971670
3956278213868358487
8126861783821685378
225503998989696172
8511657641347561490
1209142677352549784
259406593571806690
6708731432836541138
5312144206768426224
3954149117852842386
7482560557467265428
5660461880797089933
2692544521771710094
2194727038336002470
5405960205698249562
4374414099213296809
7417464481191753375
4719771775471229043
8406466010702482622
3525006747058842733
4446477911079717098
8264522529565282850
3327692063124262739
7137054091592906531
8741092082500298867
6543256057095247237
1684237500896820475
6410176026256499434
3641178999110380465
2330337921682318147
5461888715817396330
109151083562979481
7925084264632680873
6144470934320203990
254159332453201326
8720131053800333222
4169395123418693667
4897941760507323654
5493930164777235439
4198050563766559981
2317161696847279652
3073282682482163936
118375960737691207
1689447779212160015
3350103825636110890
2862938115466961543
7814933055014155412
5129516837629245705
4672070601619634995
5448658223722618400
5765620730154905886
1385735522760167286
4961326297777392791
6012525240625260383
1611080509615227980
5006226813683264380
6042017087228948074
4660849064475132431
2233418757231135773
700198789486046223
5366230734431056282
7654693749261261064
5491225100355256470
6948625180943109485
9010608692370844962
3748971133576906687
1285851030680985666
3426599185198599388
5158007213298095374
4686115604153231657
5739983266120739286
8051945092444179658
8358374660912971897
1897688512931647169
8445152639055633347
7218438890173906118
1044934953505662299
8442267910985779039
7387159158825354838
3741893848039192721
4721432328811091546
5822816364116460160
507578005025591370
3225894001224759360
1707752959205705060
3260637666682203873
1548880341287199249
7489837030495842281
7868128720997177197
2632057224659801744
8622688299342893193
8117710317230023058
7822178275333862272
964815555219301572
302216803295380945
7423048650408628626
204891967364979451
7726322320679897796
6668332217350480994
6788823810743727909
1330447729783038480
3191600923961351933
8180022368866818187
8695121852620195474
5878779279512609603
5915400976656474313
5483164489973820911
4125203173600906798
8937467208936939641
3955889564749388056
3183925230946158437
7977194052828250795
846894569066514404
7795301086656026377
930800509397644162
8571132282834739194
7822437074045104672
2320948837022102234
2319450746737569773
7189480997707152966
4024924238941056801
7396894625881355250
3280763714043213020
7130715216844645001
91848262991697216
2731256030237176866
7855341048675163815
2762416284985944850
2602454361590548834
6960192768593476405
6126178101378111110
8809003967404595769
7381808636505958360
2096426222373543921
1547430934387979854
267920582727059579
7222379747834834862
4512457458120988425
5014205611037075025
2242963312802730051
2411719419027149063
8830108926172095676
4695919997178429535
530191040261822487
3679494683047416717
1448965796442615153
6533719493027077291
3310454986777102085
6597447761667671601
8214552509872620238
3749859329895632837
1172095538597158133
4750935198672829594
8427534574862788012
1943465669538882047
5557700972476580174
804636773541142158
4552070851515260706
90285057121504459
8811093986745287328
7646365882973057124
9120343070610190905
4658498476843234137
7080793029156842703
1648656789342975279
7058697095322989633
120651972280787893
6526378931879626121
6836752914344107862
1832564430629737366
3722503333035106804
3567740931284204225
651073253654903587
1196518862604920466
7526789645425901528
1267144429653159130
2788680797011285998
2961583641087840
7087537433003312297
2682441368350243578
5251181632348765312
6934760194646005012
4198976120166934749
5500706389222611304
5520377467780337883
3521545096309453994
2844910556287968233
6071066413822607841
8819635946843954447
3879266641709534160
7732779657705354121
5660651978493153718
7750528295578856093
1801037001099082144
2236651904626697099
5779528973884495458
8277949302231938576
2427866464253388669
4317037863233337352
6249774290140491002
4811432108691854899
1018567906091215272
1269194662030353628
6429465990020432682
4177060146171327917
7683168863758754250
4158488664631185687
871156712250899914
3222177050878948116
4836271060520244058
290173117085918106
8017010953025414051
8753667565387294166
6147942966455675760
787475277222418037
9058973509608382126
1341838884628520426
7369034975911400367
6848357473034167746
7725860683702822095
7432101496153147816
1007969708143098394
7296147884797091309
1849045326404695233
6541825853629755611
5002199692520407578
7574862857769135586
3136577031223349033
3039785799203803629
7583285487523536258
2378505681613327298
2251428517997494600
5250463643380563869
4897540942264468367
7752970737081580756
6244229285361160177
6626323077147725590
1311205252208929960
3992029105101176490
7781556392880024716
4479747731826604664
5591476765458406884
4644968317813491890
6619620818839234477
6110618633961487929
5122861511517769019
7454975244255771213
6513469403417487041
2600479901587027750
5230416988375921760
2285549279035769878
8318984906615773285
8800821995433066094
2786063743810377682
4270366972857783010
1823462681067630787
3405428302334291639
7167428712605942712
3942544981840963425
7623648021587658386
6284308711617951353
2755493813738019868
4533043544753729696
7708406587748429137
8901260163955993991
2410180191659495957
6243179751223646518
3997805428360198997
8611757566705450289
4279052459027890492
5427855215232290416
6774293071102676541
4751571247526398319
7341299266245382958
8333564886213448525
966362155660066367
585020960741249297
7042382101071325461
4135484214604839174
2372891009102138886
5985427645599640131
7158519000187079633
7143669963818317801
5719717850273360133
8200836295593541317
6839004450349467424
6771207133057647106
3879302578903082586
4002419887734173887
671459272908350415
787834075822772388
7009509418520494500
1741070883713793922
1070465208814962048
963188546259600331
3106112535925344874
7758504142628385887
5976630868058560248
3057744795788728409
2624371408877451986
4101344602198469325
7470538066571654027
8589561902452775940
676315808697197635
8268747323627012846
4191123907471498045
7194030327517731140
3923872836324041089
5530544318951366803
4467007157160062210
7987637742863654759
4514952593819193382
6595053722938407309
2629300320688808415
6866700958786639269
4770964406116605799
3768625348856932100
679793101578212732
953109192406207194
4441351903693716466
5607618573355630968
5975045570503206612
6812658342243739846
1918207632524557008
2321651767529653133
5166550990394983762
6162555289258989884
1891628874056235304
6323664412802567532
6882038719208586637
4579660357000937074
3821445152916494121
58639314265292416
8354344570821717774
7762443605332450950
3513760506032782526
3475683736311376760
8186603699861731790
5810051628025965575
7488163751141494125
6854996251662845636
7717047239838981298
8360088420535737569
5542533132294586317
3463703366000178241
3659772894575617599
3654060969254513227
6783986874039800593
3849849531597262209
2709630004210335160
6313463553307120383
7217225626851607004
2370412947992716027
6541530013807348231
9111017499732409228
6524394977599948877
2730751620280650501
1291709948801711628
7380512534703447869
4299569383144378607
1291924574200529199
1107275546983867183
4044297459904823762
8540876230120914729
5537597992734567419
3241712541411528043
1001090441834772011
3639775474958151473
8553205982754990659
7108069046807461944
2516117702304947879
7045539225451219317
5466082746887333029
2884033663162698115
8908657131391465195
6889037569969861795
66442440090398745
852594366612056055
2053846342413442072
1523880491628598972
1405666805859391854
5974786743786848413
8965557737726068439
2170627040899346330
8302450950057666619
667956431802381798
8850786226414657066
2754101357465985642
984078203466365359
9094433895622606288
632635431423051962
3942410234744408852
951394707915358916
6333892673185960892
3387716342196697639
696274984412932781
2616325833234463786
854712622530967371
1092853899633025100
3198216829561886122
704424382307389496
6207039884634109994
2962079493754353094
6775340575472459480
5812598950065739661
7489134094717452803
5355308473010104063
801382506310041887
1913997014642262667
1522372591358268307
8005627596873423529
3134432120241887778
1270860112312024090
6624591095570991758
2405133288501000176
6161846806623749446
7721551396034916245
4987270567686347292
3521236085761739516
6246730478631146288
670603660648625936
5471176605305922795
5464958705355822904
2206950084951621172
7645984850633007627
2184526576744524201
3559644718805968696
6014611580653912547
2476831694511660114
2014493774642113565
259500922311676971
464325974810324519
4898540887414290531
8498636864304413957
6592936758878589343
5658512970334600086
3266815833581094181
1545235742770998916
860817886965895759
142593266778093523
690281821205354992
5597318277546135700
5347146354187123868
8262992684248185843
5254180558827852625
2976024169206154035
7135644113309022423
5032537055159924984
4872336183192311983
8446826437845731364
1254093824969456006
3993587207335786346
7182546381327857494
8960754474115195867
7754144054047412711
2577992788222126855
1263747090759624117
431767487704006541
6294177885808946636
4133902660878322037
4476187605359811820
1851553618986741243
1354490588926013314
2625249934910677427
6169639833535101446
6624202496375123381
4318980321678089342
363611280128349037
95384240780403787
3663108606556711560
1523111058934021005
3517451059940007444
1409927998550759458
4337311766123926049
2861202732207809062
274406220858919881
3009766557637688959
4290421202601407046
8153443288453221131
1221236399213522239
424117818716738422
8867758394619683865
1467714673593735209
7896944930803482104
4679344843792270503
3073910796625825420
5467210741045837914
1863834182260514370
737977786799825484
1013585029881000760
8397825373985843632
5062040359149012278
4825389947802002134
3252514396256535425
515446473283501412
6362642336530332304
674986359570567010
8328473761664658007
6251102417044850352
750938189442194701
1663424334904911511
7428422659569537215
2243966435622178998
723325835837645944
9150605941063386348
6368001842779939144
1311753918986448971
6639259546062953018
2491279394442530936
1902186590490789057
6121447039233060050
251117645737216255
4928352506176196147
2294463912975345769
8773499885327093842
2815479418344799279
8712272973815917318
4846121544920527046
2595846023554862038
207533160836540825
5858338977218880042
1116323379604779565
2786494598679966865
6212679861127437714
5665456703659668519
5011888803939885998
7962381160971674393
1314856294231042455
3136311441750724289
2891937590307360104
1370443804382316701
7590974807011040430
1594969205818707732
2722699897514797627
1117968467727566517
8535032890085681319
6012456172416701364
1717704996249397583
7138501002027197668
6503600987720027738
5333370256027179511
3360049616897281155
6683328777978719811
541103555837043382
1551137484148151722
6552253783596039823
8017279735251556712
2177564051397282160
7293210616262229684
6377151365999250680
5759536000422660593
8852630737537934814
744316034127991928
8385966325352223010
824448928719629288
5629463251713591405
353189396074080091
8857469334671112051
5773556067164364164
4027690672318317283
374362117457444474
2640902674095645218
7322562789039194890
5415141636977561036
4183504841647463605
4292591628149252027
1715160762207981879
6066342156101062969
4930176576221507763
4407923878021793008
2004352044255074984
2402532833741127993
6235600678647615410
5791366825795304844
217133674706002680
5392221613648542680
6045808054488469336
4693924240094545821
7631378325158840544
7561769515877449109
7609975747698852958
3709964708305495655
2693693246381772565
2191908147362364876
5716308401631478680
4204798570271837132
8436297603953567405
6059812612736597726
6836694928667657970
7534751361554355669
5882648217665914398
6637704656717810468
2420500650586898429
8136749188259470704
1355845269887005517
3702201780276440207
24267344305784121
6040931000363459009
5293513407768745691
2341104367781669465
7592072248214812621
1914468760705813765
1282540487643772032
4929647397851833270
3485949083273987605
7037672415644456088
5506505610136445932
9028660094633422620
7470038719901141013
2379173483278286330
8412107698851427962
5098337232518751257
8697306428494043909
7114402845234652326
5202406635820746628
4448860590449387985
273310213292652895
1722891886612667861
96862738517931724
6346605491026223321
8978713912375803063
32437700440735963
7084044103423631969
4507555997644097950
2713625365468060239
1553506921840422841
843164724011415156
4334123373957350518
5565545470310455919
6058443683404913240
8428764040394618159
6898232580348970928
1619453403384850036
2976162075097349674
7517451573240366617
7685476459015204227
1647842114948457068
1776114671697187941
3350863624974507524
8926174706467452884
560874372423579655
8807365315208191985
6604828063753019358
6685512825723641546
2720108949103767163
1736640874809792660
7082084226929258096
2002446791383969039
738948215597249923
184818400828089952
2542042145824216070
5403950168049552962
4386818607095560515
9220599860873547266
1880931544561318310
4414256302490927626
7619285264621964730
4844699643357796697
2053691954562549084
4588740487337274049
8766626598091246025
2595158713081593339
4877288672451094860
6674652518652000036
8603259299219541283
3184813465146494689
7034091462672007115
8753947076627753921
8350968733674193845
8107550933589720256
7803337803474076856
880090555149094254
6947187963138792809
1990275412988375162
410267032977933574
8120086707052448468
2238084142770915329
2329210179331703139
6317707150306856653
4490311097068300152
2699071019241689056
1135777616843120206
8740811481532174425
9050562550379085828
2353327994372891009
8658019271137378928
1143112906755408671
7126565617312091722
2761291133885433798
8229129401060507615
