3433430047946299765
9154677537225768649
5739549288227964579
484969664773930316
3847322446686457561
739446303057026760
7203561333689692854
2693005261249817140
5880587657940045685
642667218485183703
2921439493145018072
6613263908035803720
4016583438706370693
5577684396597498222
6051889186397064121
3490211505138305316
7331761241396234763
1603795923259972039
401915394239513570
4083251083784858280
5729584786522979305
4518062097802647017
9092631527340933473
2276400904014337165
4047809766387328383
847880558349223391
3028674673402496683
3853484167131381948
2319272455736434382
3303956332797535799
2447558448133240844
2439774137555679027
5007988621915501128
4513517729501936904
3779452510151140852
7537494082974057702
5922440741921116332
4900156328929908817
5021246171768611381
7579117305924246271
3151732035822830999
1428456678182635763
177578767056899636
4428340843531878814
3035723751360864391
1241814523885472131
5441673339695513298
4559607606413184732
7690078066890670152
8569685778274165519
1598121538081726943
617866246065487457
5956031494583257743
7597108837723397103
6302245056220375035
4752880857606835071
546323029699392524
4370269239417098129
8384357031229478155
3591660626168837721
4067302985158498303
6263365673250823554
1794590542429911158
3829577782384504930
7906185319917905513
935961904462762002
7572196718006146899
5583428951565515662
935756437107918863
3329740200767325665
650983274793146598
4517956940706285928
9113360328857968872
8934376060288042014
7827976149937888349
2332662586367823301
5689382533546418124
3829982128131568147
2728800132180699332
5842637685734615228
4895053983765153752
8475545045958768701
3599482812839226823
6099379759521881464
6888796124797513649
644647878074826798
4647442304131987272
3774414199868518699
1801588299179980045
8740759937366065726
2536728721732207995
1278013291997049944
3113934563648449106
6103156647680341618
4693174813926551692
9074057471126422836
2919831241451573021
6762814947470221254
7579006034132690875
5560224633306758857
5743344322589571845
8352554795545482221
3151810403948551250
5908362621604571220
9106786095445160910
1058701441942222928
3199567347555415473
5404442456246781081
7053486663939739621
5197699372646401208
4920958567636338203
5679106698522287036
7762334501774407434
1076065039166169158
9220535328718256046
7016983357405901510
5861256685985565708
7613453719796420433
566207467106658693
2964183463203398335
2427768388269907466
1197489209697318234
4432516754789098473
3897126297193004326
6175173866272491458
8815241065051679322
877895505498979425
1024509916795843489
8776754285858746979
3808809064867268707
275052080416037677
3953810935760419184
846545289527846198
8369584764386720048
311944805894471395
7528544536681128972
7348354963945993258
9089912187916460194
1311965450699991041
4039066018865349340
4771048573454417207
2112295425178542215
8053822803130272917
6259918202960468544
7209013087550172983
8837053569411148280
4994715729904754185
5570319477904904575
394858486031165315
2755586702358236868
6728756773931578544
2705409854028902929
1568835291245759803
1418557553759322480
9199933926892498272
5759461577922505677
7323907029480824512
7544847875943953013
4934030972233981986
3965200916546982539
3293574131494662950
2836943202518032278
8738621796790262651
7258612595632523566
6825800030569567562
3183835735177240329
4027478916170377918
4863793656742328211
62365119278691630
5458949607485158882
9145809563510824333
1620435156322807503
468551395681220173
7296006476117542931
9001877854109689979
4063951630409092591
4646122009259411441
7084368068445293422
6446501947139092107
2103835366034731293
1863309916113094661
7318044295382875313
5840947768830837242
48508913938247921
4232717577054931719
7923117677432488797
3971255189678913622
9025434550031471886
8001106575542899446
2340351876085437470
3219699653290151029
6432626761579679827
3029085870707401024
8552657105426446985
1578168734603106996
886455945492142890
2239186068556674534
4988180682740686908
1473860675382901661
4231069041862391300
7769518369511781165
8205222448018829180
9066823674679195866
1895466411751605163
2392623827625379263
7221466773668914521
3811669080379047625
3926885953084405224
6406917057101117214
7076969894145064034
6557093547281771342
1229718692242008239
1317759919162535212
7403129874823448676
887958476747763064
2936296807327153577
7579497136254277169
4319280801079693137
3653609860504912454
1381567280567708215
2594887489140223759
6732552915803507046
3455857593022778111
6548668482777279202
6559231791168842131
4665498504865784430
3948069603573675849
547222132964706708
7597937600134828066
8004950248141702893
7325264930948420783
6214040064968510913
9076700549839456508
3484227074299607303
1448898366284588042
5235534633991640423
8959023835317982148
5235375675235492183
88080814439818627
8524242105712391659
3262951856966899000
7366612060771717460
1549487202151089773
3978315009981504759
7418033652055664095
8950890058252278167
8642840580727562702
4396994271988846514
8317488781787790512
7578773181202106306
8477467685591202994
8265948171980773040
8767679109057159824
4550184057837091353
8249300359400609541
1469307739858333672
4731522150145490645
2509283198931865746
3176584556258418304
8127045396903135166
1488560911509452489
6021115728905399189
6077816437928080101
7220147874569830520
5177748168852113719
6966361683355501054
5698213215774618592
6092036983337171360
1670583759086703505
7124021267453460425
3654031694008327573
8055595200598208459
6270171813057022054
9009284290485024043
1962323926391885789
7225656841238923052
4505321886794795483
3767130431312438410
5611813050432301689
7848223413615570342
1950829592006737974
4438856972835049580
2921977831224361175
7212053650194247512
5166635105247494792
5513748291164014688
1385938754990171787
1011752609303581995
5955217162007017718
7700334117508102994
5161165791713642684
8850862662805959773
7827800853394742766
5110624179163218766
2073836482237768145
8901913269291821757
4338259617183909061
9141262523144699356
5101910435933224841
2647868564738471091
6139483964032544469
3712015764908753474
5858121470963032607
8910523780461738259
3655900372047383510
1253340528800418494
280056603314865410
1142649782714320030
5844403843429498350
4750669182116192896
3796874214603742536
23081681408598808
749609592429608967
7688780468304733099
8171179236659816894
5533594198075568523
1441881455917277998
6268695278333316774
6962866706505441655
6211858597788149934
2943220484703660641
1892787365538837786
7612929697177018901
6334532457392844275
1631450522299648058
37852578635849499
2339122823064377132
6433556526622358906
1514155211607524127
241275847294038420
4946546432086923971
7461447921933055004
7829865571844605944
3616666798454413698
2797595397888023699
2185742620894080093
8243571443073688028
8235507581845505629
5822457817431799976
9217414113083391542
3463806134539189595
8261078998023536175
6363694615109466837
7041825760639672668
8439824359541827916
4308764619377248275
5972028842400396197
5424423060519370942
5228104537904094578
8802603299212223024
1367954118582291593
825269451547271542
5328741056909822211
144573750938266628
4740896963131653554
6460472903735077457
7717198272572527208
7949122303682032764
8216364737398943882
2114296363124927714
8404333933566411819
314443050113805886
5314490366418883503
1199719725291735168
761034563271754653
4160994596207890846
803670231974530569
8194604178926451495
4509071683292993684
4740511651387407549
551808249387942537
1734260261962270585
5004448216965280674
377643614291422420
1018481630384925852
6019694864658979348
3257009632653497059
4459789909020605143
2124911675914457216
5389543982656866827
7568953675210993409
7391623098237842843
6969995396269773602
5381078360584840888
8441691693451818103
5792783159844049669
3740674644850841429
4706954040054570859
1995892016741936621
1486175003667776172
5840484328268506577
1820616178732959633
8715630118986025019
7338209345601186153
3462005528169190023
5965838866503334028
2956466722209943280
357252476155478956
3924495522032527276
3639131174224269164
546203674574570811
7128039772181456813
5426902337122351575
4174867134104205547
5611852869045121644
9117030581039900726
374829878467257174
7342806438387102582
2888272970376712181
8146654999271822759
7571209447305905557
1127585789297483176
869303218479915587
1471109659080845288
1590079941714237716
6466523735396834813
6012215026854006189
1462013370558878663
8610436565655451354
7091599253877036637
4146105694165813330
4516601511596977340
1744667790463058719
4596199104395329326
2384247733402798385
8109588259224515596
1811317974302580432
4989030859899968376
7931757130150117716
8486825509513839245
6328942993428629064
3056543176706037576
689912991890972226
4291448692042634736
8974067316349059515
7794264986704796589
8404637954268577011
1486508448041846374
5244353886849966452
7020191992432343662
8843406852114935703
427087254480916260
3402517599648323581
3662821385232527034
7546807065102786429
8529419764191427166
748967674650099615
3408172005063477884
7199055081509423524
3546889922225965551
3939393391453388529
7898957218975324002
4847535740611129369
7668792417696927680
7375162609476656251
8516047137912233455
3734970124720702092
1796680598020280254
3231933796475006275
2703680931859447507
8347534766483272264
301038000806319064
9206644589621784548
2103173352970144921
6078489131490323146
771002509916047620
7534179020491674750
5255308737950543369
6862016207239041191
3742916590350436223
4334349557435834293
5162260018057367344
6449278001683228610
3546182870210833145
6458309807012926157
1142331793790391446
3373679056141284070
2091621373506107818
8915492030917719980
8922390244681217424
2522825293589477382
8199300478152734834
4708069891092902402
2717441689178749381
6188992524621114859
7897473515119022553
8624299532128705302
8694812428171733668
5008664293766746006
8575611924154604374
5770713783190879338
7899897530160302412
5630325275669968405
6792592851942424778
1743219989103124311
1680680665626573519
7175992456821329244
1437847080231139344
1130692998865556574
7016633805463091602
8412190764781699736
1977307006175369095
7235825986511238611
2880218785400803845
1699602546722058603
3090312468859341726
4231304987675975640
3953983681428176523
8991449533598709336
5194500955241857638
5758020622033660742
559597309455139562
6921457074298897608
4293383485301775958
5443920065883921516
3176790270896770128
8590583029278521276
1212745375972024216
4487938492697397111
973863625732055084
2084916818580567406
1102372240569278641
3164202649800237521
8450399089887225855
4455180554925037822
6184551855261473381
2857289612092563168
2448301334459522418
5371077277933971868
6644894772509668713
3297380051701159102
2295032888982585473
9019266230604087997
3689771198979087092
2122403190772661899
169584151871706491
7411180951051142457
5083379787897686222
1520512818777755411
8159072597746763341
5785389302784125574
8790496708799459176
6826062801956730028
5343070272757580805
6227798641041313131
3560130744592837753
2937744972276377880
70266421690292970
2970172368552818014
6297095980924727995
4336517463834665460
6646275689203312203
6601846966001765060
6793981360849069289
3873767540031906864
8531860492912847174
177862737302077401
1757102671550840154
4445404088472677414
5274773919473608978
8085807018816679583
8909740887223091808
1442029375192704067
8793253238984065548
2940565995646626042
8087185132445655530
1454072985297568266
4345519503760459649
6622603363362614218
7965181212957981994
235034696195232971
8256148479540718320
3606893578300972743
3235660403230119385
7974796207928814062
8850197770275018575
1203240660031929293
8504552773010123952
2395497943289544922
5394075029208784687
1993740662537649021
7428694285638565252
3033820053052419851
517335820987731941
2009031950895892841
3837693927853918893
1568908782113409837
2676097051759911484
5769553951069301091
5268344111503949156
3663426980218827694
4462756965407489941
4934817774953338264
4031869458202593061
1386215304174004856
7909855186598501159
8126161066415409322
3318436053900748873
2426749451964806167
8209518910938643448
1320097282004283930
8622860987281127090
4617441327134384545
2457053997544410342
1877487973849541915
1822037021305327488
8107302588137665630
6231025445834323464
2117048121265072934
4759748694446876799
8720477246619435945
446408227263481729
733488379285642494
1443995431374106641
1730712222418577507
3020910236194736714
7684492979124856371
2137891815832070180
1698656490558276187
765240244251991082
1778735420262093356
2056621687446382891
3069442767495752532
8699715359978526356
2429065374807243581
5730656451149335781
4227824834723124908
1247109712799857051
1755162964682948666
7586457763058684873
1002151170841594121
3040802466931496457
2962176921474151105
2209636570114132694
4167927217245187834
7633762822155317885
4503676058089270967
3208593011404995497
6600768733763569873
5811658853890031697
3484749871573612591
8288524193444134536
3054633697506689443
6474248991309058869
6634416590892179402
802322351879116247
7956760920215668691
4170213666207756851
7448151542841615111
3434588399710396695
8888130752552483957
5160635427275321607
6631358506542338958
3787254978051730899
2727858667796251767
5436701426305667946
4727392102004230599
816441194678769238
6410649405909537126
473334102579323364
3080690840923192154
8298137072962311656
6239055861274611243
6386807357967899101
6190885418150057762
7876615113360727366
1706497934915248066
7529308513327688326
3005832502899381774
4751057264639854438
4186830258539983886
2607308805095656981
4575093078687031166
8118400392580717710
3488096686892196667
6362658774230270438
7504607334871531212
6262836143838268242
4411615484891410846
264818170470450238
7053810461820368788
1492877083459824722
1255945548784870252
4037219943997547873
4957567917429051323
3598103350660614919
7313747344815460516
6485133925479391468
5718696744500827706
388325802838457204
7561393130080760127
6275860653598189195
7736247131951863435
8793547998297800602
8291015711465496039
3546256089643038764
4113587004906619244
4920976455135006380
164229514366789732
4925252537951029538
1868815470725534186
3401559907221893600
8337510943785486273
25402198025426277
595986087321483022
8268919026023663101
628301288494617785
5494039602083855552
6923447745395503002
2333076321362352453
7394871069646417594
5127767945440351554
8078893434374566590
2819602162815575368
5831529710727697341
1232632226733287394
8860520757878928242
3244393595884348824
4985154425858938394
8511302176424507049
4484237044229647042
7196218373372903762
1340501242777091253
577278040584178429
6289038901916968627
5413743207717788062
1409603844045550207
579558960891787909
490164310754775881
8167486879509800565
5693806895213284580
183735625892721925
2295549960056351021
2058235127475881
1325547917602162553
8760026838625755719
5911982417837413628
6353541211906360823
4724813445676466804
8380724310019520948
4401521465482487609
7173961013133512586
2048089090176789387
2459332484527051743
5028800169119051730
7761243452383219651
7585248889076182485
2005986343612567556
3254627218968933661
2204129822416781179
8351539576466576362
6901133081613117155
8536071777237589896
7517541023494231567
4546247919202863601
5102928377124067717
5473028391536986249
3694377261697917595
1379511332293149674
969762786519689297
889997945076280340
4985226183804468470
5111701465222334243
3871248775816928042
6221373369249479617
1340984211049174583
1534421731634631509
5036794120597787261
4517623868144605797
6691242216756816087
8696459675863662910
7956493029435124136
977097503785556123
3216297644097301846
6841100662917697306
7298191105789930241
8339168392885962727
1622040073378107128
4710747625182149229
4699856383357195813
2026618120690943646
8769955350853623507
35080548796174421
1180770594438296375
7643965377900432984
4144586984583213907
6397218851336507251
7307229981997016177
1271462529424869633
5208158761254582710
1261254289910272137
8720656069752328830
8896981303164543881
6056172008259481028
904434753745974719
1941937188488361159
1567378929117887517
7674880208215188851
3393806579986377400
5886375482799964192
1777586403031193595
6949246012537078864
7531350718001811603
5536566120257833636
7283213571723272381
1269754869132213850
7920840240841478392
668549523429667256
8374806599890535671
7254632588875562515
6978846199649291385
3913136646403134674
6157167334560902054
373686346308397391
3494010625029088592
4009607822203071434
3196668130047869031
3561520151468308665
4789849436834845992
4255504891438913092
7473396296513741646
3858130845300581078
10020751397105764
2692642563234166821
1742184453428229532
1032084789651901706
8175548641416777504
6468655029172130623
6041041371861578412
3633720330324855512
8305771154328119356
1781263842786743737
716900387484617600
2810504585535579624
233590983333022708
9039966975327532133
7574831450270992633
1042458889740271017
5077853160559390635
1307401498282248966
7829746578060066952
8071501729647202260
3977343810094846609
9194058531513215119
4268152117921434695
3694974392740791370
2536530472087735236
2014376028040937254
6993437794191960227
2752727862183019066
3259495746136852903
590159558490433209
5121593050606287046
1413209206410435915
2602316520772635958
2127936797985434555
8096109002189838247
1263127599632320027
2880270062979916125
1113215854315793853
7226281109597002837
4795482273615134824
6737651851362282828
8394949130364318339
6972040164339355687
8111402331211756568
2935542818250952419
2874776215683457345
4707598878649124540
4980605467488713615
1315211891615803585
7604497620816919886
5952508557439368694
7018310497778902522
5491525933763522642
6288025086221088050
357703228143094959
5531519667857869488
654260185048760139
5154102364339911876
6016937699464571699
4079372047656958723
2762033498831024043
4002427096559455620
4213538658575920139
6345301429717944183
68846808134901175
3681541814425315481
7459767209029786294
1383098773494441738
126573429171541884
6865291595805770979
6278988535416005770
3164674175252265143
3068374296749964886
9024659929502770250
7176677440631853542
7590231166520886265
5358147077100519746
2832253651263091866
6357733891963075817
3828999446920716811
7264998995495730822
5340410788025503182
2958692953221420005
8064087357407375946
4857505134852603785
1084039144422956495
2122406550209295551
1138425492197527766
2895744755011957948
1033297068956177575
7064999382690450191
3764806474888478001
207801939303678758
8899037540936187793
2001546136570475957
1207918768641146130
825404033287715055
8706370512645277658
2635622097657714142
6395958742646656197
8968182597785965218
1106640171614986147
2205958668753862573
4370853176193004805
775741538985105025
5671079152499912408
7329488791844505732
3116949762326473692
7150973652071613513
8042099928209185184
511186681215172863
5419813663987569286
5508321562729894754
7753211072882135370
6628083205261937521
1914059813382205925
6114690998439006562
312991469905078202
1922603274927326216
5803427900787405473
6936799885533934531
3207029664758896106
1619444350086386802
1174178859264055334
8112442468809333444
6951902821431386262
5400365735399030805
4644929913126222241
4081289867623165102
3628067807578462954
4573582789847698513
3802467267365989177
6917300143979195664
6484050086688964830
3616451206354995089
6325522036011342916
4423372802207886461
3419116364870506919
6629707676417658096
1236221670777705452
6848798706573534661
6055219365798511527
5001610920425446151
6729239832496031509
1684472324567952508
7471977608177132050
3860699139756844650
204705334470726939
6120696180426741548
925264077638544385
9086247134158920384
2672485702700064755
2372792049293569287
3623210590223704149
4765913849412833826
1147794336709425559
779807251131157878
5632749505459898459
5871683216375277972
7941929375780428854
8352771186021331801
1428508665445138845
364185817606180889
980433073434247998
8209146145472442195
4177111349083914942
8624255324971130237
6607144117293926036
8625471956469189712
4203474082455980689
5080713299413780910
8224911689080488471
2679800376572698813
3336393259519027874
2063453044251954601
2906151193330699396
7234359386450747695
901861926176799418
