2214848773530285221
3308801139292967930
6455547365103703744
941453028695875634
7530920924947411499
4165199878295707058
4839276784052271209
3101401819499883280
837192910075568147
6267076863673715187
4425556166713147457
7315226321563999031
5009131061691545612
1812081106098408201
3635715007484359647
1070672033759345679
1714108595573238767
1505992890257559827
2070414292827519337
2778675006699701767
5328936569327761756
1824376183134839194
6779211171637162290
6292918293833472111
7137716193868949364
1844466779438158658
1654901313790779963
7627406224579367293
5364552760570824481
2051980357649616484
849964494874169528
4044601966122738678
7112837202348205931
4265534034676474915
348106262905056625
5897176270159554039
7885704568288293954
4879368210008406078
4143124650975199121
5355502002681028401
8193709220609937009
4349565020123119404
669728579550294475
6905828537583470509
5989448380062914508
6232189211467527075
8676395571653924770
7820410842435328967
9053199962457412063
2095677228764798084
4208536194127050478
3133636118530172399
7013886492019231680
8688418433923107926
1962524657263252537
1233528165708192956
8480131653300514928
7141618490817946909
2809761575162240731
8440826565978832483
759428768952611732
6928462916696320915
3187613258689390808
8244056701147443915
8872588554439762411
2651375258126493796
3167998221582264837
717284956478566066
2821770351527913102
3902770348887864486
6639284751917749091
6847749616198097259
6161067338373492132
8862442805068353176
8054679624924173349
8122745529519463030
7636098697182802176
2052205709881936608
8994281149285474238
7597391553963965429
6074451689262117561
3227984284061960280
8653579383716591721
5259018579568498470
2854195796729954653
8285288780337188989
2027494228862472017
8754490882224484387
24130436774467605
5116848335235301245
7512236636258467768
7002811328442381821
8184749932900757746
1484185424447881104
2728937513898894915
4380787852126786742
2340687208018452923
7770673802932456706
5779402936929600932
7306101009756514471
2303756610604462490
5477923968584213254
5776366395233863548
1483636035417769223
8747999418810237470
7090698701097387801
8649246988658846114
3307572218532404342
1649580724344479795
6966449611689668180
3388323917859239719
4554418222243640881
5767946998005070009
178411274821906460
4800346683624543562
7634613650567189200
2056254153662090233
5657779992509251648
1664862700315376333
2198961465621077255
261801141109740176
4871674253588697421
945793070077972377
7772133496706374333
4744707645122560780
7937008095592820075
6772956532899317895
3075590217137286872
1342207620623793071
8083173470739540364
424700417838299442
2347417741933681989
8444808434880154229
1474528462042057046
3870516764298210205
2033302053984040919
7148834318789271052
3594233302084711405
3733243934551170917
7506765067438423882
7840710718977515263
6978942726161587838
5195862048985218039
5314110381029632256
9169634650573493213
2901751681011462226
6276140193850611020
2524181088396261815
1482909368158776534
2425203708433386417
6057802726929865463
2357217109223625212
2122547468924345393
7279078498254784538
3480242592372223193
5335020815113203687
7338416010936327225
6603383093612888127
3079606894943531201
5533487411129048482
5631334470305869348
7961665937324968854
606913280908982550
6112796989558759809
6830949455487136862
5027011158560151789
931562620643619778
5413914813154802793
7361298354629328220
7255912142751516331
862457501899195638
3571528554569323497
3413764969663816635
7440346758114823953
6625573804942205186
6598975124677826252
4490614049938217333
4136469095341213262
7486272265280862016
7931802578600604672
1614687344838690184
268284472324390893
4598841315238078619
3867331649863212810
2864289854640206208
2247795840717162359
4806921029735662614
1640259296723373060
8739004700366996151
1072869065313467672
593740102942864416
5602585454646698105
3715532862676902171
3711814479052549377
6374785430369813765
128122070138165165
6635300130970832267
2816674860122511626
245962295716074441
4535156778814451051
8524151569342412143
5657836545648783915
7463246553339633282
9221080856197682312
5108269208512110593
7827239452666860723
6990020933400455949
6220895051510241273
1776172522732053222
4250521131641202589
7132543862388905809
8193957378613146447
5604915687335562037
6771981153580184073
8443834697811192587
2048019051147273099
8101528629672965300
2161363477536734297
3200688748680123003
7907607252406558570
4095419034305771961
8659052658199759334
3896651341803229352
2778536283496149335
3699218580076296180
2609638394272551462
4292845443432049821
3314880359243760514
731938717540966769
2519005726247478543
1273196832164009437
634787009155354524
503049998812524904
4662930035391292483
4804589947522675665
8432717389050255617
3284410100066377605
6587195328848793309
8088336183650135758
3211941685482822253
6618123654802496668
3640593008265614887
7781635653718471149
5255126147472572756
3459502925098133420
8002534966949411347
7005547252432322910
8059846215050503420
6931648406292280999
7898037413805059035
3619349811188141027
2208274635843509576
839280841683150762
649764399710110676
5920101267822886931
8878962978627768758
3605324936088672153
3084610745285861891
1658537690608473522
2564983419784939039
3304103738394224577
7151718971437429049
2987520648435372090
250543489620725379
3929967213689846626
2396786402577804659
3571173487182116963
7239704355614411786
4756841081983551020
3736185872645197007
5200207186221440345
8014650251827434818
6968904175683436179
5102617645089332000
2672549769651435628
8666283192425266325
5968060371799220774
6361718471343369421
3921676119878760795
7429202631309678570
8353295729879861872
889594452124588593
4548201766972651503
2621702575455004116
2383337382262486132
5159008582978229873
4047713572687116526
4004828119024187082
9101531778903927961
2543959296049656032
2061207624588432491
7586154693856115013
5645355188994833344
294213934420710421
5789491670445894392
4624376701844919415
5151585694818108053
8975726981021140471
681611855671642013
5798135489193628472
1296597947568283321
7976162940900072434
5536911560223529342
2901921301801809131
5220385642972755798
2983678750164407443
934991553475492768
6302157008173961057
3984329736006304174
3996051657135873038
8574318057282053794
8469432048855960351
1871131683076156204
5318082486108135845
7811454370684158025
2422173107691736864
6713656676998924258
506084277815882311
2875760677640971437
9004369705198359397
6443701792702131984
1682391844784101853
7990595989768933529
3715219978607345055
8068680952416730817
4592346400454309800
1273320002755130193
5259028238962963673
7385430516104870684
2763690629941721918
92220801989901707
3029473987596498447
1686190432847460679
8873196092726612356
6615409459052220516
7854718932594486336
6743274067172607112
8231549670150426525
3230429115834667854
7063269978170299738
7192149600485484878
1104334101988201142
5607472469673657826
99056287280704108
13396098303120185
1818534658956671233
1336030660091122892
351415191014450441
7355978231431863309
342066915223297727
1895416898145356983
8825985262060853629
8957104273356509675
5930798863509416738
405565324978824187
7599956009383860007
2756364965782566077
8128971245751350116
1082410418616917478
2801079578431519094
5909960713157327109
8876903845250352479
5361178448338462173
1169877299531287558
2880827552339553393
5616910219510133652
6169440504656510924
8105222962932645553
5990678014979240623
7120603267572170778
3303017216027044080
6376211386958119111
2942110322013115645
5665687625085956796
6196095116401785298
7810202476920008509
540024269056019274
2355849535219602699
9046426560425280795
7067144833267429593
3965196862534930671
4592330697496703491
7065263944122653571
4138701863988206613
5032337704350718902
2540583709132301180
1066843464377626451
6899617777991440788
5360077295248150393
2316233946179432448
9138125247601623885
1238413450486285030
3055109161975981809
6597347415679843479
5754075209688326789
4155105189603400784
2755549240426940907
7077205742920699951
2970237263804289123
2565838478794288782
8696924142347391278
1712721048829688177
6904778261174413613
1027869091636116361
2715457861318312195
2859273149621393663
6757302988925679277
1525967268881246597
1793453268927514949
6208034692993827160
3036005106970097866
6109528209758847434
7976779675830159173
3445349907849310773
8554105245047686806
7017808901988621695
3521675196342454301
6133339605021140475
8092438386758962434
6681303922678987133
7473714564713727358
1713210556266239403
4165468813226270936
7078073209690758826
1933253743497377684
9174626316634404952
7911412385274338626
8810694866523157379
4840512001011192448
7825650451030555527
4899376879257124600
1766778851446415645
5389273655471300048
9068965128600483819
7653584547314590784
6244099827575440653
6825076717148786236
322438235539908524
35485458426397128
4241310740565369077
5025011520726417288
9069465603850562767
9195513943642336494
7560649530372337566
808929115555166179
8487402145222871863
4128942144624432082
8228131948094064133
2817618803434181057
4154727738428485631
3399923389600512562
3508264059765079517
3144547469844951797
2713578599095270384
3573451289185347039
2002273747901183785
7038620145022663157
2287933908774330520
1521658073916268993
3292900446223871400
4198351189703970080
27936876026399113
3723345531069014126
1500156429748589892
8653502181103440628
5132940850086612600
3219854205788774678
1051162435337535000
5816821928495679679
7575563232109377229
176716613239128524
4939124111231757456
6631111090647328132
1851091861117815220
8484930498700700718
1956526853890682453
7468437283491750139
9130483659223556968
4630773700163347634
265812450809158287
731314357234069308
1743571455531776231
214305986727465462
4397809498819391348
3060093857634277117
2421493260693612465
5178564070320483740
9013112173157187973
2250733574566683059
4718087306932376909
5798783758580693082
9210484318454142121
822592143215259022
7040637087135147821
210337617793220778
8606639851875082326
4661817913601007290
1731200351703140348
200597835695455431
6152620042994182539
6324800435995216879
1914575161598167869
2240270906724687092
7302130737072787460
4086878021553447422
9208523312951994845
1812756409726428149
5623343024932639109
101864025823483393
2784185389401443044
2196426192194601360
8189388244267595434
3304791203061770607
4417627385258210305
8694045035392302217
4515642103798089993
6403446840221336961
5574800111417167985
1311082229184380196
5928409455884326021
968600291262279450
5169595887495560788
1841240194323440811
7218987683356044135
290696696493537973
6565797286568241978
3594947878748513134
8712246540975937543
7215927561954444696
3394298746699009631
4170203550226552576
1097536652040210190
8114524709367311925
873597468546006687
2297399203684376769
4484288743067583659
8792527166470269090
6552581123729847787
7051125789775142645
5657556213244015097
3354375468028093927
7296792928935729608
6629842089131742555
7272062789399538665
8783677944407886892
8276260826309006355
8454198825041422646
1422800984189486738
8519545904103378787
1871825466389107332
2526724620049566293
8140138766828823958
8928876055136849757
873530539026613362
7537720726409521698
8296384374889044165
9204668435775258121
4482408729906068874
2332521901082199921
4856327416692823791
625518000047283120
6942619205198404955
3447142747487874987
8992574576185394876
2408999546655028615
1548659375028567469
5409658870998684203
3143864869028156362
4396767103310346381
5865402353831293229
4378211170907690923
3577058365303013731
8942923011346759622
5965844092524629606
7766840051506922195
4535032926084627332
2777983856775582439
1691686219670158723
5277601852279484566
8861906297104816949
7674605613986554381
6392823625157058283
6052655876221724499
2199764238629700048
5625810826316664081
952680602972907233
8437702638022770783
5562390917937910378
4271184399725059019
7966859323881057013
7774850448046964332
6424049886300785413
931337718345401436
4983350308643210845
6799068543520986833
6455224436454136917
868602463276465452
2518567032603599672
1358533521337664175
2961169533651135065
8616048212390651224
4808709911138675990
5669076518519960127
5058571744951825182
4865676087269850483
3551937035433784895
7692535755109926949
8830258232582505737
1940148035032678458
3975449395421535048
9173002698846302159
1537978003927303545
2005097819611230988
2808054347682980279
4205735921488084422
6444665379749225973
6366133150954419295
4438952265016267642
9133760980520670264
6345161721782668504
2163496297112858642
1768321202061447148
1412738948982643406
3609525493718595750
1108606115463637648
1804146529329253204
8709473870209118505
5734501894306585943
200960155663923393
312204100564952559
5198517502730046419
8220126612485866842
4645546357869677752
7564862026948107072
7280938032974943964
1502359172054510846
3221857657180904042
3730792047213722921
438140148778096522
4058905670149941047
3147384960754344660
6338784277884297248
3794407500876949009
1965349747460562226
2032207560111749381
7085234972988314766
1797817590912209389
5166432300156946499
2936395460188352105
1209752848606313749
38306035948297400
5812502903633419495
4075962007880180860
3418220397334079633
3189369503077256650
6895091869725289826
6234379092753004697
17501861622993572
5674219827662473579
8080729956396858131
6364664175059772906
7322601952511402930
3549762111887625404
8394884864047363005
8380031941304231939
5864870737138222540
5814801944803900154
6513503978640938521
1860196069444945891
5943162499116331715
6097890407213368058
2619453781389275726
5217213736920782578
2641550327074880307
2430006005308254243
503176575847550907
4930639440523980847
131370576381285478
483650728964715114
3694998290444395601
1165038037094823965
624760856996912490
5107408185658514382
1448731767298124234
8161733919640784042
7747688788260857603
1819369424958500394
5405184897455028559
1022421149195806167
2951882543204270214
2168986147734863137
1723262146634141279
5743220666161400314
277836756721423567
1244329401635947982
4189599250000738541
2971549508071284263
222118342901069644
6954065608222010965
6872790281320320564
1071508254116262675
7569449514910087363
2983066266302566461
7240064087275577523
314080617524096543
1945304555546125172
7151694101502222482
733969121064277466
2498651759304878099
3378071075527873976
1806074270957677747
8783484877236634598
2108637404807981070
4450886472530487594
3153665785528191301
1621722631132040481
5303727105207229938
4197253033414405898
3818448330611736936
673517105774726283
8406543222915970593
7617965487058724619
2565969352140899023
5456177543262602795
9166044052274331165
4809410170160328130
4912540064716347639
3835252430295087215
6873948001489881206
7984413215100635534
836695368625929045
6266365719038829773
2006536504961915667
1747935685748512167
3103527093163685985
5065553151692807197
359957863633354448
9078202598941740070
7480358592020294589
2441290603814153099
2525690897379592046
463966655939114076
385493249238642340
7325550932028399576
8533357413316468861
1140982988343723241
134484891701463294
7102269180823440173
8935469580052270291
3440927295622192370
5221222003398413416
4577036313882065039
3167564131820620513
7007454551084680328
4267752543928038046
1697215354886241996
6823013207252777765
9117896584564142580
4778710369917237677
7301111539244829133
7068818634557196703
5730976166938906252
829736085190804788
3913827732662244499
6590495375212254440
3902199038158790223
3350752461409420495
5841672088099090126
7344933752345275372
5268731194509989840
7843997341261900157
7031547291182592293
1956259164699558520
7256363056638836657
7328489974752970662
378197224499239504
5334670842969527983
4949335523452643060
3556679830666542534
5226521379390244784
3840317746192687254
6727437830765688579
159788477224493488
6687040242132818693
3102485302754032888
1567691431487856815
3126057927004039169
1085360343376216593
4783926576122480886
1778916118604639772
218759724425604987
4175372083824586404
8176205296601488380
5775521320997942064
6809855184218933848
1356872857835661154
8291856748669511807
884436799436402389
2945010704360164275
7310480741425415305
3200688983173711112
4367340955469482653
3522420816837174796
1582131644342609035
3914211512162721816
8360487005083386366
5408754247360457738
1598178736172013104
918753251861591766
7032401682955126564
6550289943072754291
2936022961432477430
4261423629056100012
1121024364573774068
4294315943591195073
8406014611863795777
2299211884185965446
6692849769942016893
7246846168067376994
4835742475522208875
8194782137769670811
7740008565059795566
3919844517536380431
1404881212867755785
1078130207510782447
2906192766962196952
8781137791433171932
2409767723860517851
7732064996234027691
3877947740723711665
7260945013402218209
6031740481158496101
7465965810965375253
4918363443479332941
1034127527587389661
4179081465028841756
2288208265578097611
3682196378819038052
2183446384183921993
5912708869811209107
7806794904419448845
9201357050833022046
5074747706026773038
7662621270974068528
940881657297031232
7807887158142119572
9177785778007451859
5161591669454643055
8175625934350242219
1336247473639277780
6946812367142731479
8737104777377617986
7641069227199452488
5456780829564101483
5229297803352785895
3760932245659229690
874429615579983275
21788600650029300
3160955238816416809
53611442851145737
6212155317648021054
967913630693170142
7622450265654049963
2156803347280860677
285288594731871496
2589875408953874958
7548333728428149884
879800245060435602
4383571371036790158
3856123111711837542
2769110522224325051
5288500735027510801
5357955936228939724
2963849662717992379
2825042229898311968
1202545563648735339
8794757617597022189
842511236636515020
2343215250406443905
5438067893938587320
4709503840817061929
4612697804684114086
3418360550992025565
5917691033790747125
7899696475270672966
5926773939489991783
1013884942137883041
3335659614513170486
7334259831873814566
1690962881072294990
7060654840471271758
2293726325928380588
2280798267906122569
6211209869799975168
5773149321085634230
1290898691031795559
6153484789768251782
3169813740052070139
166929186330592409
5131457022349176041
6028715828727296364
5990451826109817785
4936580802409871974
1126731160693378664
7972481556652231505
5327158213541319765
4139625479286959736
8577535980543227285
255150076099807472
8758769217404433384
6632713349015532052
5658525791750852320
7042584420314348490
4082376514229837428
3417569249203482497
7778737236883253183
5961401404596435264
1383153580539027367
6331294984989499309
3668949273988365593
1261142749410306536
1524477794017734322
3631925956298050613
6751962712947221658
6318587181449301806
6951722685521152297
3199218065677663222
409699258924612826
8577483714509391679
5001603045667162418
3732721840230338627
4519528743224428588
3449704319996392123
7637984177814903099
3358258154619590795
1711820591137720280
1935203457134309115
8472252743294133646
8894344724734720987
7500992377651360833
6163328034512775069
8475605528497166407
4574509394856042243
3617792437531199362
1627631414684926443
8447642852755450432
481448268390404237
398783568938963313
1607510677835752049
1314739873342862865
230426863661989586
497046827267835299
5513532949401066834
2501068697185946857
976176048011362931
3240014380235601883
1790798682521421961
833778780931365217
7350302013466935424
1553101661460234261
2112611724109669489
1427986474174630354
1328466515733354413
4925351113517429214
628861355530715587
6825631084778317792
3078916335152942661
7154290114793275091
3843131058396315212
8332727956409746436
1391995642432357202
611521123706788550
3266328463975678408
7240948758772773599
6451300440987957108
8973744281281807084
5137295317992972493
3617097833551140623
8321515942504244283
870432386660562319
6399656746150234262
8694746875706663397
1964901515593106677
2346098540013697021
1915962375601461489
1931691928378486057
2294659268943141379
7118862648063121972
6214053328628743972
3145619012475107701
8335954897402612511
8850786034962455838
3214100814907027463
250014650438821236
5294211228195389599
7926046647389049416
7772411489442035243
9080797263021179242
6047823620646613160
7967649226692329448
