2983494661574547659
4815590378720018746
4418404241720724861
4090185447462571844
3052633370644428152
1857798333346103213
2606039871759483180
1098148435839850816
9213627482692107863
2571447450484394826
4383335254123368855
7368755937717039625
1781870262248164293
1438708399936065772
8354275302431309240
6172970677995593376
1504444860883115986
1591373769948692643
1557900279187405727
2873846115277330028
6939431383200936433
7541147604902577218
7176661775709153804
8493203594409252951
6000027051781644605
6941455572686047107
6889742885990760421
6724138727152895377
5600949270240062929
2445293761226625716
3951551665596921063
1504803519510007080
3780217507475070555
4333278264805320007
2107193064729864616
6267814519488273196
1205344141668800115
2879805404832842741
7606257281656833100
4117162017430834261
7844240750212577176
7567876552123315909
1011895807223661980
2650736392446158378
1633180627330425746
3284217394965495341
1302512666512442194
734082994443238306
7521309211386621608
4064914961972498659
652761233905669597
5248374207696587716
8956808617395666695
3615845380480042034
4013358783250176686
8791571480137649242
7846373405828723706
3406213823526729965
4022449065788321226
2559546166071772750
1941616898669108549
8192965921206235176
5127981541655115388
2666277534605044883
5373700217036741000
4669795639186870640
7936899052599435672
2517249220486576689
8334835681945780944
4946482094142532050
3917026770345532381
8091573844839565012
6946946504694130354
1031388598814949300
5257180060215894732
7754073153311688907
7852630407727711061
3976032695948495576
8837046914406197064
5135910925244872341
5282845941219859715
1664684906027674226
1340159107234731287
283847261300086135
5369608510722428477
246588831307564640
1821970737090962751
4462016576104945287
5275087930834245859
406960257812466303
8068146757671181930
7503225795802777623
6150234339296339873
1841579989173354185
2260440677155959990
2934265454708006650
669283951029416578
8793074253571386956
8901071116516980615
5311797587363827935
4271998961301994867
6751004882381227164
1946010255615577952
5095715436643226949
3101643811541851353
4379175854186036666
2509736134088003593
812331054335385431
6417876317310737587
313957769347485919
8735391662355042513
5841510291552302472
8955603730327162112
397486404256799978
7561210329349021397
623648313557173545
2864811777208633340
2506860263637554266
5145286227311786914
5659338676450257279
8030415155137447357
9126608632860295723
6985504460969439385
6216886474678568485
651911758825380583
3145574745165310324
1241112258395242949
3542251308063496503
7719012222424517075
2585421051313350399
6107128551632566116
6267103875985861558
228422649142457773
7129102666041626780
12413554393224671
6325153527361045413
8199355491788103996
2393811935918333679
1879171030156216428
2113861044644203575
3158186089716915918
6708681340605968494
2655129967943322673
1627429058886075979
1457061016498352707
7532620380522536027
1623091105331302787
4532694018141942536
9069003118824997473
8838261625655976666
6878093215762537101
561791180918602783
638675955123271562
4902686661596407809
6467632618236186627
1698035818022856219
94894795200223772
3711362874780680195
1280477678702069630
4187387483349472391
9115909618675089806
2524703455354090814
4745516295051127826
1255514130904106630
8370899317334432916
4476910544221868295
9095456857256508804
6413314747089931602
8286682591095354254
3439501992312780759
5452008041342736519
5212974069647017705
3718893604837815310
7115279875478205930
6328371757978748313
1018872277550406722
6030532207581246232
7997015352168326362
1710237631687908018
3580597155053346535
4955280775096034193
3839970121692557223
8962131546774095733
8916794203289911005
665532064241693458
8793591173064910277
1317681847708886360
8913231287323127946
5119694434801883836
1494774484324447374
615173838212705393
1282526656969061933
3058012080743109399
4357343079996172101
4559644769407922024
8212950372052028450
5736013521126567946
3117253629155302863
281234328465622539
2303900245641804184
6207801818613952069
2260897594798172807
3354608747719251440
5244762671578151792
4951806213461763401
5325187005898444060
7886317922427819308
4457171459330737572
4520410245777268909
5082722473918884501
8870887592535936396
7279728488621112806
7666677892093054724
8331126594290352046
8436463964717786094
7540078924541128270
6518602070850875904
4764615011683076054
3873299240160861412
3379451621475733689
7275330975715391013
2717740332807409581
6086325327635274909
1102870802755620887
8737229634341026179
2964271368516709377
3577754073219949810
2864159460994695281
2523346497834501416
356139808452756630
6816089237979323842
1907809837632982341
5234560134400742554
7528604077207426361
3882610551537786340
3945982848943387592
1255192039652844568
7326813269689297121
2048713342511063117
8425986274218352672
5798262183193738482
4629674200549017588
6816034653538936996
5610216178904134123
791657046626900867
8750885998194860603
6200071822928386604
165664591176433561
744068176325942633
8877737648249776314
1148381468066120107
4159796043698939726
8050174272765520475
7759649393020608533
1912012447580687333
5933608870864226215
2959871584387152286
8211111266908325070
7780430643691465324
1965028503701312441
7034322490403366414
1777286799748972658
4540050183400610969
5401453176659623803
4258147040966815438
2155492757683185454
957499479949039142
6106433523782473089
8542936761410841070
5723248782690718919
5416606002360028059
1683076157934001308
12858205266452723
2783425747758400469
2023660025739407287
2072544479933149587
2273120657959403742
5209780683426783291
634437374512870937
6069794918777265248
5619524406693023870
7460166031980126450
4971751227667153872
5555175375285135935
1870430443483794440
7401482512576200568
7918317409123489825
6961000468327409429
7547572081241593440
2948214135624849866
494373313693065371
8053038825722326313
2637072964117461323
8639997128238887120
2618253320120749027
5758440152413301179
8356451038781946858
6631064051546178189
1705461400554522270
6212967597757210597
8395407745272397841
3598316408964734488
9214722174039736429
7781529956779810645
3273478210298291747
3260136828625321790
3393130919445312723
1482988147974641361
3684859898599875664
53746999129763410
2188188037672888866
3348173237607896452
7784851125299209559
4287116416005392722
573811036219235466
5398671801749139573
8179535195908182446
774768989446577678
5826615940457733137
7649200482102299662
6843422744525610925
2277762016901497194
5813079812919634925
2011429684393541928
1617657548946028921
3364694393382276169
8902579507553284448
8540460319491941988
7971245946571376977
3554961207298243787
25135618600657623
3401473684791694082
2604479905207163298
4629417361228886778
2041082635721617802
5561718264813036202
5630942730087110298
1196187234308089439
4283427248736446999
5639724925762618706
2646654178171692963
6036992349325746075
5134410984091105472
2301857088985496397
6363610883961870890
1446155631534636979
2735273410364384575
8739320345789097852
3103979663244107711
4639842365887353615
5082618782852650592
3233787026909036565
7865196424462405569
3692414230233531772
3892778925041318025
7103861694753844184
6964183305131365446
7737796927435495384
3565372760911763060
2749387836525625238
8527657594777625170
5190398536219220630
2813752204993903996
1513532418333190772
6331150352849064151
7643147339996273394
7381220727253747094
3135457244962318869
5830172889615492935
8926474843142923991
8123865683556225349
8043384614165344531
7683769765504547279
4039440781073451299
5406430439421586534
7209089501663839077
7037860115729431295
7423506784465479580
168027246621238922
2096755683847554183
2020318832695663688
8055381177879165629
5817977945621813245
1146446600357912813
6555848776734934991
4732769982804994062
2630528852925818325
1641207321435882336
2627468848085157863
4571848842007819061
3343698358186607420
7506528600116553681
6744783494845024045
3552847316073043843
3944806949853213608
7028556294727528274
2106081215531981638
907320374130455627
8055208791718563491
6276919221859074372
8763730121911109702
8014381252628720093
2929641219256283919
3733257426782527663
4175857912905501631
6872635249466805294
6413193014604185910
1637170508417774925
5580215200173357641
6497215990376462392
8313801738048400413
118758046589531188
4686625101774589244
8615440552128337578
5019062948819674105
4109483172259601970
1829853290452884613
442088580601475660
288494967318554831
1248034538312770439
5210717609699176574
8468363274794216503
8080763228537255052
5379150883850651249
1222038082696306015
1117538438057199987
5590837132935688254
3177305716103844985
6123220503576800442
2244167220284024131
6588376037443065430
3292667255227606401
1685378049859245681
3392407526001791182
8778044576399783343
4628645619232110967
4950511264445540550
2773095945416952165
4597231496090875528
8277669160364624952
379434647129714202
5018898484832536066
7800170196992582810
2139351477611771306
195777506451178635
5058213705453771142
1979675387822598796
4877162705256144882
3018223018114080248
3069005354021006931
4524625794680696614
7867794425475904116
2878516677152246014
6734600409192256501
8060172057238258174
5485729952721807292
2968172326647793917
1482367547691941791
5917064210525458170
3343111025857746736
8334035270180261150
8853745955973980506
4877495190522693401
5050729788467555253
1317813692410943059
8671974330481707008
4332245907678687354
4124292600958973559
6332995655404481672
9007615018241901393
7282868475604862558
1828411872548381758
246605325534005767
7450829812098579056
2938476466621223949
6206972616429927468
1319091355441979607
3137082386075969
4797392009908062335
7125183239142042545
5361543978159596907
4599482430901032595
4934461560069673882
6260815455905104920
8076760025551766518
2357558481149286119
2738543852256432571
5660149819985608009
274360047712139081
8165186695441389874
324822593048714163
5358232083063057784
1772281586327790654
2580681086387544441
7878864949573607541
2096820433434634936
7420484585277021724
5290028349204075757
5535600560564214601
2536687907663196235
2527154146300187851
4997455206839881468
3191927053244377566
2775068690447315576
8313167776335605302
669155906732526038
5159638348342310500
8260206894387603899
6057659887821413118
4815756943614665721
7796454075830115602
7706211163174106243
503667742372624770
8122768573496721144
3075107917955572708
4138767457135258092
1286929098369630604
8696638487806706633
7816000676853509946
8919035701632065612
2133049489655061991
4830301676249290701
6113154428540154793
1963076144061322604
5446518541384581974
6738893051605291886
2028432138699901843
5661483456160632280
7219689809915310910
8893502166427184517
9153611891083698156
8165115448232401501
7971246864645017476
115987006107787908
7171284889166289549
5086829924016975255
852070083584465642
8473826593868771130
7603601194355869712
6162753007893414098
4624613993289860038
5228085590411305648
6438213968216247528
6542134759360931655
993752824211317598
2662151259817750983
874256245727663291
7560069041101808140
5388371863983756175
6417629572837114975
7361464996069414522
7505550421394841860
2359408096299091661
1436673329796234637
5305915423735391113
7688971111890448800
5701791044324045289
6866096701257948503
3287466007742314964
1692701041153170305
4283939371360298857
8750818667627805460
7014221333310705919
2543778426570320759
9037060382531159572
7304581965871415695
7070949238156090762
3825613829042900163
6562146561571262497
6112871911961966470
135156562304321128
651781632832912232
3648449778392451190
7492163785259725963
2101664455427775906
5831964505639609075
9158728645599913904
3430663261740662428
5622862737529544579
6813985675394096318
622704968611475584
8011761986305347101
3844419416898390242
2248522068352689465
267852525918400178
812577447395810689
5874074615067068489
2656947610697953057
5058770122346417831
7604082325246895367
7410763137370221177
7079909826386116512
6509394450692912268
5905397138800261912
3784180921431845279
2872950547779659163
6316494552270634119
7713358975736357005
1870850754834389541
2355394631547107231
8256014010493727305
2696925984574040489
3248167255609386877
515544400934962920
7485839767095238643
2171425755364235430
4873918507128127788
5024577297296165461
1153936606678279140
825974934953059351
5286372681770661283
7336060619380875151
7497523259108721919
5252694049931176143
7135140785165596891
5124666429928437527
4873304539469891223
1523574101230463937
8814911569251676604
4517143672612548868
954656708870387816
2234882928820641143
1589441007028171183
6587063643735766578
4825160796857729208
199724666795035488
6566260345510861800
1608838271387478650
5421637262801645594
4917473043985743442
7007628484989972527
342027775838631857
467471372356896537
6194028443913609783
2691165226517340199
8414701475233966925
3958826179559816488
1059329981591209406
9147950859506280474
1938066197874041841
7468735509767638876
7937365954345357551
5970917325776421379
105837788370249656
1699817982143411464
6066655010306604571
8156602798504285560
4027299152779387902
5553594016932379178
8049755922953093275
850871140056862150
1801207873951664668
5380973078813049524
3322831499208105882
8789464172322403935
4115915120153659045
5211361562330411472
7208610010640604588
757772153646805970
2363965433466709212
5257052701915924370
6640827631335334549
4140048285290692495
1966699727160555318
1689370386788507838
1543860523778569463
6112393482144816593
5886423848522322157
5998150179078987642
7234062757187097026
3573597908735500510
4205536971900528683
1723342824191169204
7477257137655769566
1308258436260520974
2041104864347289055
8679739520925059713
8092884683251034012
5740837057451594498
4136767482443540456
2668559107232724225
1614023223534476565
5027917106833375491
6943060108921335666
4094790742538026764
4300299979326010500
4527979440518434111
1078536853184758012
5774168078287276196
3170012397687615900
725935841901561795
5658103478040983308
1494623369620335079
7032688346790139325
3707007814044385982
4132479122516725103
5786111141663117552
66812803512712137
8620764233859977610
2517699435377252319
5018885705277199170
8383661180732760432
5178432674992030781
7257659988472482008
2862369471944217549
1363077129521450488
8704205113365619117
3826671500847002402
2156278464758562323
6896521520061118502
7868811382060179114
7698875307632726881
3433472977695885810
2889170781217717795
5831229539167921497
4994674477448544589
2453309246959257225
8931169168806221148
1676351960151297806
1711907081294985100
5274649109512944860
1356061310608325837
3692653667578180476
7389437571889329954
1151282652258682574
8023802904464032928
3170567048787737972
6867215175520929723
5388966548727327207
730304750762457494
7699254022370510276
6568975969350838753
6488685771023057060
351775491720728291
3172625227182701201
3373135376092434668
7636150839780905652
7424942244043509175
5715706169612792758
4560668556821145127
2030023230145824531
6345409209797706343
6109396508748170998
6258851930538190746
4222223808466715437
2125776355690222195
341318819888006823
6096662556338139867
3692281920181120154
3974221323385302280
1630566141272151948
6254453026406415042
5434431582809802764
6984635083490899694
9132176449042975131
4780092642039895547
5875705044706305778
5731481204459527811
2919349662067888902
3377219807379704133
1339464444727240010
6741992665948325708
639850476609470285
419717388248937935
9069594957843737979
3052759265029860284
6768068569737016832
7771402531393921539
4621523888788725750
2942628843473373742
6545542480108182387
4683127841043871709
7013598451885064530
2399238966701920847
2187397917075037262
2255237607484956012
6214570682760096335
4541803780823566013
5882129976379543743
8878531953180125810
6152114733011034021
3162659608945385623
5834629221165072443
4603614246556586026
6479854478487656797
2213905374060532788
2479993691695291871
8030388693051606901
7978737578827815315
1025688608288950529
8390060654241841830
8481532741095203404
8489254837842200081
3450731337363948351
4520160926717642839
2009476826487262821
3457850628385769978
6061692379597287367
8021419708574353819
5086444219443011242
795454499302028573
2555962542468457126
7883080501624437159
5666253375355490294
2058997040532928556
8252481193110640015
2419887251749592092
4155714670925465810
7347727518815148062
4206678831303717082
4495217228592147114
3332035370962857305
2264567976937082350
3287559878862903538
461885012887267412
1735252177138740629
2401485196425040348
641268379892478186
718507711584087981
8540934137820718015
6667823598537384378
4601463791846766461
4734336460523467437
4656695030065514618
3046793396223142106
6232707336459953073
4816124951271968326
3357874362596006318
1183339407843082573
2564744335104544390
7968967504013569390
2801323605228565335
4656972409669879682
7861693444580248667
2391606091767724933
314195794290431527
2899918235023077389
6629777583655707606
9212391803504398036
3082137335702057508
2130845869395550716
1221385076254273029
835482724050578254
1390348601957165696
7978594902522209353
5697163120903514307
6694778022623302827
7899926638621514388
1238266669333850855
6751391262284075092
9040879440644796551
6414519784156445446
6341499636734181113
6822776791539862188
8177426577481780662
4588487593224332875
1902887679747689971
1416233993984520285
4972373491094750415
4700876850977813156
1193224966863785782
6970782569927105164
4314319159256345774
1147262684902597655
6067649056439665774
5066453057529601784
7870425642501574353
1595131374980435885
4650237347528631821
1633172698816469280
3891440115541205000
6128997795801204979
4510887389230292685
9213513490442766447
8803359508356513578
2567731980165452139
6238793183625681839
3679073732600490894
3854501913298236738
4886776712394580511
7808003045054565930
3177596632417686427
2898519414886208938
7559493339730065025
3322469265952882634
8131960633621592856
2099116931853665583
3531293155003844953
3361460425053788169
621683730282269287
7078749476515599872
1461969975880695236
2695254148333973628
8872974117993877641
9195883397148050572
9137013088269764623
311905742505840636
5319534110550794579
8252763492517361801
9203333309628323123
1025463362771589962
8039890582922394621
1452541159544268813
6140707486917143577
6973091827384810046
2172932772911418807
3183624004816044572
1863200934934962232
2789645847343925605
3950176316744777109
8840859938371020051
3198057032949796413
5198203026499363631
1638494392358175791
196982065465223104
432405187521521235
159584787500013066
3888006019816300330
191456211059725215
6718081886948719311
8314415568784780624
6127405053151614644
4225055687847457040
9030406335965044596
2575976863398242346
1984216982416006853
1748659944455629736
6409514879993239052
6393677137055156239
1801069338395270589
9220039695034146516
2375429702592834891
5728659826848985381
4936260172614433010
5957915913972500729
2887922195007293664
5521660934458799105
1714506005389165461
4945334208570263545
8716873387351979891
1292469172896433127
8039232814800605444
3572408985145357420
9204540638822610808
5401724206208618122
6006770072927616203
3893610026563612464
3954912614432213937
8078097213673035130
4590778468161389377
1171369735381754601
2881075904558689580
5582923113978177435
5403832517597108800
1129971532468798609
8131896770077483202
2359530437953913473
9177409525390677356
7534087006235047065
3169803828126063872
4770951083418289784
443574966473818413
1050502055586684276
7690119147032927241
4172528368621702884
5059996130532098139
558704146460988755
3011293371967235344
99505621881169925
8599863346657021548
1580345221845902909
5728542549854265953
937474738518749905
3176734395676170456
2295746388840303493
1785233527752747908
6960762794760630191
1762863118645667090
183089706832019211
7164602842015390588
7866112281920453701
7562708904180148857
4882238984870181771
5683299460934834601
5899010055243430653
3601500224317124732
4985926465065271978
7851548371863585185
3826683618472934410
8271287192581070470
854243732309358153
8232200736886232797
6444677064099979162
7905177962438763185
2997268632044208173
6320122515663338339
2737914377042373207
4494981010445289994
6306959467725810801
691978506777986209
