6555846559378829819
7815100154152968662
1675513589673783290
648722317470232956
7969895901978679388
6371881547918568918
324410447092160037
4493522990319063002
4394386108627722846
8077487261610695062
5765335074672056154
2021240709726821366
6754081300602643902
1135394206164815029
4735966278613233517
3848694455128893287
2489222295344491031
4666152496477682478
7977189071375436474
1779604804974620028
1179672156574012309
6745131662682362303
6229060949229740222
3203704551713914061
4512214494529581282
7630978681559442611
406231696555255484
9147167525708677429
1435702615602170684
3797447761841268984
1784362860552278145
8085093850767484057
4597217218230790903
5971949386487416542
5402894819533049284
4941785226599217
7949783275058587908
422158711364316341
1331065590247606449
7516912088158152537
3790941747502107338
5239500820052897644
8933284965409437239
4306357864235335974
7861244521601388390
330453262610338138
8235075339763780537
2198475214564921230
5870768237609592131
6558609174118118933
745283715603060438
6304977189206434370
6156856563236092647
3823533694316744034
5144510317548699831
9167149317382178312
8651852748319314717
8388819237110439211
4710379814357801637
2765543269416552903
4654074391705339045
6896366501316028993
3133109640382315866
6387252891455913841
3144417042933531383
7343589860861333064
1850374236105502535
7170226957194951154
82583068783027523
4084392359603585186
5567116100748471994
8054678195710384891
4316903277869089405
5741142639051836987
6537341515611098967
4730018259887516030
7075480150102448264
7239386059985803176
3181407587127442030
1156030459085332066
1493113676107394698
7012473533977802418
4983013334225904439
7166828898443427514
6710719893564251466
6184326245695676002
7126082760898729761
8163603497305455679
1357063992169162042
7537301894126273223
7226155227221612023
7153814988056924582
5656097226375533206
4094643099296996308
5647407485436376505
971469950598729773
7897336622773774695
4777998762087376661
6465473631083874061
6265464229592507601
9176334034830867204
268262210493273870
8781803018207663251
3238647074516317710
125216796420928947
7471925079415009359
9193509925531546746
8744385633941328383
4619635083481855856
201027068172022485
6217097461181533884
1723481130371280541
6257864122123527667
1935261529876373306
2572008691223083603
5132513304552278143
5039501452161623268
3584149755208406000
7930846995309068064
4487414885009367361
2778897325454821093
6172229957779192205
6383009828881555874
4736730359259655913
7696165863892310272
7309629627768816263
9107677136874704806
5416647204077607356
6834081449620328962
4806487816793537490
4190466865747560314
4532970272712563156
477444749019333804
8269398199680759140
3299798213565058893
2272294539849935109
7711551916592653372
8519328794852596028
8771710825887828214
1562739634185144513
2038809834123171342
5519279060944104450
1322962903499992514
1379567909534956691
1468091433514399292
6159521283872020709
1029937019525902772
861860672516857591
4405964521241384289
8061997007400772823
7504045413623338543
4395655214157731784
6740719915052809782
4211862244147547077
2109359718115313790
4925791042195769992
4291305405642583181
8326676898912973970
6837307394427942326
2917337399627179500
4673304540479931348
1291418915555440903
2842407046428958753
1137853600446538974
6731790501059603897
3659367657388301961
8293575210023633711
6774802651361637459
3740549280248106627
4606553153956129409
6391292409534819176
4331151621651681447
3533736295079775804
3510133686985156495
946044741107185640
3167754988016963093
586119187396229434
2214535731498552550
9085459623440238626
8189941735668157474
2331736042555618080
3521711685138069470
8772597082974429057
8444775486227439721
83498798531924558
658740280464912343
165919254916334667
1384913937145230216
919168756212840758
7030824975692845043
2072088424030645527
2866648413283432658
4632560786571020029
3413047599278513518
1910901387967128157
1891333716574966696
8939270044243793608
2304842833156352006
2370752352894198472
1174837278004617682
8594810828820056905
5903713660035455259
7728011302205733744
4181701307996607727
1901767142773776960
1647659547558908836
7326380105036922393
2698584597394566633
7967156180525156764
3015291396765351694
9139311283731453422
6242682784039101405
2144362224769373636
6885381643005898384
8725196657003621094
474802687897835196
5548923873438590996
8435664560368426961
5373121027453979609
2319854221202976254
2801183338063352065
8978684479957006259
8900072850085836310
6959946125223902921
1945440735246770838
8121121502311055589
7061329541654986160
9020501263623261979
5866732105105310132
8768266606707532183
7487685255870051454
5848333623129854938
5351087124572107912
4758868296956724043
9078590742849591334
5356976702048623644
905567445962112523
7620964115131517769
2434932677123201825
6822617434936060279
10267722888615452
7128316443830112660
6246919957440459101
3408658885688472813
5122097657174049337
3320278980941019627
345455926082323217
7191391624334236361
8467367718044322587
92863020344511632
4165320545057353887
6934991163618407662
773590490025241461
3713470556242928982
8504863976812007601
5050265440277028540
5387510688365736807
6706499853513990386
6518179223152084052
4249254211476232518
160539893257508928
6060798632971386789
8606717832137497480
4857125956405764565
3916844468931857623
5693955855129392222
2074893081673444737
7044561308871174813
7830731594011342527
5154735883085710158
205729735938256267
1006660457217725713
3351958046326741626
6155336821968054452
32347683896641317
7718306278442166269
4376154020203696556
1036830105423293885
8265868260761601168
9056474717604408769
1115161441926084014
8964530799317059653
1857627008392284529
7706280224813302029
5379844556907457319
9038133901346544774
428460007138213966
4340795249170453523
4876080502158830084
6219616513475826067
5826841782618600878
4268188913152688671
5990351907792075523
6603540782476766346
5081921877239994163
2698188373302949695
5206665400578516841
2778230302148383388
7349698433077781886
4962648896652630520
5154078158755471322
7045341298701100904
1623762157966284755
7275350369926977755
9076460017362296350
6305149914707666566
2587981534368339197
7850978724123565106
7487151820730026991
4119847020448844080
629037235142336210
1811620554896571685
6634068089190655307
2039466005760541160
2367193746783220678
4310339546909481911
3103656239454188925
6244956552846367224
2042240535978938635
1134872781757566225
2028262483734339710
2855561172949027915
3055737716138515941
8324342607051180224
1442946342775180902
4505961141612790421
5329516129378711805
7204403690353413787
7038209526508406905
1859059562301547796
2354211155983632210
6266270233718582197
6585588290753099387
4169065053392769673
8954949599683650930
3783653010109701814
5695374293104811288
6735341703825854475
2307045368363454746
2313591545896018007
8882607941450717848
5102774009007958623
1199991739514810253
4389381842953505579
6820183864580005110
8605745076507143810
7770596695030125685
3173780288014419454
9173880993043995539
5396717403586293987
1703535341692461556
2541333974757307152
1626022952571455565
4661783792995732274
8668763160758340324
5940669995632407548
4970853590441916759
8034047361670218815
8560472761116505635
6283951780120180911
41019991427633726
6866924889037732777
1126361799251346730
7693669180937939801
2985010431198044560
715114883967893133
7061052567584070152
9098947013733784165
7448886102560505020
1378892368230513469
897720134184043235
1346320606228452814
8484111271860932817
4639000812832953957
956589463995550058
2737638010271195531
4425573155276591259
2341154494533907079
6436554683859623585
1687318195307448191
8937603829059181134
7008839995257324421
3750825692938994733
1570578859373532812
4927941969178972181
7983460010641377772
418155285926703143
1805805083404303312
1057522101609848880
410568763583800014
885227983283503687
3362848065616458580
4950960251187611083
485743417547456308
7890065701643932348
8694913723701760356
5046314908510300918
1440692397844406562
5566709462491874182
4565348808879816786
4432324805791256620
6636277493291764378
2877431804507619364
6787266128079433608
4268859128117712201
4980753836186464875
4423738736451694626
8562178892092599952
8077061340554917369
3796144564820023400
5805828700401177854
366649463515499363
6551488080256850685
4803357691210017175
4326493379825514096
6991970678788900587
9575771995382271
7286461610661198460
258794488494598362
9168502408949205060
2804837720079607456
4289222284259377100
9061031651187839832
4749217337917115093
6586211177831475967
4688872767064134036
6900854139781962474
1761077796072226638
951080342457036879
2851907560146550756
3466594866928213096
5956604891528641780
5292921471398681892
1561391625234868887
7663729785367723226
7737912735925513459
2717684765068249614
1598281458003620925
7508654640753714628
4630427429502488167
3980731564547507810
8547796947881720143
5980965737082423396
167896821625157290
817561820650322425
1022879156570660132
6425613191153880759
3752001368145937789
7289641547993039547
6517422675650392699
3296998470303565574
8348286971837179926
3844369727911499824
2419362622622282136
224162930080787189
6810425300679959764
9150660125284121831
9089923311539411523
1687162005594353775
7865826011768054378
6670299575098180581
5107227956787257887
567174382661385213
8938245387033468575
7177328100900771399
2480533086086802103
5070578830368762763
103803815819956152
2119016376655551569
5807091161411647380
1453211534899170515
4011344192503705591
7641789849592131937
7782704582633211122
772415880148188794
434143995063199673
7826274723456626634
8040228492729861605
4835171229749265520
7567349751993087950
1612246138089741996
1697526152231116564
2982144785670983981
6783674302901743799
198146967960794023
5312011100635225472
53069639773209613
2183131109385880030
5571775988626267924
6173719181423050768
1750735368941493482
1951182955728547489
3998651398008976408
1308350775595593682
1039784533698454440
6346965748418927420
6833410234009651417
9092957806864855322
641787096349684124
7714702351964650041
1273073712506169532
1177995451658332303
8167685318163530485
9007411053587450116
7018556648214826315
5653629860161853326
8860341749913431583
8785006702685812704
2032418037048624883
7497150559038363432
465371772726118993
2888691615832503300
2423166923858214374
3881868094196480848
8527841896015605061
3294584502186846191
1741123464344073869
4618789969682529556
1152074118858166707
1237054074873303669
8594011942700124618
3210499950438922415
3875042681778645430
8388978102668362892
2546951024250252508
7097654090746548861
5238072827829760163
7181481774520871757
5100568567826887595
4347604349951126681
4008540353257813309
978319137745626283
523354529071093147
6079244585148780576
5391860574024241554
4243700042135922272
368843682141742772
7077209640852229254
5537149264833269835
4431471735186497742
3127261845735382119
7343810967854374314
7857830501059900583
6046011334015482576
2776917582107951922
6289781009262453148
3992958193001472449
9002618697834246860
7474665577360045639
9159080209761128823
3281119949544156484
3148931489680366271
2014753966081439071
1339941748947293472
4006656235144608572
7069014438641285969
7689777774392414136
6549691990649480622
3013055358529458933
4841366229551830926
7085598811911447864
1159990605879969536
6135200436487216574
4876798718444253932
7748380793536252014
6511283622133928161
6577715067177570857
7429839642772477492
5678658397307958185
7314357468985985387
8361639883129223460
3408715242221119443
3898675656019039924
2743140760027366541
2642582322049019029
7904762544872893565
6376938469872913965
6575193393434332822
5144911229119427053
3542853353810646552
8471323788358486196
1728756737624930760
5361129714905759001
7485729772482835970
4767893599899534003
2091604365103416057
5906253837013311946
3372506685674988025
8555672444062308040
3978557163210186961
538906454268927966
957661396649173695
4970697126935063391
1425048786840423827
2419765226519333679
4754762611988801224
3587259925411433858
8784567069960125074
8180341513109734758
1421901273675805461
891542318016615365
2562488228884019318
4492886342165884296
8160572051783306295
3160666375693266179
48904967580448836
1801126496702642357
6287424122207704941
2375381127407894668
7370887882778594578
7384064021296087431
1053569233487358326
8685473093814586925
9207018388542877885
372924962472245817
5594377848142533099
3243497067709424833
3362146902397285456
1403613749379189368
5301305958777993779
4309174494179234483
4686475234802453248
22039821860411466
4192757637036952587
7207486471234989630
379839987092116231
6441388597970352302
625063280477576825
3462429621459994043
1976542502816881173
2014379876529357068
3849315218791311109
4691558424824847714
447251687982889210
6790720377891634398
2562064414853517414
2267744905924432977
4769373291750322705
8800208734735377190
2434897748960085247
5847524363366424899
3628408885238778496
1383834153457112686
8847503409242631143
1768479317592769155
591804825253763458
2932540864136330686
4747531211497657396
7977138830324093175
4135486083831252690
6647512358769243053
5074427168606236167
2017771457917786329
7949307131968185863
9207315209822245651
398221893693811056
8129188033491651745
5673225684782032619
5065065162993036334
6575011849162795790
5629338777721047346
6202032419158548711
354346044111202518
313708694748042596
2528295265872121983
437968028690636912
3251286686964009211
3320768056494495585
6367908188163013541
8179424548892616784
7827945289300320403
8711126505425405565
2685566632886374042
6282699041896759155
4583132413631939724
2960014873290646887
1648286450828242986
612603192011408387
3812059995042073958
8740642014320784031
5079949494289661131
5391030819311240528
8526162824707539430
3657936813648850310
7606035523501302539
509523630529516907
5959388150295349241
5819607055932908794
4781072175911927197
4992589106221286710
5229918472249850166
6969514382058849828
6129456617790105254
707548444123561409
3229453744710056971
1194723606502226066
3063147195188612508
4588994368198312182
2619315718266282810
3333579329302719872
5855720895369222946
6598487827893413384
3823377510745280529
2140559452847211983
1511231616761242633
2535023065627780145
7826855854827376488
7616691783343814622
8006174946418787329
2276115746421137057
4836928532519938635
7633871437174643575
2878980472062721718
3950869453224278748
8068810544968272718
1377228783709503444
368923889797179775
7034659281831856309
2746360286941940673
3460105276422632618
5687262898022311095
638278202361347342
2426563943347895034
8336499922465188842
2709064690190810118
2551844686365792080
6906777507631649497
3003060255535608282
3759283221604376161
6310297917310901897
4603281633944291628
159955832631888239
5952083602682094833
6554604675118109579
1300503124010089435
7401255832281714175
4521361166972230257
2144422929793555905
7013503358799365259
5548023579388096567
8373202015500715292
5418814590220610462
8079385701261582489
9164763451491823887
3307300950501525811
7190128638625184343
122072179963579827
2811225714271360136
5953423056007304123
9149237626956619148
196424365410042488
6303262663263664812
4503498999010332851
2642183157615644768
2559386824747974155
7388109306912368270
5622299273447740814
7702192381584132566
484294277938181448
6793789554826019395
6394993353533427107
7681135706741581714
1876138186764044952
6042040774584076663
1054487817786745651
1612586755582142926
4225688175222773182
5713089074178385788
7638384663974368323
452445243583834362
1007439370456618488
7373577597409288021
2150697972498176194
343276885675027435
7952798103019969762
2684862561556861304
4390592170688803717
4186477020894869683
761409444958758965
3170706008138431579
3071768352816193391
2978462778155810523
1441533510200550717
1051490960122348427
5103227347331055850
2285254510443677192
2848437793009862514
1636205901716447333
6816296187324915661
1290348510463727118
3840193419055193469
1235572917390091265
1895794355338216012
8759931197616459285
4595413887584152631
4794211437991486188
6196431041506432127
4619039448280898035
740930467175205711
647261577546004384
1371157336944609467
7011469955794015752
6238938066526093377
3724438360646831109
3283161970901978289
2894106881965291619
7254081863153398258
4763299365989522651
924041665316601723
8096854984347476516
2035538911994061173
7438916407607046795
6079131282745406578
1230269913917528704
819023528394165139
6601614644730281539
9061302730780834270
2692856828984629536
3309091756446778745
6137320417770846085
6664628303985369436
6976490197508890925
410510860804188211
8830043822982747480
2361224013194017424
7387874993535418680
3659795970150269726
6807839573207960637
6824326881743516420
7366478587623474638
4286266079018607735
4958496093776229771
3739115695008110707
4923556316711658216
957119832648455707
2778560504737750898
4421693288297010307
6012694012551527660
3136245208409007291
2705430154894902961
2965335902874425727
5533877103302773711
3447962134179833223
43835292236560175
1806307320497861404
6333608333142241749
342386158108651012
2652850044937634481
5809706951848230417
3400486390458597258
760480242268029827
1043636849438700582
6863132334751666179
8816779714440809413
8920148361959167121
4605125396095305780
7578592792827347602
8933214144956887890
9026595528721823719
6679844327038553407
7085977241917917007
7837164384019539833
9028822603487215501
5926417142634664773
7664161250163164081
2265504313232371635
5674302998316656345
2580305119776842607
1592189208105412205
2970605720694155530
4418320989511113831
2873813945186816573
7115857128805197683
2966435399690060102
383677500900418323
3100245899322451015
4091935898014240645
3366396111631522446
1055565424798174549
5153084543029383983
3219388907320983585
2407728811304535985
5865822124365985039
2536846004645008179
2090399338910652211
7727969317721412285
9040121069292510846
1488086404398329831
5335536610604816944
5101124076101709362
1845055090355811677
6783458306286646687
5116067823269762745
4737634501317448449
9027270483972906771
4898120324019241550
1189002113658002846
3810956216998814700
4648028900244804902
3208368468907652017
7228604062954343171
8544351498699988206
4674730876119830868
7221045277107873909
6627545520939694497
2817884821047853792
5409900584635519730
2721426499792329912
384033676699842510
3891507063890717732
2821351624822524652
8653296715242897732
8740047663667751813
8435505897734764096
2256015572507567794
8870985974187139677
3743978392836699415
2397516552735105365
2403425380150335143
343236916472210185
6786997217258198556
1120960540252538045
8445825630740734601
527796561368656170
2096011684597827583
4060011993896724964
9084179913725752088
2012205656701809553
3253783066642838971
1961553712775391878
4774196254978437035
6508011505768217236
1857600953920810403
1735482870244983343
4183064072657186690
7392555570619609423
2172768257049590392
4882506421855754193
6704238262409219109
613502940862332790
7489833109887265258
6099485750991888663
2739705522147542790
4299947545550355883
6223096172396484232
4992612001249828788
8596290587792777162
4242368318227881764
8062788882298605510
2848278190343053239
5001985034964913966
1408871822767303260
8123015053973152033
3627174152465011008
8564811107325659982
8476671780896759161
9054654217235144297
86198828338988287
3050857605286824059
7585411102866804806
1258018812073865260
4226463299815491713
1709887064998918450
977400025836991117
5780189706874292835
5466557342051835081
6991500224243742320
3270473736137690697
8061648495539958843
4189508994439959238
3059291512281476175
5604326149464327370
4048694213270613005
3693401426098517290
6474062804772421741
2048891576451009741
3519451821077725452
2408951750945285868
3881343671856232959
7087595089833533497
3032320559321992771
8962764410414337387
5013753756692332588
39129650941754086
751653894853774846
92163119067569495
5638187648531726939
7783042337172678044
8386068778966827865
4119749582736174508
8605238141205389121
7674302256120912854
2220193250209234582
6105418183949014238
2444083285765650654
3484086044957743914
8747068686048988856
3594292673474313805
5914692751982250660
2634365721964484772
