3730082951914988192
1012301225226670905
1985303260069953412
1688276126662305393
6529487341968659456
1311976757929996445
736249770585652456
5441873167154608674
6591270665929598100
7760226096939390363
6065853982290569748
5695647975886188042
8511241119034139235
2882521557257466851
6431555340857647747
586326882006764007
4781023014121632969
2630353649282382737
6024480427729183568
3388189893232285817
643145220708718974
5759911397878111787
5103739466225601084
7387858003998044930
613236664836115178
7309320287399755830
8261702923968453854
231679046222366705
1023032862960548326
5271211273267510148
2932681540466235673
2666638748959675057
5358492634861605264
4978725969299964968
6918917019510944232
5098102301829774382
6518766742323622343
2105731186413002045
3053743197346442659
5923887029050721227
1901846970698226825
6750030524887586405
4727253239080665855
2602379407427328793
5074027143449069555
4904853639695699426
2022336530377296259
5502135992277288431
5477694482420075885
7921531724857932963
7145505832595689031
8483477734964309402
3257443578955671678
4760217089366561860
157740839032820789
7224861698127214003
645637403892495278
3094398490259502303
2905760587289596506
1165598733853936348
5855009187502869848
3229270595128711987
6296302279582118455
1953093786664545163
5803952332087968905
7515305218615852033
8605058096147443132
4376716665250343221
1106133627917707397
3715596301725656335
7760292550634281731
649704105598904170
439376997757733852
5324471838770897751
1875045342419159031
6668531239673671297
1702283688308891377
4079784026716958683
9131318339372254253
2802331918698577083
8731698824909707525
1035705752050877586
6445463666795086047
3266190662704544697
2011753134350715365
7938813009119398072
4930987024544867028
5861873290624564520
8940017690793976008
6835516018691865327
8646421172583382582
8246860216805739694
2015514663193705745
2062313293417948858
9147889954843976950
1121177536574226282
3322895041842855510
2949548668918925739
1933166529299915014
2343229191429864145
7985051155515232607
4926501741053043243
1713247502393251232
6003379338971410510
5566487946638689018
3147545831186905889
3370717315890045549
558045843813901228
988837199607237823
2974183739889180665
5113252565992728609
2428513350446998993
2691194095806635492
5604623634917942734
931120539566101093
3277852110232433948
9221502889113229925
6199906310294893995
2655597853876047548
2604172075991816872
9029891687503519060
4047088556671423725
3521871051706609818
1304294566500965349
5986022424669079282
74622978046654505
3021796239168767747
467614048857791343
2728899217787793426
4686063642614432402
4896531062553936252
4759552240295368722
7330059059653336920
5271902017407069444
2079647579858325150
6236899011432629160
7534322898544659795
5801046870532740473
6381750403811091459
9133258178134930262
2091568350299902935
3695484348841653520
2597463461817045795
554229899966109625
4812541831104468797
7545629957378862785
6024497800112493706
2687785191548747624
2823178300246304128
5756877072895886839
9069218358419346251
3910788289222441405
4618254002490570638
4518560516168333699
4053813544497255528
1887727778886215124
6595818345643117754
7455133071106953352
547086332572767421
6888145160017380467
2465049187486072214
2630370526019839159
6759589972782841650
2436815395840951270
5090163617144194235
3462949689457331232
5339845497400052529
3950584486558491550
1023121393393226552
8152851301333764028
3832627963039647007
7822758740570464458
2164156028592237485
8811955982657589949
8820446881926338322
4619713845260811191
7892263622177695239
7853915498120168077
6689029731683050858
3628877155256496236
7322014129898879085
5422808893145945063
8316761588145873245
7075261122206493731
3758105291158628731
1734752357845444866
8228337187430614434
1712079147063801267
6612071142769621909
248331708181806991
930263341572018140
8481041019409726898
8363872693627911256
5905944144758836448
4090324599009121713
4339626640525061241
4698230782946399896
5507046600418024763
8282415985700208936
4860127441473688564
3541801907105584637
1698035870299444592
8721420828100379634
5616224186074344744
2473843594417986093
4787166338597466695
8656061777486590460
715435124328541168
5814974022441929639
3827209549085741372
580359583103703050
3180971172102901909
4505572438035977462
4582155407800778679
4116866184617342727
8985443085429637468
231201883865024158
7445521843766461175
4886966472942493106
4804869779317861870
2079407238903086404
7205799361635168215
8268827143427679602
7844886087757233326
7380108794743361580
8063172037363790943
4758523038506762278
4931068033064578749
1486911910334271700
3319906008938921276
1429497305273570667
5942052893067308214
8667682768834731009
1712868209457324683
2446630532590884532
3525980137274467789
3054843283132949352
6266560518185887726
6894749993666835180
3531543916640567566
8615531820269643179
4372495121179638244
7355877076980672768
709770832602039828
4436903998619798870
537700467344897825
2077707658390837150
7362448288960795209
5312889606686653725
8108025304973890143
6343656472460242063
6918681994280800657
89483153696329278
7496806026152891724
1751217715846371988
1902778435338252781
7927239824453209411
8443115756977782532
1153141888599775614
5032620841113262020
1357366610265323308
73411053924916031
6351061910248411289
5782812660569148310
3196313966449828549
5617414032409114352
2531830456526559880
7525109907072945477
7832258978854201054
638339358355807335
8413193897898042985
6144781686362842181
6895783951756004924
1463079747024988573
877665257833985234
4874405690600043410
666396709202299600
5297337556721789134
3688863805865433302
4148940063174206721
3033349541875003912
8144633278324935832
6720520832442467006
7698469767602578120
4702936993500500727
1171003485524247111
2194428938502290422
8887993821788725528
1715414410755887916
2537011549686132311
1988575689756057254
3507363524076350008
7685791706457606132
8924224107087553359
7053649130671487309
8110666578571521225
6224701425836369474
5344467372793865578
4160549876272096864
7498159755692442947
8582063061173175383
1839325546198081785
6167510781579223365
1626878140575724747
730677022339134208
7902081348309996949
7478541803026627955
6500097966594295549
435799681803989105
3962920332998656943
6169589065704316367
1073386044245108936
1902207664924617395
4211751827048956167
7501941929825328158
4621907585892928144
8095254403395277942
7999291020310894657
7763478106661509887
7380120245090678248
1602706602412842195
1937530212715282231
4354202015530607643
7784536771955076512
4852725866663972799
6181035798378587164
449593874029129101
1675614277136393462
2554033298032022782
2180121594877842233
6946332136647776229
6737466878167594897
3437058898623035554
3978332007447052218
5520295132436636656
221122006751849750
2096321498409658841
9132756274434442985
1958434769923011843
3709747012444180605
7743384715031672516
7908829120689534464
2838684297816586037
8189486810633930120
7753530939116675250
7200312991626862928
8844594905576068120
459052641725703922
5062508903095494880
1392911558831570606
6191194666944358197
8212382392801530657
3899746895405534757
599218105987597841
6619852956924460667
2214811849657322490
4622099113234684481
3681629320155503039
5412780485749703530
3712556159846807022
1230492583963250394
1376224401119754805
54212115073638108
8668662014378729871
9071098486995210882
2173953966358691693
3561912861054393294
7647844448953987275
3407048285187209094
1174310372490371646
8101016453647313472
2062232927466576545
6930831795267976372
6301633880141223657
344918104054878920
8733529111082308121
585599419753699875
7807461050494674317
2310717871381492999
4923222183287903469
6021103550043733170
8576131906218528300
4738343113035962410
9195207598198579461
7923238608213149076
466943127399602995
6669806213136902946
5890037513843749712
6588818034192877282
8003346040005296226
7976105315931929480
482559950980714436
7580332497957093893
7119036766787179974
3884836892303033693
2212553245734862023
1513735663426256220
1961104112665190468
1392000279302629569
4611722250372296263
7020797155364370384
3924001884469251885
1754536045762179099
2495926396645804755
6007451292155470869
3269703660033323453
4745437826256194970
7416830495804308132
7550169922914351862
5198537916706146793
7235444882187312584
3910247887899967749
3881329711245235747
1140465517098059002
3772070979890918686
5532807731866842326
8288694439122693051
741551608198120603
5327218747674335697
5648939564691090113
1789756981556133211
8271450287516677717
2590043936457688416
287423889724299650
1731203507591614156
445876182119403126
8383794005275908074
617710805715026733
233896094591484241
3406800794750443097
1456392741247919624
1478061168487869978
1537656322444297055
5865151668005529451
7326189426323364470
939177257087134975
1794320538284860286
8897014842024656221
731424128248144618
8911164649894472434
5331527866772382219
1587265630234172008
6629367193024704191
2395988366312842197
2966144687536887611
8736034489805895397
7188283089090689536
442654699093583915
5409318808912790709
2184039450728931998
3205021202739355164
3308985100530655187
9071073197429653097
5868093365117424870
7451829573494077807
2392897528663315534
8559127241360494055
1218999697986396219
5286993830891815127
7479724899375487033
2820552580150936171
4982895462792564708
4736777096936856074
4651306854165295712
633019191816051883
1965403672300667751
3270214642025145357
5306874308171041571
4888583821826647299
7643695418911412802
9071393148284349119
7967307968856006944
2534812836481809792
2321512019417306364
702705341418469838
3198565093913997466
4952772286565433110
8749720724535073189
8242254386038644827
2515665328371318962
3318939705941959301
3615814241359872359
1105840226476897809
4370468402951514878
3978056410374265679
1802019891535209806
5484330282933291353
2998503037860327355
2923686678299848162
2041472786779536133
3550588094090035260
8707607744650082660
687086115781590461
1799755529658416706
5624741303626579417
7318376968974605786
7282305101286935718
6761127223374723944
5831337991953286386
8961922944298820315
6730711938120649794
5396687988806028521
220544531537062273
7980756687405853074
7377741823867063201
4322243308660210050
227966604829526348
3759082180530635900
1416203308725908694
8586028784306051162
8574041005760797229
5665686556318582395
3252612924105542677
6852097266480884481
3819744950903162230
2613117875919949169
2777001524709319
5505592406731484399
7405072164649972876
5777234326521195286
6564734135490818474
5226392787917108016
2803346695031719157
855009008752418866
4464100241284774588
1652656814149675150
2455725107979018109
9089100909003123691
191388483783967155
7290385983691231149
8452256121892426108
7612751219661142931
1222328370091568128
2524909877668429132
9211251088915795398
47546727222419689
4735607131479820194
201994652287675813
483730334110792177
8236427755008184572
8200132842341489157
9165445920015921025
5343833742555590543
1484951264776810632
1798263774427071020
4409068262160511390
9102413606395452059
4158759442342842803
7580441303323252838
5573054542482584023
1019805841628864894
3023745222533732296
3256169748644343954
5631098541602449871
7078117332803005592
7633901409028082585
360638525287577593
3739042835119701451
3405421203694164397
3245865324049662757
801260002258215822
929937151156102337
7526667694488146369
4834956635260163328
4157930754583070247
4085080454574263092
974317332437627773
6299273796928333684
3540349989022384542
5150438523837576938
4966555769731336176
1877742818395785066
4647765056711714738
2291260861004325194
8195786424345566585
5440683186735888659
1872660592903768856
9036118993176310947
8901577136103202799
3325054052916237920
891233768966050939
8091428414659549603
941749415632266116
6405144521935983870
7151681270582181840
7393135414738686985
5292502703914161883
4277615018391310490
1511053239268535920
5115605529863214080
1375772420218930406
7616911741039615028
8989984475395467673
7830394570193161584
6145296286426911296
6990634603955943574
1195676593775472541
4686841626287741728
2810734222075669145
3942634163768442621
6143933357657942179
5585361393572425318
7553610328666192493
5315179226748059625
2525587861976687029
8200704031695108769
7768910240603128277
27006047496849040
1233423231978520655
4081624758479612253
1597660364241972570
8487922111891671299
5021723770374177050
8479634485617324972
4127330250989367330
206582926891408329
6726340870718544675
4596012884552469190
3672588930658275162
8132463987755431547
3341574198983170773
2270692207098366819
1979238440838334613
1748845644211215358
1619364005229137586
700855286279942517
3987407999219883658
7262998177633179641
7974723247535434277
502466542605509757
1846115287298772161
6026017150585818708
1798504410391787044
268823471076928440
1607903447342121510
1077244978034186434
4716501250791464211
2780407990606670747
4840592715318366750
8920405495915998558
3403198381399176435
1102593267843377518
6272412674320146028
5396411159116160007
4167964113879578590
761202955759643223
3002148872337169076
2246765074753105745
6260187599115118718
5312852658834365730
1186468421067227302
7384745014830562554
604703786128827087
8043440080421029429
4854895861641040923
992665558601262487
7893367286201736616
5845372403954062299
8950420862363912397
703877755237798816
1426882566355535764
6746558873225698071
6004835701277734421
8621742719824424758
3576958441240216739
1262721048391914591
8284635500641116322
516474042951127733
5441823840863574010
7810037943008374675
3914197899329735631
7195952611390598474
2903655432133372488
6402483214657037708
8300718549719595106
2860669673679886496
6211522698371461090
4544371805934976792
3919407765632227623
5184814824013928822
3517930297720430075
201843228478735085
2643697119525042282
8937728570496203961
7990031914616926432
3789276013762714192
3942797435796636085
3280397767945850403
6568513483917719912
5510786069063003290
4007742270902665300
7338971882025051062
4364380536955712377
6720744006101000239
4909951541286466429
2306689590396888616
7122939908416164977
1154252643320220930
8692736398925142820
1175936631614838011
2680024099132975591
158414012580685383
4527978331324669379
4779287783090775134
4427609837406795717
3470822851744212069
8208380859435393596
6087868544983821269
5865678998140178218
3507568040678111518
5677022144141290923
6297912074886833636
2835338444226602515
8702245182662427768
2145311474048073236
7618204392631942014
5370172106202022862
8079397253529616220
1941175803398118582
656105148042549220
6047278334011526649
6340439348478891802
5461891560961365946
3203152054997809281
285519373970773374
2503299014450924837
8472265441109241742
7258349224142821059
6439986085334739259
2857626256212328065
2523294264487361568
2049644218706118601
7554347877422141538
5842348819319703918
5450509511650356051
7465676314724649500
113998459924952306
5529550254369988135
6724955912596036473
1376901664823706469
1355404288723335207
6968231401684972449
4657222393489266154
7382344009974233106
4544982802533971609
8916563240292901251
2231398160697460818
2794273691718372773
6894049442755650986
7550235748382478905
80578587646407006
3831424180288337816
837923248895405939
120065469199677199
6303599432908619983
3929018526723201937
903973438992625909
3823902731938836122
5712808180757651211
879212248569086183
7517063554028661054
6977500222797103690
3929200565665751257
923034402878377206
6939368778902260204
1234172448354357882
8687900689675797173
8089790491112651631
725375458139669137
4818523037215001560
9197942619215675214
1698129572242704813
3201500596901375739
2847185398665926515
123900438509744263
1243665924930288825
6910235951884841294
1986997750051934400
2921630012375898700
2392122633421763833
3347666126333450041
1013278153797471208
3982370592712086545
7242932591083716660
4296230017583974664
718270618933817727
1257602384882604909
1918387043947265507
8035926769065894232
8319538589670582564
3357481492083202322
1939805418953825799
7511986684366640152
5569699286066657100
6938471934980909283
192045800946565258
1103340716934225857
5394363582856792728
910325796704626240
1596225764752153557
5771673016907184331
4281713082793088868
2406640587361516582
3927114867984050196
3896425783224391886
281372318937001256
7385037319142117696
3529680959166604227
1745582597521864281
4233655922725424020
5818218838362020557
2957573928528778270
3800222056750875459
7632822582973303809
657509007489686385
1935435728142744374
5312160813862552004
2378623357530774070
7590039434263413299
4384614007576653713
8740914850143621482
2473935451085819757
5335125591057445683
1251007725493889052
1245895029445417663
8143136221586837060
1212596284065535933
9157524571706091996
5616328733808474992
8629465668715257195
2360556886022158969
1562157961582750169
2085665324558677892
5559783040764978100
5861005184220681086
9013579604822418069
8154862644199084604
5587428059856640914
803761310786795498
418628064417582974
8012142006385658367
5986980521613269074
8676418661112044727
8021399052864285528
8144303336581672792
2319143013523774110
5822804777644892760
7587946207760433956
589806271060751095
5165633029665816
522517788923574967
4115109097868225861
3862754520261135745
2968941427356888089
6230504666765569004
6254639022318919841
5289797790055098205
4271965706187648095
5088445372164711834
5381985857610491161
2551049007689426406
3262270955114907908
7018383965201466861
79640207817364009
6836655461162621752
919754327140467479
3639643374451647796
7502662896692234604
7064045657880859605
7546738504023883830
1246282250002114230
6007048188525497694
336676159322781165
8675763814184502059
3887099263790594987
6162497270665617739
5953518585103866960
1715409723019954206
5122113681203175142
5441322155504357393
1490085794521837613
2111088489812505889
8956030449079655663
2264057073444272170
4561887631758684625
8710587576239610352
3405202511936755885
7160679792864371242
8351216205216344161
4223489666306235873
3071110615300271502
8375525924158775889
80095436424902850
5536003137485461195
1935313992032316539
3694652851594222529
4285857193897347669
3607939694985194840
4208218810356292525
2449827668822713982
6963850247865957192
5805000341352145778
8613133121177030982
8070816713135141635
2147112486524908478
5959054286663883908
7766983226769371387
966594471660521085
2916570524232268219
1660639995515911768
4407286131182395494
5571269737657500958
7599114807371219699
1658368147571028582
7602691234437673067
6708212356124135133
135959455260041142
1114181142729119149
1834589000004752159
4904356537261786471
6458516901802061912
4538757492085671068
711388207872518066
58350787607729436
6160663998286681403
8368181892790336974
6200188288656931869
6457602464053883118
2930195771316544718
3024197264877568451
4406537139054363003
4579774692173109388
6884913553616385980
1876476440384664865
8422173150362091533
8558868999309757203
1578492277847491183
1299918541033217160
8000187926559509488
2498322362409376068
4494806050398179951
1738746936445434858
8031159949760224425
6010519397739394472
7105336848970265651
4862090202056384331
888858190246442505
6820731227896491814
1546126757514645152
9050206996188047127
3510486579714131104
2449566667894127065
3161755778786015942
3139153166441722387
660895870204439007
7706206022620537162
1107268092472998759
4957854544706508821
2778286369709469041
7842544331202170842
3879615873933448244
3964994403987404771
7725597918720325780
8629841384137349781
1797229165325778293
553788985850640099
1209928129093031453
6140444125249716823
3682913991516643421
7177152023489803085
599542620844174993
8540462849065577894
3349890597973529704
6241936960187368885
7806258461534672658
7935026616511878473
5953598155581146780
3305254254199333381
5533055779210788614
5915840617848594160
3166130388270269118
6210597102195057138
3017725114905643831
6262621563894990798
4882001088526732145
5146056315608095514
4402095329095555429
8166415024091806406
6970964261995694506
885143182383209464
8051232814873419873
641042374756491850
1123048275442152215
3493712510293653787
3007104825467865706
2827337558299467420
1983126058148329699
8261624689902702854
2985858965431639273
6829225902211559827
