6537854575401977655
5173281549190417706
4320129293370009395
3961259505253710819
6044402639998054594
7148964147965622404
2557300785204961679
6352939486426475540
7097749764170068061
757474693390228908
5125183309361766258
4240982622197786673
7695321664719435702
8579801738435229277
7784262166125503603
5299605490153826266
8332598204134138350
5098892642146986103
2609557666578598007
9149776209572421242
3036570673666521947
8607662142453730114
1920321635104366976
2920156499720262310
5996650978306143646
6295282837376893481
3898454973707785259
7355270815500784057
2488088045450255595
3006407244919212314
6833258224154630797
2430731583703464271
1628169150727944888
9185221274382800536
1598379865838034805
3192226830195861397
8092741554299481696
542131266903095289
3364388705916226443
7503668346894533264
7096038803722482373
5819848896587206294
2118521534660325781
313953127061294449
1619054689894245450
612126388138509278
8795361693027934785
8854444061533942971
6280732839804774172
6491911421584483276
7646382179226273642
4796834563815429683
65662650908276602
6507664197741279439
5931363590767985665
7756871791536233404
1044991018447779074
9112510383600117939
6852412825271671710
8257032599040618570
617823922360718798
2535706740431116944
5844680570834503551
7579643822547424533
1316311409461224545
134345293890815868
7468376717451546472
2915982174549920611
991696655207188495
8727275616604629337
97378487450691337
204571798133025259
264746127387177390
9001179851140440232
606101472208707927
1789866733357468968
8598422270639727890
924604142528685588
9185180885762995585
7559500461745479446
184302102213922236
3237979341217797089
6604726513227875842
5108523977747390472
192877133655735952
2907639528475017137
9098128279465498739
3496738194735291071
3505082785266792738
1439375635615080537
2582928990213885857
487864556141834494
8703978171671963080
1977614718218680677
6856273698485862886
8722078702299285373
7766391668797307952
7494229568501810797
268310037282439543
4906902878727346600
4493804271511903106
740986353391808015
6316318049427148589
2583911503382069366
7363552346793791270
1360445256597410655
452348309064741020
5439763910968736284
8023840739854484636
6522835570682730860
8893886048649058487
5786800355833339389
8956759118505441676
5690009099840410987
4668600999481548905
5133184880951079057
3210061976000678009
3145299111105555422
4432362864676790196
2249364839901413765
7388843435032027149
8053541816139538183
3882686657095217977
645017330243274672
1079433147564270013
8822797604350133107
428818296032915306
3203213906028445944
8078269241828106205
5767171206275343166
6872310911514668903
2952368510000161748
9125617100713914338
1362333905456171144
459239475270999790
5988436541777378593
7210862387795276876
8432171914700159278
3945877013460624625
7304382837823214178
104774760464599249
3655922179512682427
8066075832886925106
8630696763425970078
237784988803840326
3920080734996369453
4769899134135281726
1538709217563742635
4662750247402445676
1595554529284552201
2158637066370534405
162477092664933555
176368039765378429
4989372996216511669
1471287059873500754
908294940704184335
1772378461321483939
7390314759665379896
7579455263766186000
6275883318602934421
8606943466731369486
3519506969370490058
7728928601751566441
6594007786555217504
5886439159799678115
3198482428629293369
8507358433258582309
759247255904214951
2280842234008027447
6990917829115301980
4986766716818545162
1144649493467456580
7603717874644645286
769532547126035865
7758641102572842079
2262197745042325551
1801248896105953253
4201282133191638256
7224099350667072480
703117786584579714
3139005790357360545
4396860790012329385
6099813822232408954
4247794548730097233
5400453286208445387
2532465310468616255
8632922298333296015
8507157346351250607
1817673595750425257
706071777472259587
441246802095506117
7929766687225781245
2281196629400195095
2196104849904780236
4393635582255716582
2769766369071254060
3341710344908825682
6407812569765322938
3136551050959604328
942923450702532174
3149647529844010261
8258502991617294842
1429950188437425501
1647587950872334028
1553248037975532257
8759338898533531050
3100710385302724785
5816122639970609966
3103265458225246413
3463514210160765835
751168660684756812
736298971591954338
8074746129166730183
8533163075188986846
6184794195748657453
4826839891387799209
8031809468779361288
7472330826359253138
4458368722915351634
8151065496335620684
2238541575131462719
2495416097672028514
8561595017733290386
6643444573296940440
3378996061002857832
2193202483514596197
6497546024501569402
8104288333606519510
1725988068930366548
852648975869601498
9129978110461009871
3829352690257258927
546809088081775808
9062764622551902711
1367366277884250730
6333082833500887506
3878929416212172052
7099770273145720989
6281631746779744121
4365896506392179459
6344116913466296225
1300266464262582867
5755772253509620983
6049978329538647928
2071299979673391706
3695423842420139749
345758263422439008
353801047996286474
1565229421142033276
2458680192636002912
404523734204753621
7057029952796551823
8457305102469739188
8172126585841395122
1186599794766532902
5004398603564859852
2963182171839790886
214835531785468292
5832714065784107840
2118153162416141841
3590891339207567438
1583848944579995144
8122141980752781043
8254953756534441587
7732407492913674230
1819807386789706683
2680400283337565840
5255429285332247506
8196640799975250307
2915294730676883705
5674530569382510035
8893727646770491530
1709365677785160416
6652274853281479198
3071976131386132217
8453751237581907296
2956784021307385772
5704326584700858323
6547031442795912213
1441214186351635687
7553769298902692800
3819857176395970125
5366959261057279521
7057923530316729910
4471438194483772816
5692689898479529516
2924902618242232237
2300090621226268093
9041582594444069614
6397837197408486821
2804002499830450076
8720405345534963354
6320257334726377561
7132845029453561753
2969496062873348882
6824732613307670218
7528541314108234073
1069254935884892957
4659129132994380864
1226561641909553836
5464625579540791685
1823624441762200109
1892070528163042048
4784383388072641662
3060388474093878644
8375066829953634193
7728783820125922466
8567908295339654404
1978595097185997190
6487606478004452125
3183001382605019515
979061601532415604
1365599533101395282
6238059900594231294
2150632471195765909
5027434337603358832
7046068393712479822
5550675696987183478
4480191551547476285
3659886984841680751
6386787380865459284
3481491930955228634
6828205973305287846
3297424247501383675
7179661112789629821
6557136909729618249
7716699095409995869
6322818113211745090
1448168320343175620
6684614022006009832
1189992499159879370
2524749217012987434
8985077713591826488
6298420082801283598
1605003642715215392
35591060012669890
9152271592546277950
9024015981590628971
7228303509988950577
3216923575038179267
2477024698757489559
3141420854814177554
2632625958452490414
1275710552777387961
7840493293004692667
8835482817055014851
1227680959155299730
2501661341809704731
7483654941342767279
8987254720290662217
1308025724145977329
7689035852909779707
7561521538931058776
3287397327356880988
8923862546527684611
8657741228029697532
6040716659614217582
2407564214891796835
7392531195700146748
2964530056650094544
328270950032163343
5807152158078007684
706076548977569485
9221516867721860616
1474239325562481501
2469001287813889554
4875016197753312923
5296010661308280873
262074556619533718
7206682333895861083
1452473064318418023
6301467920481443597
8759723384127926893
5907708383968105942
5400786737637822576
7901548558102443546
1754990710901406685
83736138906660095
6115011794885970367
7806924991259818415
8315469274164539662
4832643172667191786
6001733036362906886
2904122361881789400
4675669708301332808
4732188571114430535
4281999607774439027
674101033351733615
6994408660271633616
7490989171665749490
7612395658388348941
2975359621860741101
7464654901812188898
5753841524996564664
6791536790997744309
4205830495201639222
2209818171872110886
3939387654314259669
4360277846560000910
8820739009718748287
374845981668180330
784916159643255225
2071590946564904477
2437917786671049885
2861094444075010474
6468715443487309335
2588845240599506772
4181454968015050717
4943170248636120499
3630491791480028489
3027260082783839568
3648489973140893964
941564857979387387
9155027459766231885
3897248722222572781
2860088381914722544
5282352078811136415
7193271700955023455
1301219504416453188
1127216364669609341
5588983790313867215
6285042710970824300
2873542845687296011
1796908967308360662
3966595923833580805
7785626177473930801
8979100741723536619
8361122652950604699
5271592331135851139
3812935745993493761
5732476395264108285
7196622785229323673
5047664477027815639
3295435335703035786
2266779777639720116
1881244977022347292
4396301944531558144
3301153202164703899
9089656022273459931
8420394331681961099
6848689843871861613
5314496889061078761
365716359742978827
8907124499343599859
5370253976215939268
5777657245132888450
5182614187260372375
4686522080493503414
2635544883216426553
773856824122362422
4041409485893070054
1145636322686539146
8966210896749635212
6758537422212065264
4645904978039579762
728082579375333787
5358259719923148266
4058934922531333126
6526433469986958283
482398167190977520
7813698831295047873
6552148766707516916
112892383386939643
8559701948605300288
5379084336551418880
3358426508696329892
8231099538861338607
748227706418010807
585605848386583713
1939368429033721191
4125085928789714583
8931386972848951777
1344830901965394058
5429866424345128103
954211992934978774
8417854027731247733
4757936262806723975
3398326481809604667
3048769122941478403
8654110824135169761
3360776370693849918
12657653979269416
551491578701731608
5759842954803418514
4466787728504526567
6322029972565531446
4785086393013921567
690907113645461029
352127029712409920
2450078028017338871
3989529120796482714
2648374297147998669
275674621014906238
696745843910663230
7286003116905883255
7291935730912617972
8378975076613328380
4862009446988477136
4059158801238857993
4745914232329591107
1472190764805147557
5689263246249384569
6336672441440898832
336978749843600180
7395110300555699639
3256089697584473031
3287182178182094734
4877408680076591345
4452577836977454200
5756642813320708474
6044791044461113126
708566273831144245
1135925349792547321
3517304977309579268
3405359248009839962
4167281903810682351
8392536371282485492
7365120558070917184
5531005136410522304
5338504895614488076
4066130734189783226
3839208421357269770
5580577052957931376
5792082277035264740
6059679887247628861
6428676416777105238
2096295986415817442
3472199794470270679
4017235969559557805
5587199722041289158
1358470193998597123
2165813988642622284
6709753219840308167
1540353327734501876
3919560295404459275
925184802490713971
5954740466287553953
6625899830721882817
9160635316330314860
2697534014566080749
1277229233444377460
5489554134950417323
431681712800510114
2831141838094623747
4323694299808061221
7232868611575829370
2727899633440542981
1156582679406187230
3151841233539272128
5540984559782409579
611904854977546221
4152309892964674057
2512761003115803061
535450977718842266
6442658180350795767
2315140586438141300
8658530884909219099
7409136607287893162
2084922097838431934
3034159738330890239
74536920334736607
9008661006279897926
5972856452034266574
5497462249039633384
7971578731170848613
1911785602211805702
4346138091224944942
4410522658047207695
2441952926658934033
1605422373567567501
1921486741076010904
4553867038711697614
6814072064743166796
1606722849160821375
8890275963900661046
4463993596552825753
9171728180602388055
1770634423196527944
1268389514877848747
7786316978195729798
7590595331195074306
5397757385013834138
3654913773396732249
503937551642594
7195897971948545925
8527761499523761422
6421044911588396424
1635137617548839298
4384071371738957033
1826752672918266898
7342958203165952975
2726132932695835945
497894052485729116
2456474462189171076
5310569335230925133
4409542467146186700
8670481033490493553
6239690049149053656
6722568340073690294
5815828999307494950
5504178460967793847
8425132484630440539
6778390324492543764
6049366570849916054
6255984365668021174
1224679541964640528
97471092157779903
8142858218117193047
5208872609203087596
4249028849061511537
3761903449989563982
4049334113132229363
1142515686149025863
5034325483962451238
270988304385877286
507003685767782667
2033185246167616869
3742304565511683117
3853093402398025716
8923002623874735432
1858091043390158200
6044545070613495074
5063488173589712675
417251891425339871
3564556458201990002
947707168654880975
3213801500074526422
2737061183339430750
8042031333628651838
7961038294718584558
5327720714612059145
4165810137151514586
36440857172212217
4226725923739948602
3939050936724015933
3194164594427825080
3004552075786297122
8307497549717112298
4899732871517353825
6503185348481257811
5257859898836305601
1860454422457568523
1175537127236946672
321842581763123911
6843599187384538886
2900740053189377528
4188004694007863398
3273453504505529141
4498025417834874032
3873512245561732466
397689265967954544
7734066484780215817
8419051379398327693
7887458930337698639
4463715197346358949
3059093839312905250
172661746611496868
3098679850672830642
305651098075084410
4347662258682715629
7181765231093013054
3702400214184843473
6024488926347207086
8657386676836128015
2864497968606083232
5093695690229084800
4787502087182407426
7409360713358463107
6741537235632756166
8054498742706614437
2295659440006908394
5676589256021225455
8955084303609564155
7843222699119726802
3700898334193175836
3063287601772092972
1941821366420903414
2958472931525701811
6673287241620334594
2853591367986684162
3959262782300715141
5549271720844828426
5420358524837497457
2402310316568791650
4573094115669579552
903373706887607164
7491155884656935523
4081550824436495017
6098067723132519633
2663706555184236449
3078423641847638119
1494096638072189140
4034855893144626478
5463740032924590146
558408868851339563
6378625630954088749
3236284602923441199
6549524914047466662
8273490733615765295
8459706876540723891
1115365334314509568
2904493992766938217
3311642411438003326
4275496027206640429
5467480316876358662
5315974514310255182
8202338214430382386
6760584049151623222
2622231330414155307
1489247957103930925
5885064705546773265
7229836332212475393
557467551424595946
7301038152936602633
1530888763175039237
8389557099597463463
6206588033171554911
5040767988010221947
2341085564111452031
4916001268911038243
1153159143479138593
7304145882697975458
5907041705073441479
7251471461893748063
4290935433792094568
4175201724571649600
9007902262113479029
2811376376216831103
8781624395514871970
17574340163590435
4703952252774607798
7605866617551228296
81823734686334819
8242517127327963179
531990635881187052
8191161625215045848
5103501118025867646
3028023211211311975
6310795018696491640
8133344602720477137
2110561611874181951
1044845323657583503
7927804970811099784
2112576279730215651
8140186850694335247
5290707915426018683
3510877225313566473
1058986753399578023
2850404170389154352
3600640058838873273
2805651208380798937
3286554111745318729
3350819522276763406
8130675504829131644
1551366871543012051
5214241826104177284
7355397484087970715
6625424794875060972
6484507065230465001
4961454432779299996
5680280109861972698
1823414089585910674
3358372968721523206
5761907582117966653
815317019958602757
7855129884781092238
6972629162513597651
6669574546782476933
1588070663428332222
6884531641510119013
2232645196688918832
722225924183760300
7944396660958884476
756177161208954058
6448510502153599520
8617514675448926279
7327896578958902160
3158504980519468993
4400739191051929611
1667528015971964212
5646941227202627210
2987846902695520471
8018840558363034025
7846039940567066379
4909848407022782501
8360024700459619801
4220422763894158982
6544365038367200507
8564142693823011736
5268978156660118638
2389543069946238609
1708086385764191883
7870970206083104331
3475680995668303433
3122993730853744569
7398250648708356633
6498154054507524327
6500926689343134978
5135071067148110675
4377492615816012537
5668304644375050915
8410871551815274387
8356966091112543218
4700180538907422805
8573626558407945222
622932233945136687
2483276778437034050
7069207825248469536
9183687794108008813
7384690654724979454
8273487781594216845
1490511317451071309
2233500876244835991
4377939618747102245
2082304738066251481
3534947171025756527
6294656048255389582
5074862960492818033
7969167583167783708
1579273725752497356
466373717740398268
113263392433153773
1144452414315432980
8643714323756907509
2401268682469151387
6971129726031154695
8686516474054462950
8681199755482258486
4810556684110169814
7996753865787733677
4829209143730057794
5463918158841289766
5227362221845486436
6572082944836306009
7889577303031641628
7698844520964633122
6350111224909234882
7878184804777082676
5741138292469064629
4892947179306720750
4249915243744334598
3809319204543184763
7938505207068455007
5800416157288182956
2430265275002642795
3872331774668135109
5972619355553000834
6011020840512181463
5764260060815408620
5704128397257233230
7820612752735175872
3339689494551240453
2258368783761093739
7936353594617513314
5751558433010120612
5220143194538765525
2459184130187645506
7600421706153299546
6361419415465537437
5654977977203359804
583892166535458612
5570671166505489935
6831151276483126750
1082768338150968053
2940968464481304237
6330608118269836956
4574627624605312917
8901460674438492571
5993391411726181844
7569250977388498788
5271271768828719435
5231603796132588716
7635636386097201633
8184578744305359687
4457189733107912237
5751659087613018263
8964661301526799759
2707142898195755401
895035151880356250
1806836769942940319
5571761034543896437
8280848740589219813
3479408049788643025
6718687471296949754
530288660978311878
7689547128944938076
6475539670314086925
7824757603288570086
4326860862163752792
7400144507224896390
1576856058973637219
8324531596881798532
5392320485499489140
4782993661632390437
8344635691839763167
4881698731179006481
6815089088833826692
6368558958032440078
444740477335068521
310686797946128175
646534175938216695
1788155359647224912
5562398871171478968
3632889991865517410
5235065073036407543
4695569990166593081
5453287565649502438
180304479410031810
5017789036190025189
4896622603949339170
3868508900934978152
7960121345611232469
5654880141580116196
3763271682107452259
1204990680942447119
3154132224422943862
6809449059767576036
803228533134782593
3879801654721793132
5553604227109258680
288141368244984627
6648657889030639941
8900946583165091298
7443757659680434366
4061370144912623487
3675870894091028170
2323973878324603582
1627130541357042425
6540585770268133884
7000867719916784714
6396104098174214317
7485312210864714231
1681427131557558070
5675092289648233115
801846290541812755
7472657246690382706
6118628661987362039
4054490467765962602
7618444907242072234
4549207763919458106
4484408759304970897
8346540878347971558
8090089802719284327
2224558995698410536
5477233200757078618
6960015776743738924
1836774237303130261
6177923032950665395
6204708456586270526
4574447324873393828
4234183484303089772
5290408497770251453
2465702148186923205
5186943741456014871
8050933062654533157
3680641429325488928
2166193000004678059
5881119839815556881
8592409559797386871
5829305386733218491
7368948151793376005
5798558232805428436
2098075746359158173
9119140301461855701
3901660852963985975
2204015051989997418
8428270089574684690
886679818883502906
2962405752177320625
3942361151901010684
6547669744914551470
524358022323470988
1705336127499837637
5990381532067822491
8200504654075219090
3573716968057537044
2258806324247725704
6919953381194776685
2394070397936922971
7738689561703533471
3444920396264953356
8023018068051977883
167424478351598663
7640055416448179950
7313572471119135488
6672479346310566313
5884591107341645240
622986000484803091
3998828235409879441
2984949032679685989
7944890349892011347
7016755272412784839
424817803170692970
5435158751253577620
7978246916049709073
3678078328490299287
5519088596704721745
2679959055325667701
7150561346432390701
7249185127070892119
