6554580160805867972
7529358159527113372
6412546839445766189
8365765894198308082
3733844158800463026
5820527113491343667
5948991480511361166
264831520654566249
8277660638545922864
1432100789242342598
7655817318438820482
765828608829864319
113264441432730458
2655837474906567080
5325570000473138393
7036756756258205503
5386827218825231570
7525540666805776354
9005052517610108401
6769607097263788007
596500633720745095
1001803843176795749
2856343417312471788
2836480081206098157
7135134631241772927
5821966159748120387
6611624122456330816
8056560512577879853
2366551503436454731
7205373903706376604
2303842660412762811
8909601766204191603
5743119783616325892
1082890817978862174
2175417867660415999
3515890856993428988
6684354912794531528
4274242775989467501
4668769033756260786
6942227988531686629
7015636684641305641
1113117865970046229
8538741145802478186
8901310734504155437
6567331529820904468
3731786485508677058
2863207201854297556
2364046346863936153
2083677592735532436
4925114469398156952
5413650772998621133
3117197710180308281
2889256914430859759
9208690557807527512
4497204307786474652
4992764172700855298
2763854144191836914
8913958693564004871
6915904461119377453
3261968430537333177
7001487559672409543
8059635650712740441
7233408598642990817
2346039895620097725
3782531416039788823
4031513164219015503
7756093347701128690
7213836143334715510
766443680900110475
4060405740502290089
2373935330999247927
971768539613217679
6919368618465819219
3118636948324619585
905280709284338800
1477500250962210310
1457351181486298035
978501827431125005
6450179695524588610
8514399749936955153
1229676242917314100
1664250989423376801
6114615217481622027
8157366184997759285
5484477258063526153
7734458024139842503
7800770672347441412
1325034920559166472
8598860993629445654
2881269034078387275
5723149961489697223
3289081608283683027
9018638901063413660
6460123579672008885
7531142286102966565
392042085797319913
5202388768655814310
4740971011829288773
8471259347488381445
657165593832887643
2159701833644448583
5973297806825027750
298784581740132118
7853007555475735863
8276403640293692215
645946842634090383
5355828621593914548
1754852569415211757
578502377787231890
2744668657063941361
3166736676844036878
3504029269929170383
1995159627117629089
2626669697566292726
4205578915850575094
4522741262777085306
1140931123284868746
5457006247967100827
5009011532625763815
2021338559988699405
8971267510851277599
4875741635449550702
3804223551793423734
232522345215620100
4547536269830019714
1364389078523595801
5082731826384578284
7963329818137412010
85215717938093095
8110966628818522720
2858618141867117036
6850805594680016459
6355162656337568935
2273962611766834724
3479768062230709638
6685610569710056458
8651222265029598486
4743795981451737802
4392839729391065175
2993203664545401259
8437420644014310220
5090033104175604093
6705760534299586446
6400130054873690073
8121590944323682482
7351369722736236102
7741732484725976475
1501153743629721250
4223281168856680312
6601824160597147498
5711164607841426367
8866048186292962441
8675137366591785366
8020814228792562398
825058418253027117
7648826689772871517
2799308571240317765
8287804451318708476
6091201152568241118
1696360251456108316
2903222934866324738
5330162520537652755
9062818175914766049
2322933448098965251
3530893704073965341
8035452408480097005
520217540273627225
3001391228400856991
6653766376530082187
812999720054432522
451247224344207818
7945947090750455525
5320161329722415446
28554136439474666
2247672756153697505
2074159451631721283
5730493976643656631
721543811104494403
2676771231082825040
8984697370306729985
7308844958716900352
2831794466214308726
7311957882896117953
5124530841903019407
2954752969442110453
6103455968595975693
2388479294430445692
8586346004327201595
8384250242799998515
385260656804660855
5250794111132069412
4040563743812788995
2203026247342845703
6838318940129043327
7708546201346407757
7136038551079817096
8242379373249599266
7350231166775607340
388804417809094000
338059156425601802
7913415238047977637
1962977662616116768
2316074000285023780
3424645076621503946
3513865198742677589
66825891989498804
370010469324766429
542864774152757437
7268416114748744022
973523429773379910
6301060509886863889
1338417142535316454
4690702817360025139
609229232545892980
7901954705280784727
7805745869566930579
8753841752134817983
871476486483131197
894062664700669775
667151999672074088
5281958090019353034
2099767944435961263
2174306471130696678
467385123418483860
3716323906169926122
6719237624248026720
8292091730491545369
6222758355558228285
7791302581602244446
6800292139211245508
2003521960313565524
1207894507197441266
544811490641033353
9193164305193364479
365332661126037077
7382828518723349887
3107432937352624722
5369555326246243092
4178691781924679978
8346435329333971139
872769033542880513
1075537439378262775
5968495337632345671
962133551343875256
5784294437489104152
3390046355959804938
8176420996441365050
6646350202093497680
7139846141946117149
6983303899681422864
7708932004178831866
5393610176389444491
4108385832965787878
3006059218254073635
2013017157459607566
9012435369276877180
1497598023367483197
6302269442475854437
2661725575355971350
2760897715883691127
267102272331009139
1655617719304167996
3189197397103236409
1276108309720204904
6906549802001529348
9022192873451074330
3805893348486359708
3422165423070497853
3896268860408203930
818546649543197145
8723182074042502395
4175881002863494841
3959765567190658615
6367957915024782682
6995762292552124476
7570223305675832692
2225759136441556781
8315355092216998354
4198415621143933291
6455406239786252370
2857924501590461423
910338057597223994
2412834807155029279
5257271008382167908
6744766673015025695
627787225382795119
7026048792884966297
8092463916331154279
5937577085527032534
6526005841942448043
6399438005831956522
9119523237150703908
7744495564347458903
7903089706265315148
2236514456914303792
2424053212393656350
3669356768820685449
3318376080620954999
8767246173831685420
5250669594380810062
7778708359589372065
1093007325530322937
1078626694195376935
7083876272491521827
2851060705294895432
7660215111552642218
3505681076200915336
6949907028757240935
5589075053067691140
4229374256859082093
7280573346802778671
4967688145878550162
6396238382420767583
181815636425352378
3602884548488658783
2903071736029839033
2072925332897082717
8526353777705842891
7526527443834387411
9070912643127146054
3093197446517318872
3756472325397749968
455588273248253081
4897202189551108584
1323594350294605745
33089375949191833
1705689797831546561
7314201950577723027
3220118533976763361
714460095329521116
5626095431785428925
4077195998357391896
5685325931056566320
6021232385445345215
7202183253807689109
7201036074412004507
1351389940791093896
8460614014465898311
2104633284551237869
5049992177242564950
3259055925237530890
4155329978081558881
2230442494088786342
7894500945074270795
6047208134020192251
3313918035032703274
1301904509895619425
8688892991528010262
5652085318207866996
4531618818476331118
713696685825251991
921297115761149514
7658121628672902197
7571475660049340296
5879069900703472012
8955014353224394165
8094820956184214279
8624512071383117491
5186094609455440313
3468615410005862991
565402216068532327
3540995471728747058
1068637801058257585
3723095886778103525
1552050476654868793
5136779735127035793
3416031201415693828
3386762317592506988
1764576133805748211
9080479270427713577
3548536993025391323
2994925048322016398
6420618977622234376
3640702283954939451
8216953073570193589
2315836140602240810
2572466615355357923
9034014093649610378
968042460460900234
1492602110478573694
6432634829348746284
3201640091304272194
8364840572588664373
5891008942268122866
588485012565199204
7458466889403879705
6329338766959555743
2315049516817693140
974778178591644718
8424814649349921547
1509285220667965185
9138589516988563899
1585245452714501519
4194076799032803248
9015289853102930803
8259549734383196903
1721679833407421753
5607560019100932324
915453260561129949
107746496115349346
859455768129276569
3134389165446957650
2684314896973865547
5307372942946029920
5011932648414332868
1436678830571035741
3796847679077350145
1327916356021175012
3001627311972928033
5777576879836930015
569769478946526229
2033818741204465723
3253664438541062676
5633852792134826813
2298515231092228227
7300073867715384901
2460090701443343336
3722124006353679292
7186744906122428722
5452019250149973139
160600674012448503
1866613427778779100
3787280004942459885
103149277574441149
200719810711106228
4483600764250396954
4227609662017810232
8109815895061076871
8761994694291179175
2447162122760759730
7552806426556564296
6132046777593971558
1838677008445185614
7620765252020607278
2736019810840961492
7410929925607358128
5134964367528941432
4124549914225441116
2993702733823340018
8004081625125969052
7883659988324120880
1830914748860592551
820119351652146883
5052074845210935057
8841602142072912313
176172213226893434
3687979587511675927
2743788644703028721
8242389066480450913
8833504054916785449
2082882655694024315
3754476014491854714
9174394229390794621
89487785868567422
1907466429328250103
4840710296058199788
372707114406767075
730735550112664630
6197412544678185021
6695499798597097468
5869970018752809989
8982810679873938521
7577162784044388895
770210036459709847
2198107783519213180
4295194141048896856
1176901322299728492
1386144906392918235
6128502405914142852
374258915851275001
7583268899056884352
2132677212169608846
6361729506355966618
5894739028633256992
5945287626982823071
3793230110799209677
2445383455350227738
6536657308883675284
2987806420182493341
3046348904361832804
1862131976179366731
680047232188662773
7233781540260175463
6464429836253040784
1136081116783613493
663553997284873971
6704574325982759817
1704803192094027762
1461051480127036079
1652634079444337530
7594643290607682723
1858423924258011673
8347848797446103006
4431254797264308371
7349809083165055594
8424834680447268615
9185250323149256420
8301750598813181343
6286396116519894412
3054893506905641348
6462949917592392488
8752506719174575302
4534609028563116586
810491882843306440
8585873795890714036
8669598751585973987
6008696013437005549
7788799304341662067
7008103824826679389
6510955874061380145
8257931629182543521
4507458204276286295
6627520879395381960
7358311528229599541
458822136465750716
2877785062413353385
6368196345828875505
126506824981991061
4470082979503824561
1457529395350037417
4101729829865915710
6715248268571081207
1401711948303857431
6213928399559916102
2994431804321275610
1857179811439563819
5373510650920743815
890921722567972166
3902666940440226609
3935798582288204901
7428809967844312151
3962671099326795331
3138474345077287376
760122101887182695
2869309215545926433
4777831896247208298
192537639654359131
8226202802227976758
3105256079203436027
5861795572882871506
7516578714412977441
3933999246038767791
7394381115452880156
8448686959706827172
3868155433422700277
1573139934040749065
3297188943330819546
8402734911646038445
7677308197746708530
858741676176670633
4258245877107359835
977833965059549306
3824939468899947077
4639840945427519700
4778548316556243664
2451034513629138716
7714904607213966427
5012046704249592104
22321547393676124
6791071590098619670
5129511950112131943
62496105300785459
4566984041339961406
4342151777115004570
1212894832646282701
7886133805866918319
5228773762052843073
4252941274779590076
2218570856459593435
3020655895752232592
1648535999872335155
7702506216780346406
296678220579053385
9067771769692178524
5267576835863935952
894121500242137305
2983248569647890348
344230300206607571
331166230987721307
1682363661349701039
1975272274548265973
7110313022975743472
4463853102574253061
1298567811317027905
6722519260159792718
8809424576217997270
2200439590725453395
4838208556514788046
3191109185279810804
6414467027724915467
1248009759685806664
2999582140358173845
307636656552629645
3541682658781291886
8168407311461120861
9011125979947404247
8683949590423830951
4547178460280144368
9018086309230934661
4919064314994540921
1527461824714243388
3018482212766524733
1810228061386050559
4243337907241172796
4136514912225124868
6348637799703942871
234018235505950904
4533391377758781273
5507022197084342071
7763936780236860085
7603007871809430585
5838477443351700895
1647147253879132809
9208047405748892056
4420161498736125130
1284731095779933398
103229697461837585
4479653415604236925
4079746643862567593
1415168951328349883
2121358429579801534
1754283281826229581
2345003537879760813
6100523904650483561
8446837782566925868
7439802109428234790
5117710720458352495
6475570534424217107
733446159546414106
1727792336641910259
2237620115734439840
3097857203842437432
67209532899207570
7177026338524863143
2374183947451851103
3435189304494712316
1705097753629704321
3855893137067631604
4823009464476451588
9159150985032019720
4469653135571369162
3939994001466164210
3372998090566366757
1009519868965147043
7269167824311483899
1866015974523719354
1359558235631850272
6009217721356723422
3428954006572287039
1887835724303060301
8711952791298990007
7535373990281804702
5224388595987250752
72469994348268032
5565686438168208347
1225146128469421001
1592751374811504010
6002135785563820337
1352292562729412178
9218595681390415502
2300368037770444844
5471982486378119370
4194206785196001037
4273139364859802099
8829176173697792962
8501149913833878972
7456045229570136425
6793405375920564538
7095813348241161536
8955088432050412570
7953599914721030049
4697984676600918772
4139259660334364849
8615549115830405259
1124853271926897352
3450758577873976022
144406646593544201
7385867979413580795
2408447370184253420
1492844260688393556
4446553304345794597
3906908021257266833
7255077130799140325
2027120660432824264
3012320568635590728
480472097210875478
4924880505217006158
3528191474009542327
8964324857138761702
8574705918924965363
2656118154496662769
3447850127331179067
3963105237435039834
7961371346359889915
3191648348337945572
3162768961717129731
2984418311652828424
5923869772200803451
7772682372534079981
4022876526226448084
5346567437878309948
7069764943539369932
2839204208558079643
3531823158357602798
1649645752568484523
1086564319078791251
8277930845853494921
4895721644485410075
4160855695577610070
5433748949269073550
2754185432846401171
2046734337262256425
8650028467760059435
4016116573063259620
3585767318275804308
1398621729439378773
7796743502274876418
2784966782062173383
3680201483156063817
5683139214629305016
5370458342269321447
3224595945476250199
4132873280839094947
3223813778978893061
9211482262458955541
4960033725161782628
2110826345857266827
1655361903324751894
493079894652974682
4176930666200190809
963257895328284730
1521576777653428927
8059888877120693269
1729329808282612465
7722768461156574723
7662378501982481990
8881176665278232567
5056725925386330216
1922627698874137507
7532063978637297427
3660107518159752959
384898431290076682
7059869485561331459
7011119127231707030
6876473193621346648
1531197198892255985
8887942693178658251
5159336234142357483
8883263214974813770
9151143989649814184
3713415326902589549
1886025327651400015
1174346590243293098
380492424050567398
2181200975818384023
2233690672262079967
3842881959995412474
6847245724625039860
306230146723060604
6156339655719769375
502245384031814352
2286109898380063196
78088732362433239
1170579824993224680
922856338721944341
5215677913159568316
6127615048720416687
1029659981176604524
4531625164130145562
9024696462209246661
1401312010057370786
593917783739083945
1866973878530962545
6983167457866019713
2530525910720656485
1965003368238422965
1623491602897738962
9037121020234921854
7392173805481653704
2105485306304645187
7817353440781136733
32404544125601086
8585115325693101428
4765053568971424344
5229002015380780698
80920073623431192
7119636861681553718
7767667095182651068
5709579528627662111
4456782191870217650
5251037666885010468
7424835948945935014
7560985363946013110
6490209124296361402
6078222236043506994
562590154249080138
6599189056364576957
8245225915453345022
5897743555252352814
7576536898263589518
7729240662697015493
2387841104931858558
1848465096513246189
6447817304239135609
2089530229247626863
3527278762886381376
1098181258312784497
1559352416739128262
6740809558863325066
2508611639939382911
2427475841994704896
6619121277946113616
5928621464872370310
7886589183737743870
4476864020191525228
5439425193346848370
198838352625431274
945843906454788358
2911557076576065519
7987891760690844685
9011964144191931425
6355890866172717449
8664487545743601212
3788715592387402010
1849310451542680503
4719002133600616852
5306992945099593788
837134369720820890
4550802458065099979
665839041489887297
5479431827668075964
3738645453563602246
4286937177491870582
4198231643748901504
6285254460859013744
3134914586087430044
1919071879471474270
3216416792959848225
9094028313064359585
5773585252693876426
4222733543118178747
2583903517585630512
1180112377620806671
4755968937224959877
3848689506171813690
4475370002503733363
8190835062171373855
6140345869406816465
1969658939620400080
8951743907280236019
1306363851550482827
6115460668476825459
5072410017309505977
928321234134855215
4533291188214465344
2380327207665594402
8281871710998450769
5208079227483848776
4979662715752665953
6308825423691241273
7844267774768861681
5204126342739418370
6203530360147016839
2745607783053289861
78479545979252474
2969362231908600995
6302580374664983013
8435509583792130000
1443371662396796435
2649774950672291552
5823286770000349272
6701264074377688201
4717885151590839443
5333355173200603096
6440647635837022586
5706496921794254489
5061884556784369941
3636324949412851455
1301146765712661904
4193783802696609519
1677977255928788147
3279412452781690739
6110788049057916969
605394971396211558
4930460498713923441
5845562875023066100
6440081608680368618
7278086000326586553
2195069153377157392
2516064504616866864
513552387131629025
1601141280022817480
2042956176711145002
9147407222464767831
623375161302608052
8282580623406793347
3403157709738155796
5622903751544106582
7335953309724162890
3638834247951035590
5155288203834756447
2969960616460717898
4151845549035566609
5906976884555125289
6416233284463392431
8834455706730892990
3204323896050897397
929520270186447360
4528196630025035253
2783724447825081256
1716397372704377623
7674070169771347020
7595994059729886130
7975334211772284498
1666528993368629337
8962073143634057897
5238894125824229136
5326369134259486762
6833704120402269516
7755796618052617855
6191033357782075800
7031838555060945822
4790907460332899334
1561506087341296916
6838355731132871785
3527544002966862355
9143382637475414086
8658883884685527219
4981618453867170969
2048339648059757091
1675965938260153113
2675886913024017923
28313020484831527
4006057835601991405
3562812400101066589
7414325319172764398
4987599460189323215
5231899568628446079
3354973875336495060
3917999123771926937
3591265724511133945
5074624565194074837
6932752469607641269
81617818657348137
3935226654212041275
6243892944885602718
4442169256218194401
4383909197164428242
7606088555955534903
2374849140682330543
6056996887633075782
8455655504204445671
4806762295721096830
5748457814241414022
3372428975930501287
3683790412152231513
6558739478909155382
3726017254460842719
1401769212972024992
3359630097035132547
1876295097204106815
5620022720987457906
8306348235294583720
1527567073826101240
2848990161859520750
9149199846890480147
2206614719510977098
3757050564406477899
6703764433445876789
4053056112711086009
423593622124131168
101360812334172966
9159656261353483877
8762598639294003776
1233155224277101112
4603780342363827854
3388930391930540567
5198182745593875846
4081489367400807649
5475177786620953489
8536423928440349526
3154436732293027851
7749585089871314360
5326652048201759094
1857376394057090995
394698891366183861
5508718683541833314
795030110769774784
4600261820743650967
6938212038008764983
8675975724330296249
4268686495721263021
3918234067178408913
2476425072374101382
5539645462293943339
5107651459430739665
2425256391474038800
1497395446272144918
4875251205295570719
3696071798571768346
