7867366794687306900
5018821872203926037
8433257408828489467
7524956882611255480
6423282286048501561
1224684774167189181
86123617600462690
3223386549510383446
1221373267275635120
8643934763437567621
647343805296560922
1227929850957075276
3477483896076934030
3747199914651982912
5301550736829529330
4381580468839850557
4809572648412990795
6020779019885982459
3950222938809337352
6992798319638800660
5390986439925228782
6467779706769929403
1088634017400394772
6605819857747009340
4971383308080061360
4867476259804247418
6462460473699887429
5307394443585073768
4759327315311446159
1560047910436969257
5841298838038844461
8959356025431500603
2014391917199148501
1310795402803962963
5097514459699187953
7126358732832023142
2700285403937489909
8006290540809355604
3981484624053879729
7587591614267083029
1838885223759978101
6793861880656289548
2928768914152272492
702500332097099698
7601526363019257415
651915541563189506
5547935484446914211
7541120740603313282
6618438781387339485
7467428058548386940
311848922930958591
4473452235600857292
8255990379510744855
670246473769313128
4137344229171057527
2079014808806602043
1977518180417751302
1697588148445515804
8441909707952399660
6155869930774550346
3962596913612103308
1862519562943219151
4189181465241888473
3501356366615128480
8635408393230450876
8672227065153518442
4018671440068330915
3046599123196032729
4844909665178767983
4078838423979965641
2217945239309044502
6378365547346511499
2779304171771652411
3921739600280540531
6192288557276360296
3106494992328002374
4801119663588220116
7354241410440535385
1700510524726244763
6143926946397306530
3479216968411996044
577426961602163375
4163046517027644074
4969942814011009804
739348817101892517
7308985762730761450
1142726479073036131
2253910425251063479
8588830369346567974
8573552368930547103
1470135732936482113
6364219196975058554
6217846986674541451
4519616241522548781
129769871299130690
4543324012053935359
1116134824587979513
6658390017505672078
5372055043355275115
1835080530383297854
6541458981253682487
8128686676991858744
6625045832244302579
3691944410148114529
5719804571884556533
7034996098172782071
844055328652946009
8712752104884889507
4825912278244602603
542232026026762576
1436118191095574769
6496059513312859758
4019126882557344243
344726939685492766
1805695387596334369
2489086146521710744
9192868129397405789
4847594440073491583
620710853745079037
3259498040985369167
5330785994697174472
8660377837225778197
5538954413528714487
6408754991977265455
1310173320790314911
6039147646425800088
5804795180536625892
6151304309816089223
4061493750782069866
4281781897868350674
9085957220574341511
1721134769430753484
7121355906790170108
6798503103611507188
108589123748084296
8248145447073618347
5741353774286904570
3852685004923342525
6672448157068020059
3036219713873536129
6199004284800428068
5116128104555458192
676297924356136990
2521800218422578122
8862377237575451680
1398466097338345482
8313368354195806454
178321482790265930
6257170021871370152
8106742337901276077
6726750355821063771
4803424323141327702
4258812180116501527
4526311019366158198
2129812465694752098
7356266167910168839
5789233631136045092
8849676675100492012
917042519070263413
5445582762493373697
7366490838823364947
4189013633435589222
8568507960580418766
4472092155726918183
1370606658305559017
3784503874451822004
1219791286637585744
5463866926500477040
7924642002120772758
5004781346951054237
4724851420760531935
6502277743941905585
5257861277392804868
1804745595896576232
2997772500135230480
1987381902936694761
3385904640660171134
8615806756444022055
8996137963858971057
2880504421628094945
542985329372326429
6364287134439598929
8889611798570860975
4734244904746169299
2847057827468340296
8654102361857977108
5419887551346809082
7381564396242807433
1792977451283318677
9075451071795498254
7282828592963544210
1417162467159312044
8004455962969426537
4076043432344566512
6975462778628298537
2502715096094532013
8531411659501738679
7511539478738894097
8463611773080715498
9201859750137374470
5025150927284724856
1368587131178430434
2269462736545149247
5648311578623716641
929753499937659272
1206020651973520147
4994729739557438805
4937273628913837876
104348560225563623
8486218308426078706
8961045758262849984
450788799401132039
1046979392708492731
8289758692118292905
419167781490330768
8059015732247295547
2976001645598104218
5391102465704635410
1611380212768605304
344860967116947885
519994398513989566
4146536657817322473
5587826260775598384
7692013086247307703
7383279242179784088
620941475807908785
7028886385958842753
3563583703056775230
7695132924751204786
8406692619856449169
2711071191931336510
1384333612765781876
7797208684670178506
7386795684989504133
3069126608022783510
1948848639349328382
9149409909898078151
4029580408560983405
7199812423513439097
2501357843853468015
5347132827582355752
4369848180535845901
7196008767630308425
4945327021949359491
3879353810580282571
3284476345662777620
8714558803814615800
2071472018108368950
456076177634740685
6666020893431127310
2280367486467579280
1145892942300671130
240877841540680779
4285775380162775286
2830152760306924755
4205608310555358382
6173138546100353988
1529944385173280879
1154936875927714321
5486560408753495281
1883135476248369193
8720919066848426464
4494246122214506193
613347596991773348
8837614331998652200
8272143465953731578
736156253387232791
2428247596181542163
7015002822121052190
4679375950641177565
2369192817853737989
7206062712894066641
4415104626500524482
5255444306430758014
3086918050750600361
367849501857547204
849595979791966146
7816188837077100946
1653622384080022262
3509551510377156438
1914154628155177005
4037058710018981959
1583345012318906256
7775009388846735606
508100737206479235
377294951676030946
4662190697826369236
3326569320015809202
931188229142391180
2957523598299708063
6842711518554633716
2294598345740341266
6257208208242926064
382593861582072356
7399571465815411556
8899017081947599453
3833496899670757089
4993797543202978768
6097090030959267697
2818183815394556438
4992913902485704938
6926190179764920303
6016400104549638829
1735349016125604683
2437658605217120367
7800618431404959292
822920263814664536
6142841452140509408
1772457509786188156
1112546214044398717
3248923678749571755
1432503709438678682
4840838310175206321
6948757076951459253
5736802240295576032
3213799201475269291
627080925721843076
7511545179481756464
1677156654640958427
2012712445412486329
5958246392919339722
628811415606950020
2754769253031984068
7819314815634271094
219163915118066265
1820549608753328234
4105267378546360225
8618042630730406589
2429215886889528802
1601487379827358268
3413901746610547761
7067499075407578529
1021281922708963524
7058658428713836793
5774671960269309336
141370776297745977
8538563935606266213
4392668568457307240
5499955532385510687
4824136207526741143
4968679445138606229
700795204476735140
7930109658975855502
850718215886495288
4290174243651094897
6333993623600740958
3364935028728387945
2297918616509203244
6594440867653569307
6108241919418459131
2216671400211645306
7023409443766608858
8967529362409509391
4724367945639230575
408707744781346061
865722857026407421
4300629647160216147
1779828770744840341
4916650820721640237
1986294895691043410
7026531193513221262
8239302623380326135
2260212190996307689
7280447959799101440
4856867503661565119
202286459739641627
2935362584256373651
5249772899587054116
2267571574828238857
7165002825393242788
8481365025727998201
2871352158472754299
1658160939630409197
176394182047856922
2676458462889757702
6128261165142065653
2183316671824506810
8244667943014666983
2334423591338334678
6497596600157162245
5391512812174283900
6929903006845872070
8572933787646180102
4215576241880117025
2367240834022509559
4340999623443709836
1745774432690551242
3226853310640697917
9179267852479345933
1579134971653825345
42901764070622667
7925834072585370704
411235838695020650
1408157864070229889
4067006070628487959
5420383495374446460
7106817343713863671
1371513489249069024
6931746543251235881
192948884903925548
2386551067744628567
6537275344367543387
4805513272551284838
6058487710881791869
891682120251030476
1513130530607775959
6306690534833940851
6989038361011403114
944864411701884312
6643546167862871001
6683105602950291605
6302037550169730106
7332636228593360559
7089187810543788910
872990872223043969
2678504105947603310
4773809829162748705
7924824188477925687
3310865686614491268
513717386994516184
8959953805180728244
8924689418245888620
975742713641799813
557240717402676104
7980039408224544753
2570138720644537353
7649430357482499413
7175359388391098843
7225108106328708344
8708988498383101146
7011222132662368256
6387092168522177524
1959776808074057965
3023772238974342691
4699234553702934832
2394134308254858999
4060609411194124743
5678228899165289963
3082393713692239067
2279757271100561421
7645015062160952321
4321800229572139880
1843914254950757946
6199507663461340395
6260841795381957956
812224856208328410
3581227382914070019
6535616294203640911
7640311901258330893
6252867197674047948
8490490003792405132
2302435078931043517
1738636067865296603
629779932001841769
8484943508702897047
249019015828367628
4648482415429715456
2374076161911861534
6340748785871794724
4813274551523613183
5011655581454084396
5521906255420126034
5524886853142498841
5526889616502062209
8997473327345547105
1145639282934914076
2229159111594009622
3720730164874960640
927069011168420328
3355191095106104859
2730118368338410880
3243808570906715088
8092374072758836527
8797306059847305332
7621188432610104288
8767172280110260900
416542876464548508
7214620025172821135
8197756218220868850
904143889284303343
7353981798074558620
2580824478177507085
3894684398548980926
2368115394359739812
2695141751893079717
893447445666635640
4811531902051245534
3284972321948427053
240816578035584482
5518474469904038238
4762390972046529158
688645217328955994
601593864915337987
1994249597733561074
4939648788810626385
1319738454067822792
324515659420419603
6284065180043922155
7074602622401749278
2182571577492641395
8781332986201033342
4986325992784314742
6993148079199939700
996222651882926469
8916891246220707553
5466938524645236927
1052773862978973652
9062849236776558075
7426717858707926899
6148158540688287505
6434206632716339746
1621592347721894134
2436349590807919703
8787067313422184067
9048180493294657964
5485387284322001084
4550021022881126691
8656758199530188116
3352096504795157366
6160442797112384193
593323063278298011
6995656601466805280
7505988152340405890
231692569174274857
7469757702826812086
3098401957330658423
2724075441567077309
2648636190372225993
1959635394625610919
4414257760530825791
7567784134220496049
2886003703884331889
3297723212016298950
8270221197962791654
7523386142168172277
2028650872860856296
266858829162842630
2130979112133859479
6947272166438110399
3772064146084720349
5606106178936265458
4760147171093205275
2401966566803064888
8216095942810939272
2634067710083634324
5546429434822159985
6828727353627520212
1247037827444214826
2853028768646379625
4317889121659416124
4941922897342238965
5288031860535865753
5867092956874831296
3678562591012853712
2622877336854567234
202734851054903718
1632841181264558047
7932276223926435751
2869012167128582270
921335063210432556
6236359220172191376
2852063517409299335
8692260378763266868
831724819004407792
499764814026357186
3555717682327207451
4406040755916293716
2052817743814367539
5087428446684170332
7806457291987900840
3206159205249900084
4120567890578961260
2184012473906828119
1206170017275264619
6308851737532209590
7343470007067957295
427742376526897981
3025313661765862321
5680147736434876502
2339871778936100536
8024969705375684450
1650857931375362711
2191130949319161625
3828769776983059853
8116726588746614593
99703420156327323
7343233518339362041
2561399953651240466
5298102003128693139
5355896834003985233
1612229857138981004
1577386209000499838
120514646416169871
7198395954648732466
759187776201962360
1199713172595313802
7976581879461330301
744922646384408318
3729337244222474239
7931534651354675981
3939248136615284161
3950544909256621101
8177359646125726239
4540582378211936453
3958311235570382095
8247356506354751496
1489542936849161020
4418666718101840428
5160192648501672014
7748449307579979872
2694253414213786912
2699865781579236440
6048820981693930324
5054803062739068919
3924181753987118586
9151482926251490622
271280942469287101
4937518048947655819
7561923474557816234
6842418924805321975
6045118531161186156
2672619567628322829
1266450351403533880
7026244048624636101
3820816426797815509
3694380264364070935
2493794228423255427
5799694184706574843
7333502563796336824
5389263664560610919
8385648628491849681
664662091946925789
6853771155495290828
4265619630358332883
4323325030110624095
7019539506307753848
8840495870236070697
1474794304845633772
9161642485171142230
4949754501455522152
6560568302391017079
7365086034527426810
5067989521370490122
1958278392810712302
1654270662427334095
5639645563684288926
7763985796314939951
4515343686649735803
3698751008943579393
5112085585976779302
8947168275111766681
712577917502816285
7149512141720351751
1716076259766422303
5247651710594409544
5968000532178743779
2459632263573728157
2679089756953468150
8814451859044567128
778392775346520289
3897099784410011045
4093240044795627652
3658149780460427388
2020419944488373969
400050184176110700
8853145546647420310
7564027794844780235
8029602984240591267
7282903058317665611
2072626772100976336
4872869855864197504
6343782899626910949
8865175950057443990
6405222507812959482
360502430708800308
427050900875277013
913954098006981702
3109627359560074978
7891496077954287458
9085994706605593262
1687405924437167837
7137152968978244608
526669123336097567
2260853229683735913
4432906923755489683
9033146753319605322
4009742720086319632
4352207840635040013
3255931067549766685
8936856346190392779
3671394965634159683
4050214503716383785
7822703149725277634
879308247398988567
1955227806642176291
341201046133591979
9130793086333223207
226803104306251058
8934357917619595907
4643905307302265056
2471603593058871816
7354877977627839034
4028940473582260697
8127356957250347769
3822110149173073794
7331831851429333080
4858852769357640545
2017321498101841511
1299448948391941935
1462283206583651514
146801272458628684
8802198285576795600
91381332418567684
8489070390813898330
3811180297602253579
6669826533195360549
6741739689488102971
7696959986477532725
7308284369521188168
7600354265471414262
6880343233889133677
222635251999889454
8741953344195758692
8459986096335035113
7150029519004535100
2359346921610375640
3889277972987210936
4592357466545295711
8909396853054145825
964064792103654135
8782831153889126989
7650922106662109635
1629050161094637463
1593078725135934480
2449838528381439449
363008567069792899
585299477515637075
8860058511065112808
2866774052365667560
127142981529403922
1295861231631692020
1035658134916504624
2379964505324947398
8471472142625315450
7096493575830057613
5541450192972080778
2610153736866065653
4596820680555756548
4659928347810943284
1092840800820685498
513048206740623449
7836761418941544722
2302609986622648825
6443978115415589266
2759145960967773015
928482383565575270
1251485695406240081
198520070859367680
5696871768807963342
9070344082167747061
7811283341314585251
2370629043730336580
3651368600959431269
1328252566327798442
314949855574672198
1518636383985601400
7439832360226934771
3082767590779215524
5508752087503412014
8893023620000838369
1532785298916064530
8445209280707308295
5967075451944463399
777752235983843278
1226820882430015974
5694418044465936650
6001003998833980706
4418370630126463680
2745844231732366704
6310635140371778520
1644222795818358499
1201118321988381571
8135540443624982266
596739236521735072
1014027067311140381
2209115517812114952
2444199698195503204
367793785812208585
2626302381906824205
4216260784597211858
4167631067421581607
6199154332263497662
5591173122115585493
6013210614625107093
5153848960854836905
75593566768948759
83771604114997303
5529214258935580488
4515564424489970467
1505159367681728038
6724679622716792505
8935098173253909456
6916972856625357804
6875823756867458920
1174171145768450178
2537962948242238640
8248708911245390316
3325165032598121325
3397238004039286730
2536321565707991877
7779290690757576120
7877025666375769671
4978084798058240496
1377463881638928455
474048763152267343
2506315127028628511
7478942214382242170
2371741431491708500
5997218234223292024
7875706746336012943
313424482707731923
3272196550136710393
3153532817051935863
7917924542940343183
1455762289385725355
7478473169643436600
4023423558129801597
3142871735368556800
4349271508872226191
7220667442040156431
6400917273318967646
1028919372453590550
1542276539018341341
4041873569276258321
6415647220466074565
7164021266659695846
15045402006081153
3210836005957693696
4940051295092989327
2979877403731696414
216241391949095864
8156555054706953842
531933894482453414
3132197078293202427
8150148299139944665
160452860565491408
3707527861128732634
2432612528259789534
2489946150749027388
7623751144157206406
7970640683715221812
336129510160383265
5624348124598878156
7516156472335524442
3722329949483731661
2647207126953902310
1271418633559411355
1173722038359418065
1245596362456998453
7584111359880042820
6847175333814015752
8128254763435617894
338133107704567807
7785368403239334992
3107330594173780717
1275451522343884192
3461584326547451939
2642323252450331553
697260202588964458
3247455964821060686
1358270243376181666
3343579539366350631
6980306080453631751
4675404390002516952
6378792505438163264
5968990431392002621
9219958328853114018
6327504053424120084
6230047182394042329
5904647563349685502
450738987677822634
8247110699252272375
8116298809437527076
3543849394005753058
1292682581801561578
7702443365773952586
8564354573116225357
5838336382142295591
3965169599415696773
1854625954788193357
3489155400939615617
8070024211764295469
7219713876481352921
1483937192132779584
5999188887644132031
2197638580545925060
760395610069568356
1440155908497673417
5988978610104412201
8751002436666181491
6182288046288647199
5509701992756972572
5064908709653434564
2995773491307830962
5658459635149904557
3727489149599782717
7083803445752889321
92866895741553225
4722357649217898343
5633523937930933718
3210143320971238455
2375929053533486789
3527000896005705636
7383488566205681615
4284555449813160410
6840447031156678278
3070824606855111019
4903194341176905850
7072149273122967608
3381452069635370464
2240728726746419248
212181212384379617
8325884787452048593
350877163978833949
8224123096984572749
8826668796361310178
3728788705178908632
1982526066658973458
6596811947785693799
5214401516605712225
1275032535732963436
9033615774162633393
2598942384099848523
8002367162956371270
3487910638671258433
6087365667349956190
3621907324315732237
3813951930786658461
6697272585200223031
8585309717553743759
5864889376099652252
3834202981732199139
2213997548398722313
4188061754615687909
1513079431229442381
5141759445588178869
2005986678484924817
5329181875847406537
1127846105352012153
8844063756982837204
3960345575446570266
2958298284750606547
6196616293351558412
5052340953165555782
211699548632672044
7121109990989666874
8369095149102195044
6649578323967134989
6833184160231438372
3753900045641053215
9076575786274270588
3664638812331112746
579207166362024392
7972024612794375830
5830043274461224126
3515981933592142063
2865603143090031977
8981759000155397553
8580503669513918114
2167633240474755088
7507251064105352498
4567853384426385218
4846191767041906683
5406966177315245467
3381278840360117342
6296512048410499554
6068987745788814749
3080103138046296187
979811973047311571
6517013708988049742
2193715680149698433
3975907411281699637
7590544371725717167
2330117944283135494
7823494191736686775
2425804923756902362
5763294954116284767
9202693109776537479
4376357503186456811
6091301440279507265
2689164191502873942
452153166688921919
2717981852060348290
8626117666579684919
3449488562640587371
8697849159820328817
815749031134084650
7192931283075157767
1061808957340970536
4300513811682231586
