8636975566842708048
8672057218857745680
2279019410996674060
4078762162158571944
2648753198907482096
1373907343167815624
5108392110164079118
612726564972859564
8907914561442260151
7817319183261536244
2086575709644792694
1932726898489780505
3040845652494770013
4061553811932744359
1663652379184652615
651501664090279985
6444370219845894018
1299704320344616813
3690229359570169839
2882108163934926987
3692791949590413821
7671200110765175659
3834827129243837413
4072773849700963226
4794337100085281463
6353735530783690145
2953033648620677954
4021573119791847459
7198839679267430204
5057731223198850169
4510363773678562494
4916873269182034315
1912956821278652903
645270192728622245
7401666466408076376
7472893761202222843
7430859906664682734
3799433632343621900
9100727706602595159
8571585442608650418
2440136674632093014
6086507477395215706
2324403278313312576
8067097149386439680
8298978534595030344
7672086047901992648
7782633182854771905
1478808853879957583
7889467786292225364
1184913192773295563
6612200047770412755
8832214697271191696
2048113373084399907
2949309431852510992
4902759996267438870
6608008813021127527
4953761126325600735
4711910749782776314
2883052786711674107
1432773558721398486
2730148391725039347
4505644855580617640
1508516945502545954
1577986845331767590
7332923813159739693
8805038730873340900
745464039741675938
7106887588246754887
9127906520260288874
8161219845713933965
3463830253732683158
1712615576887950761
2368057372924199691
3300902318264794552
3936354390496713480
7899808903015815904
233357640177664584
3617759140408536780
395945579090956534
2447051109824824328
6324218299591205301
6647931831065512642
1978622562370452414
2601292343870511486
3113464856897340144
3981482175525834919
6229194496990301545
6521072943164195339
2084947330607962129
8772545840843306582
388641611248861664
2240862633697590525
3601147265196584992
7955869564059564304
4639238274079315205
1721450674227038716
1989916621133203942
1078136557289731524
7722917754617787228
1339792877314283639
3347284860774928880
6237455097884543082
6548513329709525424
7656667449660997395
2509599140581475072
1157253422730881709
6850060477410194351
9107495334094609030
4129887147377298297
6643753272263192490
2681280515837393710
7825433372810566969
648427422829563331
2252534373929354669
7775005485001674600
4704192239742014401
1877639492246310420
3743196483165052807
5453488953473105321
1179185518479622968
670560834824463375
3891838038100383043
338693904192143733
3953634157001631189
6221223275411933267
3770509132158957101
6361001321170333377
4193910456504154966
7221329715309721421
5902775851526943801
8659907018796181983
240822314276179893
1415654803112230493
16955871246615023
2846862421056125863
4198078196711884289
1938739746302227141
8780180929900548636
3819395286385997358
409044570011726688
8787481729672932637
6461001883742832250
6279887040903619161
1809675352325267844
8944924512676916504
4798828611982864083
3226939029011857992
5403096189233075616
6655153869696400363
6973275777583786593
993496821459199021
4291705237646220259
3484523265291029202
1984832774127316784
7845425581697647252
1220691092515655064
1365422519887168389
6111453433226969739
1555088779982695139
2000412721539002799
811941494140267272
7187577608114642784
7085026260928045249
62330973196727492
7981779260560530846
7105711451204936173
1707447559054054739
6632912546006358316
3988723402973508613
808710265973197635
1808776348832282648
5358245338530285653
9166784540834932609
5518372767882633292
5897873696149510519
421772174166470676
5362007450196450650
4994420898931323058
1401202859938700004
1177294539648674829
2662845036306158715
3228317809984017415
5395380804038620821
6369370409591610639
8936452402367191093
5173277293300044346
5346275487652389192
8288031808137963418
5204224036404303030
1209449454059323274
5578063606642444491
1677937539499748267
2652187260595995278
4452341648966191064
7237231779030899751
7241614272472215650
8944937527617984244
2832377266744166112
1931483465906733023
1429271006866732184
5681339802434227464
1754076917193704533
7790049449731750810
4885191416459230619
3786485859086608321
4825685878259314097
2163264167685527512
2119162246776097598
749528525388985616
7295279232776928511
732560952803859038
3270098105800683660
899236848043916140
2960925290552695135
2321551356481059530
7931232657771312651
5800274448529851342
4265150257373383303
2516005332827134415
6687560777076497126
7751160063041788473
8157115122187322696
5338120853269494132
7476362840568035550
4915017398242421865
5537107242442569278
7284987552686269703
3958446025061117964
2183248838492017107
3600623106294001402
2608208777095566360
1465756151024049137
6540615308424037409
8186490745380635572
8338607577699209018
2620154111283630425
1514913929964513914
671665870157012731
3822719020807238045
3368016638560476735
1410096346253115573
7347687149488867913
7299240888617629150
6319086762484020097
4603760241137645922
5937913244677649911
2969039178093589812
5056554249946554108
2822296262981319192
365038207353458358
1549146004546741620
2055281249657838793
7153439888573291687
5573166723836232000
6399320502257570353
8020785405205567306
1674069915735251594
7219077414339809732
1024827666160693897
2468810539594440638
6310245461155368410
8503396478718130454
6871268697348188677
6045712927882912112
8581294906671672244
8562443923913700485
3067600364257145771
1397306231819201326
5515043121429076944
7921824838583733316
8639044612212418198
4949005361778783034
4118797127692241880
4624177654887556482
1857856071447229261
8828971079909877029
4642321361994771646
4037143438940619005
8016346837601897725
8017014973597588261
4331672878045265298
4818475464048952282
6106423811118107186
1169858154700216283
8884551033210402766
4124998308067427455
4377171779767121061
939175612694996335
618661886586568197
137662540971438710
3849328607760056093
6523608242505163395
3393567941030119405
1617629050411226528
7695120224517170883
1580592143465694406
7327094739142417111
5751266096662168605
912980080700666572
1587770123876084037
2435176721489537515
7615102552102946098
6223431607408852431
7108338997549262040
6569068712018476914
3917583716786051273
3323126692309146024
465836068574771228
2821778155413308988
6838882800322317837
8310161896871887003
5577035042900531676
1253998984687674748
1232082975742159500
6308531099424018941
1444366798204293360
2550645258713551136
8714325548232753675
5149783516545495078
7835254092607671382
1721139948888210368
3562547375257276388
5085209048177895439
854119583390372388
5505973384666175009
2470959423746292094
3626382506549056493
1185473923535226247
2694482448947838422
6495294513504852454
2777145865238794527
1797631000989645717
882416496428861873
28731838856412289
3372799732470868465
2245978508851651237
606548245537455906
512165247425325922
5553360025076270851
7718119427287486930
3876799198926059099
3435193101603738600
20397695361451314
9037355158002175561
6834726489215951949
9080451303700971802
403759068620196809
5718464978356338370
1319890489849634998
3803572797892035573
5138599460793369478
7738466344502004456
6870729178795922139
1041288101774147651
384246043882755381
2924174148729999255
5933022119578081785
5097539459728250929
6943964741395940083
526624288108188702
5663438241278917462
2170564569016651961
726748600975589045
1916971505533015575
6681427311710004828
2693628605821841542
5989231930340570916
3011889639823534019
2435124921110043010
343653765081876397
5211774759777496421
7934429793072436474
112852665600020342
3800095179020536395
5944793502916806100
2504661168612349064
4241497549685673849
8598979685313257144
969053145738063198
8719286463084264422
8498383797406134140
623236871718691736
6634461196475947822
6550602513898970864
2688981952609707886
342457654650308684
7527478793492095848
4766848785829495709
2599786159768486201
5908481890856010863
7700273552372930042
3342385230789070052
8645408913761305767
5240304233123245
544535091822378096
3287171658315489259
2494502559200956815
1267160897141924063
2962947118841318776
1419548015465223243
1894095765563235577
494412022384974989
8313324433532887520
8616409351789488256
8007711158503613404
6264829054996950729
3793328908554184986
9137798888741821830
922161866746484435
5330833391093397933
856721275793368278
7993263607560075982
7758625767962047838
9159407606491200576
3207810932774010327
6624383377885676818
1869875049117116361
9205764777220764725
2238293399990052551
582748286141858456
8524483354612934940
8850506213829665791
5907292894217303503
8414209260815852890
4221538184409327508
7637055136541556744
6050364784796758619
8956463656215591281
9211231916780663677
2857330437830994572
6119091508127813949
5180662356656751246
5758657027395171998
3153556279933813919
3788209433968157886
1102884355125497291
2349555745257058457
5536529131038558683
147951465681914879
1279759217653133060
4566380130884925611
8184459622108280872
4346526549057486082
322803054450731188
5367709862471860568
7243777918836250820
3711083027241194635
482258403872196258
4604032914254658405
7450578145311201350
7623066498899175506
1357970976431043674
1907531584610844228
8571625629455166124
1379353771695942406
1245827913831673964
1534514409966229910
3445304363491414284
824997304204718978
8672817616770586060
8576751196257086687
4786535153183716330
6334889045651424764
3028106387132972668
1121871590587401121
6842190349455192726
3997690653083892285
4746285686714473171
5478502029334999714
7143531445277780976
8826963411270157222
6969502112070606464
5955603564097641906
6008970397630720623
30006009386790802
6418271872046577069
7316788613423037418
6381993449400169868
5441860138657006780
1515040086191807013
6492585780699661089
2258162600056064703
584024096165823847
1832515125003897683
6977270761455564799
1715111874202923172
9081200801205444204
8031296492780615359
1296617682259967707
764827157840579696
860294004664923669
3416995657086448920
2796563328397632392
8873291339354117052
1033824149493886890
7826640691601084279
4361392069662979943
8769605130306994234
9021915879911191017
8422247188158078626
8752765702387728118
2900003867869672987
4676576341271953102
4452418293209781774
33487117080960832
8758634393857786240
497181235059839578
2066501638549388599
6656919637902610868
8239682163281678163
3511756790840860388
3972533031745656628
7166300029374370762
7356262489367709311
1052100553724993376
4493812947498419116
4305893481968454285
5409748802204094356
2621487748773759071
3375065695218857043
1768444958987774061
2380484430093043882
3440569739907694255
3613789160884975096
1835862440521435468
2922405013690913580
1869986302665053281
8314685113989129228
6046884836739302207
532245982555257618
4164764772791986801
5771445542165059978
7120239269606744212
5691035578095731052
1128789536764547049
1080915488214339835
1336646327889276739
3976757111015516282
6575211222632108821
456691053915599834
5213796406881652825
6328924358588541949
7199680956861731051
4888259306423385515
6080684525582997633
2084939899370487165
4184969577337748629
2344436066025882767
5475452579381573738
6003830379635662387
3792450336161164899
1872473500341960295
2076769554915609950
9178489322402543213
5955004321452874907
2498251870462580437
3363829160411017742
2475211061818905302
3440826509728252804
6510134369503738677
1913412232050738559
4857039852338751086
7977492383852330735
1811491948044702216
6258425795209798217
8070823791270427017
8161602339705209082
3601974244601867133
3051648726593755663
8991735357454756428
8973024087954437282
260096011416626982
4674793324435097255
7070395177013981595
5827010108540885532
3239469949659545756
5181654134237883809
5256879605226013180
2482255290540896287
726952741280097799
6235154732448336409
8396075131517822223
6239872534053334077
8457276001252785627
7160856290458081854
6689353992623689536
2315820498462282252
3296436857174093146
7778125943463576089
7642767820747728980
237963675057496012
853295941684621631
4446247998171297602
6063913431452485514
5492215588220434591
6117464500423373374
7570746094050796500
54080786196812836
2856573331960404758
8834562723600119024
2263037083106551380
3234193552996653090
1850126817769452924
6408522075455095667
3034989369278698609
8035796255875238462
8720464772492765016
2786403262458800705
1694663690854621109
2885567656534129966
4590927409583897866
8202113223983752947
9092026770455302554
8985191309090138217
4047919666576598164
8928312256803711465
7631302304408935997
8921302198860744643
1789806165335976499
3444604721114966822
556646753434306921
2983542869034287613
4455074461982315558
2359597643784487688
9038170664846621269
1337586501511316170
3923396265709074638
4077037993473169202
1372002222640399106
544477211967143390
9170313309429214155
2514929804626445738
6880359818891878847
8616471889899595416
6192137688808499420
7925588280243019249
6974702728731865744
1968419048533791514
7610501875003875857
7902188751619223819
3657159832552156264
613419350663343578
7816547526284099240
3419262629587403347
2510491388561282566
9213580372202615501
3148308584774411005
8384930177548899114
8591168646007564770
6565900827998986425
7442704797844921016
44659643478317734
7168000474131481262
7057644943406130237
2102045725598649319
5300556945913397378
7735515706672266427
77809963525344833
9174672351921500380
352220129721719947
7716158217682006701
7502546156035925071
3293118667022362582
3430662641843754969
8054295980571846366
2305089663618204066
1438013862954521731
3274683483547417443
7792816513896106899
4003019504703502769
2845147742473691653
1072498895146282661
1001214709483788335
2639559805304911515
7601299610631729876
8217858916938400586
7554257160648646413
2248169375381520754
7977444631884901490
6161386281478384677
3215329170151840574
4858516257243197915
4007270257254438029
1090078915971032862
2387650711113836954
8154571347053004372
2383086679461249096
308657195510439820
4048943172096413652
3848497611487568775
2583685084236500403
5351758256887392695
4564230461667693375
5530305814748460677
6148207120139085322
7992240224825265632
7963383064804383664
4610179795658189172
654545733384371461
428140013138567803
7688961183420379777
4627098154005203074
4578781112058033288
8109008129261017891
6258798913946482770
4258202745158183418
4493349157248097558
7135494294743086766
7340339453010040373
8898069074966583881
3969824543844780270
2657550606263389951
2437012640384014769
2193068571440344154
8068582919348114094
8476413696434784379
6966556326713923678
8048990378309254278
5845839254792041981
4359510450070757966
2734792777801550927
3155666362401557197
2931398348198439943
277333954290710118
5101167459596096481
7361020538083949549
527439111080013284
2049914606520405781
5137665951932057007
1873208314158373643
7398938520493045473
7046220579616652245
3219954712074767353
5714380480572644256
8980445609687871296
4332846724106370377
8930882238659916469
558406572528807296
7083012663731372619
5413345456196122778
4763241557961088194
8325364450391125577
2118237605134889457
1542331120717608555
6526311005116379292
551626813628863456
6418014967642447311
8817487739059723439
3655901718934633511
4373303617471880771
8191668801725437712
5163412614479147476
6313868698174671096
496152772856743273
7661258789289140319
7239177965862224210
8805790902587684276
7970767582914763820
6006817111849143431
3342352029641697598
792757230053156335
9142043263957614959
1985518250356234760
2225716524552092058
305077053458642851
4351652108380327531
1650332024038344043
1845765643634154162
5790846262860951255
2223046293736249384
8831936103503721726
7780323103616946055
6304586602508238991
1236841224587007049
309544377021255495
8665299744245461715
5261128559182979409
1842263465913243480
4893507695533296085
440593739039996379
7584874406432021891
3331421297197345579
8661454337448148839
8873764241037311038
8966953930676979686
8567502889313070766
8533557029016384140
3714945590031152091
7722130757482436531
477902249152299298
2555747174940929187
2334568114286174356
8548342988518901389
7114720446640163253
1445144201376231492
8644793776311997285
4823238614944298370
7413926047163879959
4600342553190661847
4522173563261048559
3543654726100544484
4060744578915426150
7773860255027473268
3886330263555195237
8603822808909226090
9051722735513477235
7120306584962463236
6810129339198774513
2834992405408044368
9126695777621027549
8861948527474746901
1138325044863941334
5282376932174913931
7377060574567180337
8448086605364639547
7949209482250716667
2960166502345538218
6813245478386856671
5355038005171170825
5084206425381664769
5305361356578577902
7797003935862633268
4711691000552199230
369352747836240433
6137623757715343598
4592774887742744365
6642678062624264531
4482792347639887572
1431994955795127325
8701950013680511874
728201865532165044
8355843907970674669
2823869575091532147
9198399784737008262
8815485877399869050
937369185489572034
5412115054338703618
8866634572305364577
313207905439700346
5478845611274470683
2565092953127726897
2166884267438188873
2388517431883611045
1264565981064175388
931761881573639713
8497512345242335300
1215039778719682522
7237106454794001105
1363785062293637861
3257522986000737151
2352594330855257469
7086015531678542209
6664865985957747710
9204193910541926221
4229257344609600523
9062168797034653269
8822314208606243985
8710002295004823474
8744635242281528329
245888350180798131
8869603581010325146
4954074408866370634
6440181189098520478
1912033590792747606
8072373356024431363
5471075664331991499
8532723971046926152
2579089012521027193
5397488942286728020
5218642754544209369
6099793714079724948
2214496201777301194
8173634610659043701
5330637447363697151
4631499784815854416
7365169939198529868
5106974877184053175
2450661944636340999
3761429580799245688
3615889863330231088
7410580917346357187
3552519762301850370
2491166699589231187
9876734723893704
3015884626069596144
7885001571202424471
7778834245832950670
8379592544621863462
4523415683997887939
4514354078672267375
867788316706185118
1450985161691603457
7569603029182394277
4933818533201427982
3922718481729283948
5073736348568883755
2497260184755926398
3664127235751901554
7861194744016479565
7316964206739194043
5694667043884395730
9067122447157569989
2125069355432837796
7274036011716855458
8266195901288614343
7793339899592545419
980869976920903645
8627314410298036935
6317318795491189539
3974762299285942367
9076758046083053554
4956198550167576963
2596400431550499284
6980286524861302288
1079255419238114806
1414953644842632420
1034773393054945376
1597281248578393761
5567243378248371369
4402307569462085753
393641116436282806
5676327708576807903
8010267626203279785
769978019703696344
8758985191711071409
3094411953822200532
5669526999159025811
3823185674486859687
8863104321170673766
3597352717995386058
931929546915717221
5457273699732899581
2823179553468012041
2119168687376287386
8688020079571151318
5987601115970201004
702585118493831615
1608069808955865085
4102720664607849783
2320430359383383604
3303415322403829732
1942244209512199556
6248998013555154006
3451695988011147559
1584664142571608583
6554574734560059186
1134307195737622637
2254726772703013167
2429679981687363378
7574654856010097727
2062152496528920507
5588799084246077631
6018465548324580671
3619088238772037383
1353609198744760477
5327160747104073027
4893651713863068435
7526250171907206432
6669665654700233020
30443821402395427
1349945297284587471
4433189215979169033
6772671760217568030
8516707203814582188
1225925679760867816
2284823166208857650
6056930102856649379
2588273324563226976
939432756987141785
8690131665779972709
6527151301191204747
7335973045094376289
3121768618960409345
4454821076906174885
7638987793828737093
7013906033168076298
8452661894342894288
2247201636869203383
2969260501375844084
4606201822848117900
1712217436908847353
4061760919072070665
2179358206724157137
8211322093530454119
2033158254721871287
3406065786122077967
1688982997669832768
7343594679899472426
9099650568153476115
4377645486335095692
5376220855353449334
8534821207401749867
4701968104721066650
1038899534438870967
7922515148231052906
5531184507966926144
6185815845146720981
3578068975114250715
1480033732018243793
9172848024841319051
