2880195844556572645
4777735372171704432
2709812745858099976
1484615396366543058
2554833465503802943
1028550308401598596
4542277232411570696
1273296524283580094
3415340244683235914
6892826787181702455
1221219804811572144
9134070610596441819
9121543713144419087
4357612353565481732
702594943865051533
3082741049171140422
676905593918211329
8350955222952794082
9024034836200946875
117206923054200790
796642455002481007
5864245246713208747
3635623694739710431
6980632176881995820
6726257090459621003
7544692296394718849
8220954585103598143
4647426286196753316
975252669267620411
7896519789899346569
2042235214179186018
8055984955800677405
8042894308113183627
1900859810211668584
1531038122434507263
1089835661593360137
5154452337266422202
1112908409929713246
3656377986567425589
344113290088828934
7895523743023317255
912768425389829625
5123294630317295608
2204799452759486534
8359495089504239240
7565817204237195119
327415651646413868
4317367320956578125
6982644033306463396
631501790486697074
7106781862725610886
9020735737456564205
5987304036123464247
8195882619451600874
2934010482809478045
429561479085955584
1673195835733904764
5971891271209485585
5985470402552742693
6839117062055103453
8896033459673072493
8186889620346238253
1617469104422744534
5873164287885312733
5866739952588481786
5307539412893763696
7279240897351608742
5254119302660992416
5482259731635653126
3649340434244990886
8853866859989629501
8326091111133443491
465241002431117525
3097021664538060355
4208286308483295764
906758846051868242
2268167358480216864
6183269955450499477
8851645590585358132
4552581330150052907
9154955376180043962
7293065455361187662
4764705001334165216
711683329669282364
456049104641600411
9053740483531074144
7698681612568218650
800387778842552325
7340608307618006090
1008564437145884195
1783422012248758218
3642711911946982359
8013899698537663015
2581081341369772597
3055965379298691998
9032802353827694442
6926479687274880665
2649441414410366789
7121590548871974824
6060472350407425410
6499184024591567862
1069000070308846050
8794658687659055346
4946752612484799239
6847333490434895494
7277991620860123381
7283496354592905986
5492687357647213957
7546652910945768755
547513294347246304
1942203067470318816
7365284336220591991
7960266067351585679
4716218987883599550
1979733518463232745
6989165544606077069
130204581598483299
6594223304686888820
896505251323445552
8086414918717301240
1753682007930557810
2998671002545949122
3229296103039776022
73699037657909344
743494799678200251
1032976926277620761
507811265295726538
2978024106663377180
1818214759690287402
8658977410481506420
4820994262423445763
1641255959153808564
8085225357616263281
3055121155636701246
2092763850998313230
8995331385689730369
4579604921937069235
6284264579517557329
6287467717859983353
6525960830523774625
1114645431973726572
6855599329080678457
3456666971045790541
4196871996338417814
7304088637415820689
3476476403653271501
2625337044819095121
4034410979165217479
7901032585844978525
6184817454777517117
2780341884494903917
7436211028845194343
6579208053072496770
7117250488306635198
7690955182017140290
6135263973051108376
8566902471104452772
6791536818889869957
739413571229834781
4618221251079525107
3047522201229803680
1603286032977989177
7854920281164713276
9047871949002771069
6230161160956162458
5818654382469263872
5787138624981270572
2287414649367035287
5206972855779878295
9140097737188031624
7111374059966869422
6372459162581924784
6786445546126301466
4743035835151524098
5806595718981560330
7420869034444307228
8155290989633606746
355384513185057574
8787997051002202179
4070450277509495393
6184171509584785796
3355475178225772035
6047599938156946879
2037129492742013446
1915886295914839397
6334975371085545029
6052710208670346818
8139452201786813939
7855819624676465895
6809452812842249197
2044919684622941032
385403609463524920
8956091972796207268
799089315551349115
436576561691026063
2613427067900720519
7694365297325327550
1985892749396869646
925199725108239219
7067008852466195262
7785431560150018367
8386809944053417091
7212553840948498132
7762919105246710036
2278330973069488114
7903704558826509973
6059004501848823733
36030781661780630
3188781385132353950
5693694525036549034
3298121700460918019
1397011780851472701
5588018764234798992
6801569086986839721
1687000962246272234
9070988363623533075
585382691610806180
1980431752639745008
5552025705524290079
8549297423600274158
2546831630601113880
5768444779869284919
1111086523790233415
3063594396347417842
8644844514767736512
9070233942467522132
5628035468871760262
7393125704286816851
4695083353342871711
4712609694593971863
4269616988742186773
5406565553050703218
2267888277820069239
1534493431886445580
8038937807007427954
9058129510404069043
5241260594469190290
5953577744923312181
3093335357437367358
7976518451205371729
7379099073693144520
3257455569752894271
7158954355526058803
8611395138151502029
4546770069953603367
8957876137553215718
6003368000410897800
296809176600920937
1169909868353299423
4779308599028696189
461512161629300982
7428737328919951171
1883302080346510661
8982640138968346948
475010257581818568
7463904279957090939
1427566720770845982
257179241729689089
7392644929169398224
4193165139421729646
5522574950118265601
5056853584129868665
3600729215204065827
3551539966085362518
1124517552808766370
8858695879603605921
6724556291869754771
6175854645043567707
5437219830031808000
3860262638627037406
3416527205685639272
4120721710843173455
6005269831049151587
741164190218343325
5980940982529037466
7603231597687280193
2189304912617276051
4339166469864963916
5121092119924452615
3375818876311479008
7938484437794522877
5303258542409272055
2846256823142324540
5813680856176892743
959527733380686836
2762700529134774018
2543382531539117817
4484366406200821323
5356159046520722620
23756488287437167
5716417905963863039
1763457517280281447
5439445173018394818
3001255967115329471
6887537287410634471
4757574442092182443
4332041124262696828
9008955655589240934
3146306737872046731
4222625924096717403
4004495587089984353
3796046565716905442
6079565087731439501
6581317265329158669
8215573622340879381
2519065506248691766
4212650116206654069
4884690048925419678
4676116952033730555
1591088081597797760
1291288301993418812
5672219834475327483
7726297040449675768
3222280600290019117
3480544874087034309
261846246137103434
8742949009691761180
1504506984281330305
5490887820334865069
7881076267670712333
6878685171445458019
6785243137326620522
4992902983230726990
1373490023546465871
8572697186308592131
7879766620711884949
3518531362222476319
3398339545188646574
2577773963072179557
5432829733593019329
2161821921203765618
1687918787464389007
4840628366939089440
2622694771343562912
6507702304519491389
5458259855026473872
88351678539805183
185777962549459859
4808439081005207710
2532746040722135131
4490309955067647695
395844073924106991
5300212196715803625
3806233318076643888
3330103881941424786
5276450214726750367
3782114889697239646
5876094171015356588
3231999626710533804
154999154644098706
5975675642758908024
8926172996617160667
6076668784661962800
2830153632592717238
5628954456503539127
1328237684437535025
2377396098922762212
242701381125188732
345596587141758679
3464896510368164087
5753538971026901026
1790008192409751633
4166024829965632185
6567991711196293214
7290425941180519140
2139667109539851121
4308478403644230673
5871806019346722147
5886357322201329502
5327605722644778191
8971401445456719719
8959434431466616699
879704138242192392
8747751202200144453
145544012719225114
2711000783906083290
3190839034944080457
471344291207335034
2520584329857259090
4602995325616762133
3752967179279338289
844453579139161735
8813461746454616713
6195169515428623038
7377008021793049506
1291928104616748489
5276021893562071450
8041530648629495613
655753429805682831
4966862421162334008
6296703513982045037
769026607597696374
7655448266785991683
2787360593533826729
2751131172378889268
4339409259900649350
6268169225081347560
2425959670096675584
8471531799529660236
8395517373932319246
5496531456635954848
2812715945945573254
1223820367174450683
5262463633072520952
6664009130758617585
3607690608621501808
3304267336735366446
3271539328094736009
9117520702675621539
3720556652982400389
5621360336059206659
8387290022343772721
409886293296469064
3268985454004764408
8654990507188659023
4638391205812762995
8731581048742927320
748828613183761771
5035531698447861176
1042822606222780368
532216818438271094
5644225876395631450
8131737872775933509
8409332274770385453
7774125013437140821
1584468553661268748
4190817932883779931
6543707086080156062
4266246711888141201
5026657188127893981
7050518465386883999
2449627991233062552
5653156066745028511
409693499451013376
1415715736960209659
564987107765507518
3531559813722891869
78114064650701609
810829262330988292
6898813653878055
8356556988156898633
8755396303645658884
2635872450600408422
1371213265549425214
4835356190609759896
8379120399526688650
1256253761291375028
8489225761975908885
3642949885337790028
2506709979410454485
7039797243498226821
766087002854457407
8882187329322139912
1383994027128720960
8967401467664630720
1412695178953202204
8373506007954170818
2977307645914230805
395344262204244588
2319925644563852852
2638071833745809164
7774031135327908660
2070056221517028036
358048347189543365
7834803256263039913
2625531865838018372
7975264057619162576
154352043920318465
609730891157105411
4573138308361754285
5096592270661679211
8142099540641390086
2837709220617590202
6892090896939541401
6320709325929815065
1282246582599627351
9087853100645029052
2555265790542150970
6480250934805196356
8655818949664212840
1385191972676563212
2174021724253077214
8513820065794702355
8503041475071599919
8716727414797411387
1036093564757677818
1433853323162798650
1004136479723676463
1045069014393956443
6304584539452196277
1351446382178208940
2344669753162356183
7179849375338101581
3268831493435805332
2900676058530661805
6319117891375503182
3184440861643021480
3500506353812099661
7207991022711250011
8434174340520985598
3789221960439600862
4027306441804414893
2779450883229269619
5945631646305481278
5465230538763564674
4404441488065952127
3377570427922680749
7891952324752990688
6675213386783289450
2761923590818609038
507130756435329090
4412699665068121744
2134650110904688344
7203312743059214027
3082467573412220234
8585029232078096403
8427619733045460695
5967423347915820396
2852792396190140687
6842534441929499454
7915618749689978466
7160827267547648784
6297760232861288127
8030134087923586241
2464962495131438312
3588114448441132801
183427164444113171
1658371604815930488
8883350123283482444
6730594445953831145
6182908070151474603
97552617885017130
284820639982184729
5828099927943194172
6908421177007981633
1783589266943666988
4384110931920983804
5952933777405458094
7566645302778204170
6927476247573740040
7636638092310477324
2991613324308988065
3529137044193614080
217047754041495736
3452189138473281423
4029614195203398653
697183640531837090
4129220645523619931
4136971562130790970
5193920677745700106
2310411936559618711
8782329585379135491
6686451823748346639
6616640786607219017
3524123832422179929
3402064621261506759
2534654659445898303
5761036378908169910
8529976451010060334
3960006053858728120
7560315990784891995
3196613459045017780
8508376735403134309
1951907433728903931
2752328784342778469
2950294416785651937
124670235630919340
5439714825291793280
3737173890589438565
5821958528152186543
4661701486888657691
1944060899090454815
7012491599492697309
5640854294477380750
1610037528331730295
3270346166010164864
8964419481533498507
5750351450814493834
138474648745695677
4371923865740438806
2639325014353809290
7339346539308964782
5025266734210883025
7251720190256723189
324687013104453809
2366692281032764171
6941150302257433239
5939606382750828527
8976884970214863487
4193858842389432382
7742020880725121529
6203046971651682454
2468683159166104199
4626708663336832805
7337321397533384727
7101168489178895853
3893981398227173045
7251782596824041353
1123108586007941819
2466973670258706813
6240264781072407625
5975434648457350506
9139802877743722628
417327600988729960
3619242742613188695
7336031364839807113
318626961607875958
164526112221288226
1012623190343402496
2798164424397905159
1670393358916002917
7363272546509010653
3561296349123733727
9032587187479218391
1669140598207687085
8715552441399039539
1475688068403570535
4551323686752996930
5187148788468416378
3680286565986882925
1010334487726062512
3934594570575585337
3237740203815239128
6652581236677119353
8053756182715178941
5877331584008133867
2947360555646918028
6425596911506020134
7192482931150743772
6013019793662472643
7223333558007184552
7071853677601379682
1786216769908107128
4751121519275723361
6437434478606504949
5141277499233252596
5241139464240863975
109289118504929350
972280028485752718
3128000674902638492
7772665829558390731
7417395444635836765
6417441384238138328
4902481745868366113
848970804541554137
4536082124809617981
9091864492288973387
8041067755742542369
3623769209295912915
8314133665261376065
2676143743966821568
1656707382506722522
2945440492999181444
4080382830925752157
5161820900095739860
6572733742906304301
6826671305915320112
5260417847663884584
1089291805218536886
2039953892830759889
7014041231226320679
3589763912615160876
5396423900248289592
7969899349715949801
6740917878807181959
4417546632483958568
403105618734154374
2423792595197185953
3302926843392111795
7885638329504092094
8299123957981988317
5114899715263366214
4479684749971307134
3552400317132787782
8066835248606565670
6706080098810103809
8911804067317511838
6294503953893471278
2710409682900169491
3769508339166483971
6368560992632796364
4102434974304141495
4627315499034268631
7889527694539423523
5347187940939496390
38159847027051388
7821566784154817315
8586573846513927177
2708084624319174849
4272914013222316728
1460511942853044135
5491580803089461587
873191052899078704
8230898431006489744
6444613655238183775
6248974143539163791
194524675061493840
334174988831123231
5227180465608251107
2981345594566667138
9124788427449928659
7322212091186833199
4836087505100812615
4753626115806988856
5099069405643429341
3551374578762227527
6470165849858438786
7914899761551777521
1633987178074353568
3102846464527171407
5024866677135500848
7658162752765883786
7284890434514001436
6416681305895028811
5024711624438097033
959153324691401369
1918726559896671518
6777559258080078712
6521032698892504833
9216519828642960707
3982072713004732627
5622683403801022773
272503487161755746
7170001825096710120
7360310307541346227
555320543790809656
247036908991246392
1497711438740412722
4411366181499151326
2379430074139171032
3051006683572140149
1138839061882444839
3352902570841473613
3145883099041535702
1528683205136510032
3888270981207315438
9017025757671049785
3432425481831709868
4266787824991826936
6837117378380650049
3209473199557019711
2702494742155418641
4345097657196708846
452825155743972638
5202992083304171607
9125176938477573555
4194679690608540218
7435354757903541637
8137845911680305808
3321148034836043785
6752137786880568784
4560967535366241237
2908923316462708533
4010529017495658333
6208432703418294693
7191480614784905072
5464486892994341228
2273697262437539496
8472304593602872161
8013061376235295420
8121386968030311661
8736024196411096733
3216476475648528845
694976816427885904
9136206572052226140
7919262946567936362
7887052744515330439
5948198259760465485
7922403924353492359
1815989105952958948
3325006265960094922
4214780146812636661
5029456686135473662
352988548566095626
6314721091171450180
7986423739009147914
5862357346638737094
3353232561875658288
1553528613793101103
940643937194206407
3411616123049738978
3258437068910073972
959420588408140458
8662421746068935836
4768084178253179318
1699275125052114715
2050390983713933612
43267046142230222
2717132373449092630
5251847634347631766
8004552840657833842
4768678692104980084
3954137776160268675
4744956921505549476
6076907432479686915
4930207820682978214
5616214863911059630
4509882179754379344
3973518057904657721
9139519137240320439
2457460920367279603
96554648119732699
120649476999775856
4653901330622026345
2083445367281886776
1210020365090423948
3671736743554613626
5470480700303224192
947027174142308271
2373292736014706128
4492480845797392322
621604238992916476
5607808769545474205
4472270557304525249
3027644105970768695
6717918429325968030
5910742279078044770
6750310838934199442
5426625976054871354
6285202404766636082
1707417695655683844
5823972524377063204
5041537004514457373
2895794628170424891
1539389301164104691
3015105492417860910
5942566173352717367
6070955463023293809
9170509401130791678
3645741183236131718
8824630775255587752
7951448928923021038
3806867959471474444
3964979422801876449
1366367126477058823
3980088051891230212
6664517128322875794
7021945773084965242
8356859969836355155
2392558513450988579
6974208257178238860
2552739660742090711
5656716001701479778
679590044503072173
7897638644013766996
882454920075288859
4394000708827976671
8989136602024874815
6527801735763059135
6900001800204781502
5138374552111220055
4685244718699299044
4106427966438878716
8642693014764707090
7636155715909885719
6195176602564182448
2807656752430643570
786199174733754791
572057573097939534
8824452382603943900
5698874484864399667
228523190941906247
2434391085491747513
9169587601495967511
6460226213381371543
637956051480726615
8819873802758562451
3636524310796874520
2934650036453988710
7494710613431238872
1579950526054628063
2247626138816708189
2102297513007536926
3741449036087386588
2927917256646142405
5353650670920754820
4277590239615767366
7035769948298827967
2233381038828204760
6323896792657027545
905690302439631551
6993564172872439962
1178023985230409544
3859698271533278968
2479066979519198761
8682388469048186342
3185034026935921591
384252999147434154
4795438946953535786
4321944891545895075
1141632506075113865
6146676521849103214
6442987095121656943
3553717019265180329
8418960976776406660
8593899250335961748
6676337724964556520
4546802051824266172
7640789101288415314
8386805728665312846
203480841766573797
4856648181706602435
1547222198899879278
2332002645415105572
6857437296335844808
4932523507780153859
8973747443372440764
1218558028841713494
8937324064950158038
2097332515117527668
6690606383834088019
9187853650826632099
5647066181151330258
2761943908910268992
3078713456706480635
1870186299417093075
6493569827466163873
2140259106534972949
984929922430169656
7594789495883873347
2039976319177785678
7104314083382947224
8575979911398479499
2195720716803806940
3161214366788052827
8436328313334046513
2738087061741688682
2817134034686422071
4134604843378149015
2596202252291271294
6633907871210350455
438616954672353209
696348476687869030
1309200556594021190
6988103457803807450
7974197863320469149
4179357046454193322
8902739800010947577
6105465419948347575
5243733985673243814
5046487366540748865
587257111056827376
4120526147675790158
8387475636521793500
5300677677812826073
64751794121739036
6085146357854922913
3333773166819437557
7101924172734210800
4988644227178539655
877365235115339358
6040513564841594277
9045958553893234338
927303845475260202
755157108464722275
7859315125744802435
8044526849183522229
2099491546843628606
8964332843644212055
4674863531962004307
2193355442251868607
8337039080822713976
5601151697659851753
3837908041775806347
5734282184214650319
1218787640040837383
2472422904519878023
2974780589410308993
8038982335948915424
4360549505027126025
6902166700027416445
3294234369933994439
5121012704106518259
4209894794239383524
3970646073678779538
1499072790447366309
857859801596991239
4847098814245373252
3287436973374068418
7349869988100631178
7439278926897146166
1779531190793578682
5813847248433254697
8215705712079581305
8129507043973218820
582102727516484718
1796304594657015136
8777678803717435322
1803606903830563104
1508816269496512423
3749356736653925942
4674668683830778531
1285075896404933388
34722569712028269
4440842015575742578
928256916967438577
2913492209404268320
4433641784668615456
1324347151388506030
7902485175777238075
