959353843898029522
5539045775736792272
2899029603572030702
8519827442619218077
8373117179637424625
7126328506423028975
5529761799319053851
368972677887230459
8494847608740979178
3485737016566262750
2967004634180159927
5482454825146104078
8149067360010765277
3084580514802686763
3497369568040921552
3903621471674327110
8927208287690858834
2237678377927416904
8532215770410705592
4123588245866368248
5266921063405034930
8935458142507448976
1318254059594031062
3546720340323855982
4960774775933973534
3773796231456768590
1105474455683667604
5199337562921460750
3894884277972504481
8889886316077083760
543145855804584091
8665792532670128581
4785630285211136439
4725429572758061245
2442922367766461185
4817859095993984403
3107728000445704653
4597667527256098858
564941399230048200
5082229252149322147
7992188344769950185
599634539375373913
4826567313203880246
5357409625818608265
8889779125360073269
3736863434454670756
6342809115547317264
5713533720989976012
512170561170114940
5367407987912818679
5036740874600236233
1569133272746089344
3254501671959541002
4617851096176464180
9216005964936059498
7548312284769962149
2471985489078743088
7858917253166822247
4773386352678093464
3199226109380782743
2079875059072886641
1348602909660348610
5354437137507654950
6141814229366601043
5126141327809465729
4455489969530099958
5165810491968812795
7511883675936250599
1543585971999563471
3897059869178210136
4164314191678142894
2248898763875659421
2445788237818119227
4892552135967677627
7954972054640733035
5811257911859927279
5573584893728860753
2333097859243858669
7493514440142134030
7213657541980929459
7912082628370710104
5153468230680999522
1921085332081286282
3004058366767848098
7214611101216343556
2898739100636984510
2951318611270415067
3615405007658718089
5184142845987748320
3836124710567418563
2208788297565291131
8148793790980614905
2796290173222333483
5743922015645325269
2408898846431011865
4217348529796065420
755860424560333777
3909711189734679886
847204952774080962
5998597444083419510
1415943229165870362
6844065021762990864
5864197362801646721
2067403299646389666
3067301215379059273
2535341693769056294
5181956203948674177
52878879190560289
1340715057774296938
2787388893537032175
2793863342309690887
7375006175774612991
3336576121341569009
2973097234436920687
8839138471000850163
4894789345507200986
4946370635542759250
2021246636658731548
1502991512892740981
7824369915520454183
1801140136072909619
3027420686211378887
5381961189940638841
3804722711116651741
5553007604241360189
688612693731656193
3117004876480975528
4570755649591544406
4176734580275533954
1664407260242951572
1399649427573424554
2380315876041214801
3672990081493452
1184843891712516664
182816720883913077
7000178621448649829
8163575858352508762
4592990381992505806
640752438325965352
3595012776980767944
9049796063714343409
237130627930691472
1498956885992962721
7671299546007178652
9050673473054942427
3869090458273973833
7665902645794637029
2047719391456148403
1969925860611889312
879107326446353138
8720024288825015774
266689682187490672
8042965474745036404
157198726969030999
7976320452712612317
5490411020156286309
4623325362710610176
7538760094508748592
8365442945312538087
5457719518773737159
5980939279325495220
2134204201001141001
1135550297276901496
476748045431780393
4169309283651290841
2807398264393923299
5005568608806866154
7382412226741181931
144124769551905727
2603638790865533839
3305850180460450411
4180645166348904057
1860694217089202336
2824605587442324240
3120172432896636919
2865035769961918967
2918763442344982380
2858145081301077081
3607193184004216106
1493884433018313418
5282531324138630615
8706760130313278377
6574955090819686402
7474070515208122912
1238262314956480516
4471985263176542769
5182464734135523870
8059836391327321771
8820067222213124369
6999972470271388028
4049274573660521806
2317267016768617758
2473465626151004907
7315492571077986740
1333984305983412357
3133918974595155409
2486817148963132019
4695815282001631029
5320102244129308306
6335625140942151338
1608583828575257404
4278912141827156890
2746939566053152609
1125582214917716863
5428529462649859541
4721579726959662782
1660744107165460601
8282995435049526743
1472123118985420348
8694264949888186295
8199341559302446299
2713600254200863975
1105568270320391197
496813821672489807
4762145430396036397
3067004280013605356
5606839670179513695
6505432013914315634
4594810379772177702
1322687417784416395
5126217698955793684
402988864706488572
4479128431144941071
2964953782707706094
6899309593812164200
2458220146600723634
7937039887995586574
2268120342061269321
3748621424878414280
4126321012128156986
5714475654337268361
328175048412742389
6027806189608278872
3077928939702330687
6501247331243601414
5444720212955159619
5250447526730703276
4502102533448413336
7636118489595696841
2948613321543507555
8159996413246539959
4044409932915489436
4405359431455928820
4217176318908687777
3584674315414470253
7538478626498097238
7217244750184451331
8797790692223534376
6516262768361976897
4672517847828218130
3133129574037616888
7174965363086704986
2645647321685887334
3321311524057956166
3918376248598695205
7975982065407975023
561071053284543265
8576566605661945569
8596478235650257447
5345822897865157859
6340258673028891599
6509823047117630336
1459286964954521815
9215226114847345806
823537930072880222
2134168588594999931
2794571441099955203
3848765883936000786
2150703280751167758
662788895384018831
8251830310949501855
3754490609641762791
5997043167757335459
6988210903069358336
4724748318344415835
3799769272977294872
7125499555176754148
8144810742526607228
1171549442877340381
6619534580621028376
8473762956927674139
4754321200059632783
5842388064345336094
1255477025330743619
8996103397094685271
490543216952491024
4757863570425549489
2927200399521475308
3274848227204307466
7546631681976370057
2263556729399879723
5582813028610933871
4808905526014326178
2483783469449679664
4618208925208020071
7664164140154412216
6013804912306232870
8316900542806089398
1796516650778448868
631818592818246934
6269772376622820141
4611847649360280381
8929015858789426747
1848872604591096155
5996112868310854152
8398169553467461042
2978433651635320181
4415005010074292226
1735040916264221677
3710660201343592155
8121185040851821928
6883198988536056458
8415186822762316092
257043412953239425
4158624152980881108
7235214761703288688
5068091616686947847
1921507741003273103
3497400725972121876
2116515993655421068
6666374132146845059
2508148354601989831
2774460796445677032
2933008709748984428
1078403667633915825
2241028774802277387
6854344425351976867
2100314210449323050
868335197435547188
1235632037709880373
5066878534794953527
2946673286256137461
4922182751402877065
8895517690650192070
1855832911101006225
6559955453647286311
3172835639463836411
7704014307999155448
3861111105953169206
5142075156935773275
5256015947842322602
2396550326789386553
7664420054832347505
6258056726349781039
5607591830855724084
8732863971546804385
4539960814540041673
7062729570812096828
6051881224730421210
6980917591795849989
6207738992618572152
7438187369819867526
4383657155484268110
470790791497594487
6814846619401228564
8571196695729469521
44119529544351447
745798988281706243
3588477847400992960
9157672911665754042
2156252379033528708
1738024543747468257
8680279907759841645
3648920634283187657
9040440628248264412
8955904558214350552
5831171448766343630
2048199581243329561
1539079965520803318
4095910642518631462
4058701577428027186
3770437182291451382
5260064681559315130
4836658025370807405
5339704696815168090
3214722234655566909
2240580079100924941
7770698583745445098
7568631909507606273
653900308750262257
6612008779202873925
9037747968477021426
1810785714136618345
3463537243383773515
6822415666363933862
2806501460870480090
3640649094050311894
3837676477580306008
3711429819262439552
8505477907892373671
729433248026622130
4783111118152930642
2111885017244482310
1105776914834148489
8503845875799927060
1351037510029056553
6226093631572232610
3968809672221571113
2409483864203244200
3627202617173654328
2637762326241748779
5021706806005908422
9058453608578474791
7189417842342549479
2326046163544752384
3993637496312616850
8016468610822039637
1904374352696094324
7863064156418021460
132839437523010235
3445536457969843079
7913276490732111226
8323830950760667420
871119474122818097
5983151596744096968
2223773298432637617
8489640530421286947
8047085791939579786
5100009369825177858
8537701467520685457
1489340046005066613
5234702337746415112
1326215626267975905
7613090684643458830
4089036976421570289
4659248736588547866
7465626650484463784
5663472903553025545
5330377793785563017
2095575788232695213
323107768008351946
6480913079533012704
2224746228606976557
579881702609399285
6527577632133572155
845315530981695565
2322048978127277545
7698035085092190852
2320969874434274723
5428142034937574292
8117214123774507422
7405281685314805835
2070908174839506380
796228709738652816
5159947130430423807
160275490550232548
1723950608579438132
3267571120935707643
4441725289135120529
454011427031446490
4802661217242153910
4815221780049537182
7296878509658119647
4805454057234287188
5491967127341034623
5636489171026519508
4733109618720358216
2923942929171454596
1043348945891964265
6238365712734797042
3785752612877732938
4212448110040067615
8820190401181608134
3544617533765821651
2809582897162893950
7466879866245750064
7144013137469522437
7079208828749209224
3541306758434812007
4522263303762037292
5523043225611326811
6518413392988446654
3103658261816517526
7102611292676811820
7048719099445830233
3362343719530311078
5061178312481403598
5585976392279986883
1151674109895997162
6443936467020072432
5530103317164234116
1199076348491180035
3690264073171126090
5531663522421190180
873305852013052723
1238253791253664081
3288496284881435555
3936431677361838486
2215461946167554482
7926004868679137828
3811358227452855287
6590766297396391753
6474353754404984049
4281859145412987151
5418663102967920669
3835880555800115561
7284237383897127923
1693838369196029631
6549916512220594743
5240335728376610966
7681651917661135799
3085690040520560953
7999229512417049438
2938723488510532743
4303024790301448974
3071091909902148522
6794441780235381770
6564075418008176346
865474496108111409
3126184304913874817
1134214188351274076
4386714266256319989
5878019694157938337
1280670095176856645
230216939031870711
8786659672456766174
3754169224288898195
4732840908860367071
6116571762644493152
5887542757450176814
1443690817170561428
3075620275036972334
3746935438997511106
6873231384538685739
300561182048894950
6306946313842185653
268541942698488628
7230410358850386739
6668206931690188019
7848369072307487741
7805846083654018727
2014390546205353170
7308495837684639678
1165735163072226726
7629335295195587776
4187415706006099935
2620079580090435264
662184259181606690
2477571985913826551
5443173784356045818
7833992900247545383
8602724423855302804
568956843710121211
7279694993445626460
6506317919061778384
7283180890349922481
8048236201038781712
3129136664523104376
2435394214724109292
6693640741099709328
8403618316011517894
2589151596557493481
5590758145374998238
5736166704396421154
4139814286963284368
2893491217857212161
2557867538029941189
4780576898456696815
7875725097047064506
4614364972392682401
7157595763255847036
6945929551319451623
6281583436450500530
4870646045503277831
2739845599024889616
8481833381311095845
5427817079341025988
2217095912733037539
6795226363808302287
3902775129212994991
2570053424461301780
5889465928061697588
3967464947810892305
1934223263019688363
7094437281254624757
4247211802772779347
6223626842936737260
1147610344440289282
3440626664686099472
4313216240743810995
771794163074447911
339832925671055997
3965833834041114163
8897133890769146751
8134154153700033390
7964284425863660694
2089362600543237903
2841552772877237718
6250170381367259125
7301133531550744595
3373027779660427371
4661786797975750183
4814969499595960285
2339194098303789562
6127645561785417748
4050205953623758828
1341289449894829219
2629864159714235007
153033792609389359
5408228187806628212
1982865181792530785
582515518338035523
4870679949011977270
4736293161652544698
8476509708333783545
8726016291927994579
5357157320082989757
2815186754999035747
2875629192529302775
6071865243035867113
7000469713763597717
3010856248735818023
3045031626504026442
1562405710306600645
2765523004676617012
6935895626718550875
520421706061267981
8574596465035884011
4991946759838132655
3465656137696031142
923938048760007783
325878755916566954
1661167026615401291
5911575243454655178
452493710892508622
3692500889040197894
4594379037363962735
2858395645951487686
8283282801382142689
1362373589138382509
4292519328605562225
8549252623334966494
3708097106267746824
3261726834717196312
6937362106668929007
3351792148877570318
3315434913505495609
360214447198072695
8398325054029703325
1393429697122704261
6773629154001390806
3982002333287264503
8913769738512615865
7166429577873731839
8368104709547550240
5825006080789363330
695515240665353744
4108521004730342467
3814356774030940822
7067147392304805187
3904736172709277555
7235038998012903734
4390763743204933013
3731445857895415381
5527909652612221630
2322956275306733285
8830945231296592194
2635784504109394287
4375634733616569434
6895150766009852896
8455527573756770188
3704063747343723242
6830418155807560012
3201418737105365218
3418656334464977081
6885271369922575774
4305003024214931232
1360348898018037893
2699640419689405163
2357158732225111752
887251864733396348
7535625192012709929
8082692586703754286
7803572818210561574
3310218445087383213
1378667543723262454
1863105674665983807
6490360355222895278
6242536260188276271
1238884811785383056
6796926488663771951
6594664174203978687
5944097349382937514
9019121351698703832
1023002313121194087
6593973354048025642
8084777016103747556
4671862188260031264
7377241529113637139
1187353825647797421
1827772121852652076
3091248434186745606
2213068531302894159
4440658657275481680
8850107345405133201
6510358472255724225
2225843358356101585
6297825273986861420
3584670490714386963
1038544786852021459
2184022882343575006
7739276640216574882
6312924318028760633
1078968192568685723
1167252232412916782
3071951181381057519
6578479146692818795
7943520861299442517
7689380552744686429
8186246340928924266
542066347883804710
5388271089813333996
7963483728706630586
4075798290868405791
7458160564505366124
3411623232613803318
3583617603275684991
7953810472740114694
7535281666324845539
5060526729921007141
6240668355372628330
4057491723281194884
5348800772538647476
525659815930137352
6836468416708268730
8799870022550860628
3406451935899965563
7293107263413944242
8663909857237898395
891698771806221249
6728665640288106337
6596356550133324454
6926978406466453235
6902757489358708466
8783203759631612021
3773552944602366280
5209024794008773223
4209232324736318504
623823705432189057
7147686127551015889
8264052720461725888
3724123479318725084
2299069888355911313
4463247047109059765
1888031738126176652
3744410700142482878
1474252032802803956
6875143126305397834
3599474347461002550
6560135198474366319
4033903901432389727
978975546096163781
1089654888439270457
3972633926104095337
3246795739947328438
5660189933783015402
6410770848867543318
369958103983292689
1504943473441154753
2108089722771696151
4093630404330869485
968410362025390991
4193043851980648329
8434683590163465463
4906154355050364537
5616424662862746328
516206627331948502
2176230345438640081
5970084756801256562
8419787681174029419
2170586414627810024
1495853759017109776
8047733992770534265
3463848489613226145
1244730230406967076
8143354281968955165
5542362279376066582
7608874970761899385
7251737076251052579
8655135997324584106
165308968595724778
3985646929004748328
5991220074875793784
4052977630696256456
7244859347557397070
261840841307378635
2774554528195170063
5512748263170501326
8270047765915268743
1105752278253808789
2983539387213714175
7354834077600973668
1136155983771943775
6626155551306085298
1912084629509518297
3343630624355859667
4649831817955297959
4349835755709416756
8624213330610803411
2742007568849493535
5322530893073597671
8002191237673600376
1758916010047867342
1069291195762374938
6710205828206984199
3405226044959172176
7501360304014378064
14547086916069372
8466327847833256825
5367019146143587873
1787766474099323553
7906101448563686092
941381474460932792
271364970558230176
7662347822050053739
2041079962695541559
6750587906479036947
5482287441509448875
773409107696010648
9153804471359172909
3625950486195594183
7197539645120145689
537272984258538876
4787085949336255781
9094583610471809115
962196488292400132
7058854122180837549
42659949064302244
3296480082563700733
7036995969174882260
7745530681164402909
5551662654004452898
7072585118993406035
5871263614396657802
9214049893380720944
806832824474139002
8996967057631434817
8454321253362157977
8810008429723838234
2232251232094529052
5295024852435368226
4073101658197127893
124123305313378802
7820500951192005056
1168196424655335116
2380211400551813338
4882836584563195918
6031061657646388908
8291621735688268783
1405614237537890272
5364786663348977059
7025300980100569725
2628322830387132425
7989038913258899242
9137623617894590373
1258724565548315252
4346279701742589073
2043911690882874470
5915877752095589872
4735009922229125237
6162864296935193884
945174593111178522
6053743560103943810
3934098832944970636
4014981366782919944
4188075698391441924
7685016996168947421
3244532197959533539
1336656963886613356
2800576414849351034
2621718237706805005
976571722682269581
7542396776401628143
4777436622892485988
4431281402274036309
7021383229763145028
5399082057036563529
7504967982428509592
3257134864714981562
2130828450985549408
580025621213618275
7600377510873718610
648262479158386177
4902597232085576057
1932294954407649443
4216581069381366823
8181940290927629021
2015913924749515343
2466844789923407850
6362809770406604075
606701453511851822
4764678120078042118
3956199354648522166
5681801619185557272
3253079155438042262
4936015253819708757
4234834888576249427
2716050440292388345
51941880796355957
179912526523513105
5342179115401167350
3678119689735386952
9026537729292794725
1082952204057019287
7642781129286280084
5504613757046195692
3893545427535443246
3983762446436973340
7963639798237850699
3021078735440146548
2209087051789168850
5171065885485781669
568227213735389495
528690768781935179
8397007343361556729
1425438617922061734
1653717742362548186
7265917713544596360
3484833032470643980
9110702063427669836
4365564417683581892
7972980927011821930
5078990117153318067
8972827789396225402
9156546739016176837
7888164469177054889
5847961851550836449
2970911747904290881
4831104629908723116
2382033990887493418
5568793213858378715
5454038401250485259
9136179540812130283
6086499962253971247
5804377957793046292
7698753353243107200
4437050774815245591
8485534869259930608
608572619323937427
3813738763032489
1032494551813454155
4555473330790411388
8917114185872398063
4060087504197232759
6016267463157089569
2720431655802147684
3722275938291559041
8566234392929705815
3775217870512649007
304153692643555504
3525045044717900509
2626756054189224547
748376746477411633
2113515266349037816
4434021708161299707
2772606537258582916
6776666906639778013
7230741305739766239
4808788687013117360
3245062134733239858
5142652979757625751
4968716111660089895
535178484522491134
1871891651397003523
3837047422468451849
5801546378703887119
4374959532086459914
1782987687583886101
8248383016003192482
1682751229261167422
723373871415273269
3401739082107875567
771077308211596203
8015194331109918636
564104184605128635
7852004283549563951
5174878835087317185
5225953809840943968
6842388363672508901
2615171791397358117
3556806849815474114
3805713212705078711
2177596538729715367
2782646426984729651
3935597636704003286
6308743601359461051
4729698599618668048
4846797306853464241
3225999164236048936
5394403317412303336
2193975679269112401
5134325295834003593
7867028190791487231
657945412568164416
7895168200861500892
9060230591801087028
9031137723822511023
7565901664734890860
4359609103849015462
5518336953144447873
