602417862679882864
8543145011304736834
5146253483705930026
8858551385555371913
4190458612753314982
3296376201812176044
3631152401363707843
1173560438947558199
8413614041509130838
6887485387940848638
7105823680530176973
8767195632741501535
4728280135616284032
7100663914306102559
877803536716164841
6315164451903706690
2172915188044208108
7447932770499681904
4274291492160672981
3403260939916289380
2063441861777394501
6356376358513299160
5430208100850396461
448143266497238586
59376435400993848
5203936844586600050
7830737033779421234
7772227595006245656
5516872338472977736
6939878847863956556
7847198401149206304
6976061309238934700
5505397388732610
7298220236960691651
4251882068022434492
183121960920557284
7030173816224126383
4559393810881403166
5320805356467512749
4977541424565916326
1742385474528145476
6927545171971581429
3315191593643519819
6563807464876531152
2820253541334473609
2602976256110607470
8201533877890171505
5332458757402155470
8135175206404666692
6337291076930654836
7777938363134914703
3926647037859797165
2028767849784461033
1601938766965183228
4483465827563219931
6646486825349607862
7553283952233675326
3648380285758437418
2442913864949897123
5118453527061006432
7479313180451602365
758311531273881836
8101351228624481738
841840320644026093
8845180627814350357
742656702968113291
4933202192113831474
7993904041457590733
6046809551814729932
4559210301372809756
3462864001903519467
8938133902622241571
6509444122510001397
6616806592043385573
4120375050110615429
4941231722013837990
6908070302493292355
1046124685168778973
54156455290127294
219804063151151838
2579847192833933529
6442330847756259213
5537248962837295108
1639120934351795820
691735928622723194
9205652351470567577
7246630731345002056
629841207911377960
5404090814604575644
2898833268703916685
5807277001146688387
4394323548343122966
7498101368355434916
1025856802213752787
9110589617307138817
6988282497671688357
4015302054168792990
7875868223499433306
5409860203788248894
8271948493729652997
1407603459464329849
347345119231838643
5507565741316426451
3019623135302331093
2995976898348388229
3717650542650428866
4182923737983375244
5125230579101469371
3492925241375841604
1158656460280866096
5858006648367896530
5949250172395054511
4191200150211090798
1858887818870273190
5348307799151308899
4422318718525630145
449787571628855347
2309845803098963261
4284970598785476217
6496914179162681425
1620413331675521330
8988911394920091417
7939608188279666101
333633029271701327
8750015365899684750
3343666308380657597
3237599180357173969
7800658703114782857
4240155144984182830
3714218083734592173
3448291181683170728
1745794890829504086
6115832503268133360
3579035350338057176
4506081178938465164
943189286663828637
1548729348391126978
4831190971184060392
7682099204289564535
8672128201795218539
4265616520451835524
7702629901360906295
6490192919650761788
1983491280007922800
5560723038455157366
3566559233111439171
7934420794785907188
3838274437412153984
4653509832105386446
8338228458637615809
3656185475815340176
4382766680563730604
5803053409481065412
7585946408149303823
414862163395119843
7450674090273120922
990151894383116086
1273160422509516864
5519240441846320187
6784703872136726249
1160144793842623018
8646490518375972059
4230723703713266247
7567277516109539304
5983367519930972619
884708070420585375
5574998888902652926
5194457864454310285
3195545882695753611
395180485706100805
6362866536180392427
7103998940371512195
8303157987341361244
7425893962059461593
2729709474223476055
92285747608072521
5050863810970640686
9101358118205563473
1638714179577229649
4303177361896276185
8491966136379957213
1734502013378123265
4234587998418094210
7777446013831919712
481998192888419868
2611389980301316156
1612060053851373522
3567544403638289023
4067203373922188371
673088636930924355
149923188502287094
990653327370183725
4823817505530984907
4812214618262468773
3208579814396446081
2814569019036266657
7725943736982699666
8662559670826245775
8223558775664321611
8050614883310846968
5995014402581451397
5951465561142900459
2914430364847431209
29117918884082299
5990022181387047409
5458622895722628589
8120815669702678513
6435349344128251069
5881466917366096045
4947372043909921550
6395884902408446971
1354698060368811347
5712886967477151181
6399387083973354800
1856107027261029674
5545156335113067654
677819728435266985
3151628884691193051
964429110551143285
6577841206927770248
2340378761438138760
2765902793922436279
1444572705770174548
7020043781522267721
4998834931713721245
8847613106416282579
1682319906563596670
8015844342840303936
4630661091627731882
2170134168324110463
2869764049737797903
3100281662431591301
8783675211454527238
737428506240372878
6420587246462065459
107589433748254202
4345097982988071103
390610097017461860
8237435322366800153
6647382049610267144
2366950748472683954
4813344669733053631
7326577306688105227
1749243856121065607
8325144202672488484
547347618905551784
3898619632729346698
7250696087726403719
1426522652077754713
3861981880469327445
8820249749687111713
2409594500840941972
6598268157762247789
2813911343446211817
9155318635248931317
6504966775192228370
6579169917999818834
3197136041139273364
6776184354423709215
62754830821865301
8754633103183936932
5022382655204802953
7563820037234061150
948591474372574276
691149465857014156
2812282703429246274
4259383640424173797
1688018977922162984
4794644328056151353
4365220938142187584
1240711952110455523
3926341050837512912
3953792412598016565
587162456876493586
4275823980994940858
6935490874801371157
8869956814406999880
499082727504781027
4934548064509620016
2849165750246480232
6580605466523473904
141510186384513757
5638625204411944192
56816787861835245
8722291383824926228
6586733291752574196
582214343207871804
9006104628683525316
6031190361430305453
903494222209408029
8008137187431469983
7690357519310146382
4590326672811330019
4671468690977690612
5092571343290224947
4099099567675004332
6553262645904331580
4373514869926757295
6342145078993153355
6888904292267033494
543573505186802783
2262398168536674657
477771152526374641
3211046250202250009
1339296679901515871
4239428693033592624
5277674853103303028
6595590207500958673
3604779437028067491
2586220059606458392
227779956810979058
3012160387487202821
7925945005252868422
1045856687249886420
6386526765474486637
8500249312528771332
5823355262014188056
2157745046675401802
2612682326568521413
5823042941745845581
2818086829969125739
6810522858482376650
8654194413929441706
8100800663732166377
2080190633441928342
2742368183100774205
8659164211627653435
4058196534420933031
5348814178823136846
5884632283640284164
644544951047830877
8286665820444568832
4722011820924294402
6024654346072039064
8757647499381453188
4508359027416118399
7886476110169490880
7357802969924714349
5490909214662997947
6676663800193286640
6854708252188278666
1787365501793845226
3036811694934119273
2057074381354989373
8372308984472742979
1543962808445697827
812138961759033324
3377230066365284958
4990001231342170047
5901098713008731229
3744510892928447294
2687516800262897295
4674122696855890542
2423792770998533440
824829189758566488
5290951927116114637
3181177139197856615
67260998216890016
9151846168250491719
4722031382523039955
919995031451148121
243559563420832783
3016713655088245709
6950795615752621567
8463223855529428732
789672330922618942
4582770924237441404
4919789313035418201
2135925166769738846
8015612927818197169
6587661959752867766
2556356661640403327
8309255695712066165
428019199702771329
1533754637591122264
5880883425682010392
2919890499946149598
8801106035107860046
4606044567519542714
1034329789399636599
8068785987090085592
7471480977953420709
2847426047318380761
2003513588993211873
8546721708553678071
6300425924295704788
192675094259301362
7196776467097027630
4777187109560910716
5967677749308972677
2542953754790788743
6894439129433519658
6934404603669404997
1022739251187986736
6661883214634978766
8129677165020816762
6185522301040595902
578844900618087440
4127734368993534471
3696548018659617777
8125303889304630208
7450393424342347373
1572661693734357767
1863688164165498024
297801141566593615
2428734407003749332
1769582537655168178
4736873186809635119
9218998934006176836
3126226128520840534
5420423706207071114
5261822748984962651
4964741358884249528
2387472214892116155
7571010550483690097
7505391506785596533
1786843297657629373
2769869553564043713
5704309574362325670
1147796137922927784
2772276846284253065
8535735781133838517
937244837676629852
754138940146872020
4678987556251063667
2943041673316160798
8502761955008226918
2177443202167649042
3779123647150760312
9016984483450098314
6331868765307705621
7010997710668872763
4538257129243761414
1772105502949164508
1052742584245143400
5032349765059940858
4403226693719620440
3576933919883124669
5932353259250427976
9119119519610767633
4456980762264722759
2915555748865928055
3193354158640495620
7597096887567858643
5873995550883631365
7046588264869871587
5061401254671996956
5291685914302851147
3242493666589293982
1528840433825245131
5753938476285682922
3633867836087952836
3018458141693275531
1657346847189494096
2028828327917201371
5052447583045417469
2739600306531867692
7564373622979338878
75863782380016353
1854571970987607
1471217702273560944
1377954693347195180
8553432647851858525
2142560416532038164
1501441520585119286
6466117681180756780
5661848103841238308
8643580940898839045
7523998867525095066
7464106940763246164
1629662407748209741
6407263977023577366
7457461645197345649
4257769928644882464
193678867348832403
8773243336080583349
2888203869108984386
7822955657927071671
690929711409087181
3940938997393449145
1028859305491086557
3535096120838710303
5817198715935385942
8299090217567918437
5864419884192231045
5847595398572923233
4095478284624050368
7876662073248185026
3839064669645512293
1411012929780878929
3071721505033868910
2995694042785230937
4740050216259138887
802198712809308606
3798828967939379916
319680763354850176
7660401467329450172
338724724434726385
3306666058173978499
6407109830848895015
4143074585876257516
8962523582866791278
5743974555921400207
8684597185008081142
5433547709833296572
3296755471725139718
8599113133642141782
5297538746638377884
1284802348139040454
1384691374347092760
8154424304396469538
3040702741874095036
6208011465126628901
4485805169345661571
4533740600596295898
6378222740730596688
5970363865147226737
527783224192572889
276062367942387013
477697810422777645
5052502698688119823
3490131900877699751
7347498289057699453
7960549154140389247
681421823009977969
7059596627577328888
6861344119447652120
2920183144550868909
2945979055072698235
8932265360790229424
4268307031663481420
4916631512235063368
7282827588531697022
7035103509436780716
2637750956345422369
141303484018316210
4167372066843888236
3992780500771362713
6419614239144256189
1564914983819448813
7841083968381630901
8615345056927135138
5860859580791198761
2641521172415057717
1499310135830128465
8963335272099302056
2018554221788160897
8869838595769572413
1681652847084933343
8104085218574277861
7828515241774442442
1004650861431754349
6547875931061745678
1203283945352489085
7417676310145679784
6845122293591628535
6069069272794027965
9007298436726183116
6661771031412195071
2464123326463330745
3482818162001833957
5131891714247145838
1155267825497448235
8296319874123327275
802829280810540899
127388118050526346
1188442789475399627
7052025372652283755
6163039985416919240
6412607483255616450
5056473746146610052
5444410401916129930
520158980532036754
6919643742119232976
4865026059075254756
6378325288455337391
2429757938773391014
3745071574239754929
4392063713943150771
7911157886948709020
8415359331710724740
3008964224299383984
928358180925853145
5478189573055692566
1399941307899821408
8527345504182004007
3690853425122414830
7114250075542298048
709634627434201341
237149848361083443
5102840791008014009
7694882115903739031
2076720611413751147
5352763318541301788
3346320786679637317
4360999487822390912
1025172471656231114
4490396562642431472
3369385086080149278
3181813257470576900
8471775309996117755
7001696177162480067
590197904294895121
337576666083545053
7563646606912700398
4412401741683353507
7393521731262267409
136693325206560244
3828132001866079425
3809357557020645098
6992982318625310454
457995790561537121
749667965150686876
1262488616697210701
2960925940741403425
2227053699588474303
8944559769295838011
6254760628148144144
1087786404332423554
5540419097375317356
1254521943816611709
5867804768058334888
2992891128057662111
5917426080972655402
912077533907803391
8948414189016563523
5827053710914822820
2888271051535960989
2423956248774637989
8611385240048253076
515404264714128602
9211222603651485567
702596190254864197
8750732065230569355
8015787158427078439
8533585993561223445
4667302426761802315
7087050219823859228
7765733640161553642
4588276321626174014
2994637513141334044
6387807234792173338
8198734888738754453
4394463739122218341
7115750472521806493
4406689015324803106
5405560624268687655
3276140112119267740
3585056560798816013
6235082093589669417
6141541463129615390
7426298108854016323
3637306045510244069
7046947828125481289
3580567698500800371
1759229216868271645
8340804665923866709
7101288034833816966
1003700925300726145
2221442944043762395
8798715234062210858
37280900269354839
3390792537803804731
872865670169688261
1319447378337181268
153946431764526312
6141192778248993168
4917824358231805323
8887988696294698598
5063501492810301832
1420685221262113533
3749542959953109020
4439204721627731068
3835134044563685874
6220925428945162298
7619471245549087699
6422898465538307780
3760665143470113082
2143496272771215095
8279026660165169575
2130307741998244884
4116001947262016457
8067457850534678524
3105121971845587661
6307947434153741624
5018897814174376822
2607276278043267993
927485706462847818
4724350317687079938
7324092260494924481
4408990487915839533
6396045502985048864
1130076452538719553
795535540774479313
9165576989045216477
6341335652281205496
3652972208850788705
1262892520542976246
7337365221659283764
6777491286508886026
3203300004381401829
3666341227603123321
6781894944267010863
1123798782621722803
5663493897313530261
724745296177234500
820681959824041697
2460346043709473249
5379694884291779501
687420398181271083
6596557055185455762
8928330157598816205
3613398025406420691
8639904500248098003
8040786327967397426
6686279400016337224
8755753347848724739
2508630162396752087
3772466400410150290
29229368028311946
7150573733173124337
8590801465740602881
5951159152350875276
6203726047914538269
5943713639186916097
7303428740478751748
8154261026352175521
3649241659592722701
4817986941110733078
1455836457956757985
7898006652251040205
8825879148279701103
3345520880351645204
4708816882630734913
9178613396461978037
3570215755981265547
5856778500266630337
4949732702268290014
8211912572010260866
2554308570254595860
2999244254382120413
2806708009608784422
8407296227427074801
3178391756139336719
2015082911352861950
5916188812632134376
3706526093585325195
4459295387800667927
7252501200586713836
155024751904970366
583074901080218663
6251652749864244547
7507498230504888316
8963280100276993745
7373370558250864287
1247336511185996580
7413946639350758438
297233323152795413
1006990042281878029
675159657250339972
6239236444542713041
4253926833040632136
8861687020053999851
4061873399416984996
4268854465294747801
1035918621250683266
7586902584946034855
4958973761782002934
8966171281730822235
2667753134187940611
7906002240544265689
66661541250175310
7291817901269480390
494701437924134634
4933609410466325755
8939520438617153818
9079777670714181947
2573042209158913191
1177382375241876105
7678899084128727218
3500060671843063669
4014511822362516509
1476977121955165281
3981916078512334416
2918688823224882701
7846725644703858550
8788982531241937756
3802334700121477303
8112724754108719953
981579826710545139
8305229238024492601
758060560830806881
3089087790724093801
6664562752539493345
7057676304515988774
2191329626125112016
8633637791071313602
831345011512265063
8050249954947512613
2461789588123861219
7732397762813337682
6154558869469144316
2523462342971720273
2770878731791405278
4355819146206533335
6283014327341242825
5862346355892851876
8632765358926873766
6092769045161216669
7081802431691319445
4021898419655445012
3186264383676527790
7023537879542077402
6738527601229533606
5827322364200610399
2518954461302518998
7588893216324979267
7895195038238575436
1094661295613337595
7731441189265312078
6045853642888151405
3537759874345963017
4425869516832569707
8506334970209709427
4156279746122947400
7512305041612888963
7781125152280259333
534683034729042736
387653050659289006
7513641978564202513
6803970181393675029
2437233926271140508
2088364396024837516
5165138068565430627
3924364020232673966
5785928917125180117
1243082005592661930
3672593330548338802
3227669780482117647
748745964075151057
7789453878892656633
3360255195024208891
6520196917003870652
178199692279905347
5835020498933591790
8757594302898836907
4343653754874724312
7231976807547938710
1968297921333615214
532963208606720433
5494315430360820536
3493835879760863447
8458505505854260804
3090606927585295630
1036288275171011895
2354880833003607858
116799416670244203
996819020732157313
1713567968168170171
1065749546029886811
704789382133734057
641581225828356850
6742116623553311813
2458638672153057035
1668646120188236587
8852904965837460362
5415518149363167089
2877581853008798441
160010106172418057
8588992508890292264
5438988037015005748
4060534551937163434
5994095960899823174
3507786913565515744
8689715155084643051
5384842232351046474
4702797604225732637
8804358559023155921
8338742792520866419
2123942107005508166
723855782083053830
8103955982861020283
1521476394967240447
6639567096177534526
957078518066318148
5684216029660306892
4111654366943690933
318159370410101521
2368563885972988060
5359812936853006395
6311577416009979389
586705751302573974
2903780352273115744
1836736287024483513
5650537359887084396
9024081489487967564
6820920303182063431
8920214721339273374
7415399671471934097
1194008346871377031
7559739742513651601
7516527592064862936
3487112770868481600
7068666910618460182
4361365436723467054
7044741269248017552
6416264320642827041
8559360663613881222
1572612125243122294
5145073579288176956
1074724433171333429
9105030320063069513
8827705014659766638
8272312366244637072
3760025405438356203
2580142288912046136
6980683798728676733
7343530429332785551
7418849402812005927
4108133592666780269
4321996799369154160
748211289418526842
5511959369263664941
2741524688289027638
360671118674642317
6249988372078765482
3646618733016551062
6398654528469926110
8569752075350648295
7771627042998532607
5978716661711207535
3083891558742654487
4963811127144536600
8234507408835088485
4095477434690287870
8739606716626941577
6757497953809972425
1963992329385012145
8440612252209095144
1639832562318511762
1719106667449068579
8422264158821375978
348488483371644423
83789294576828605
1883973893023047561
706741899435953207
1288425807902196706
3852261644278665156
183464710488157117
236338123617651245
5817739524825102455
1292433220389182266
599617431756091594
2942446703757278208
7493232013627301415
3834087045022072763
9006220684854318890
829086290227413110
7706414614437274117
7281398974899158535
3351278477461381258
5549179507445646426
3391672150756263310
7590167627113696148
6463306501201938880
1058550583934435464
5517566923297519268
862199983641588790
6584895215702038279
6669685863939034414
8213688136295597813
6577217040333936688
7567163617431504968
7786070928618843233
8586130540638541522
8917820111036749709
9139411710439919972
3027783820211622219
3281101957817637827
9129937655536107862
2888365243412244578
6913449521882901765
6568303823863281475
293075518276829552
8506064155851900443
8219442592925963405
450862252792958794
6886200278202707210
4934388341114982125
2379807358312329692
4512143751389963960
3095816072109052553
6329655292324016734
7343248827432425699
6564205895982854703
1504974225057010184
2948031760368735138
8486667393977704840
4974495833057495598
5865293593166804710
