5693502325576809457
8876783958166293533
6244661645190610079
4687301033403088703
3728830629653293658
2716769341874233584
6677908204354276768
5454979481939376256
7232801085707777654
3813165836278576746
2909404530757684724
6446600366946901877
7028242862621308391
5910138394083967985
3678009897050537029
4542591692306647467
803474617319144286
7699338098455727170
5948449964809110918
3988032316232725554
7149628564981155202
5430328889959366627
30901877158842940
3222689093604702514
3818928025424495134
8398691302269728468
9092730354938761923
9066324001649892579
5197909267881504565
60909177591823342
4698591745318250868
4816403224679399727
2600625532225544228
2050827085161115881
1082428551884568637
8866780676393294962
7952686807782001349
7677583297551429837
3255179689862015283
3503208433496840159
5274210518132745785
4691800934208071098
8599884874274659157
6180861548172145704
4232560247707197447
333450410928919352
7065986950105645791
5928177302659360683
1915657098987090162
8728004735216339361
6819043768594659360
626130139477568373
1718406210418819554
3489339100115995379
4665801491613994112
6170752227719258726
8705315783624779044
4888071615520639355
7384169609751375804
3195714595427285579
3639901188665578557
7190216794847803502
9036097519926196928
110286376946880526
4890507241919304796
8208884635685707854
7614108519253646875
7746852975726150996
6861102066531773003
4513851237680154315
4220102005943351040
25755708884167287
379766702570137096
6323343030815057861
1474756572468019544
1646071231202368364
3105487466000173692
6870787807055945741
2124209233185203616
8563405372200015594
6042792515599301804
3956008133264505955
613960916938647334
4292733924135880933
7869624534918284201
3893466824581031248
7370383749823415299
7342994857372402006
5109659116839393266
869561121126957593
3831450200428166296
1730308202928611013
1917954832081380084
5816645773939560326
6629201584918773730
6126388890929838246
8543820322925565102
2039398832209108688
7238417577325628179
2033544765936046416
6876784842424321574
7748643475129060188
8110141232132762159
2738072584929121772
5182207313722265955
4446766385094093290
7341380725577145562
514363336975159439
6238787729647718263
5784740964713413382
8656846127328561532
7911940616121256892
2369357263532272404
6986513915363182643
8568691705506729548
2944089575010050944
7032536005626758102
4801095320788213812
7637038474036619911
8755457219343822155
3740034768106327034
1566564620685323269
3881426728874010137
638598125336019453
8532912330868508155
6518250480491017173
248333879683339437
8842111179410227246
6983927279826148884
7716011765432082583
4848281668619862239
6408314513399350750
7570373553582218449
557378493905863110
3908714318532136272
8252841924106865267
5988814148145074908
7968110393277449658
6768847774579382301
8918163155831667232
67087865236805738
147489585101401582
4318719762332794515
3615488022575247409
2979868879279142479
5264889719899892435
1934843105578236366
8651898638431650289
1534079242659947843
3150766062974589031
2148797601991000011
6060228163944399377
8741996069252478982
1814332201419497641
8214425231286355231
4391199357616581090
8854238213537295585
9096921516353990931
2220804610038219655
6319548556999743301
7682240689306393757
2309890649286545312
3276408387105179329
8667262454748468337
3266782379983905910
5953336877916130913
5428111479010779246
2547183170532525217
1683386210189807522
895502949542090337
2331657794461414396
7411241709567102336
9218321647883428122
2002777679619449839
2332674476444042612
6761813235990990515
6907235775485763026
4953354127532970113
5182833065492509179
9001065581603352466
6572094335763534800
1413482031476166062
6286112613015634089
998785451616566483
5523353635055436587
5019327243418517412
8832977614511148087
3879109150116956838
878676056492162097
7725274885041604250
1668660890104577367
1452596380333220923
675194960412409168
6297781065472837611
7287306146026158807
1994005384331864611
5380160684239348267
7336107103268014896
5163642022251403010
6552206686382586019
3178157212181290985
4584012620636925459
532063836053267601
7852262880803111282
6986997345026242375
456491062461597493
2398480939450622751
456211070726924233
1596913538581647210
3619017713702046962
7810406163272344165
3618628625988879865
98379648679170628
4805019327341619968
7665246444756036700
8269743127131930021
2505842363029439622
6712812937236197746
5593307008102761305
390385078547731438
3624981959951809609
7286750482263647208
1972781746566583946
8487295125958146913
4572999642674871385
8548059347904999571
530370132746657278
5031151205260177323
7517298596087796964
7196379924505692629
386178396747651897
7275136112295227600
1287018858142604598
9176352708468162961
1767346012107138983
2601678772187464990
2338463744326641652
5359837752927338081
4219434488382192832
3125532701315683353
2452418195271590820
7007320914381520859
8366225784799202125
7595117690286848773
1004874456790973040
1664649523374549355
4384157186550697270
4737766625268438531
4718030084590181238
3524919626685519510
2938471446930987988
6889222320575363347
9012342958375739600
8464183017601410207
7435249505919154933
5002956866286818841
3497808759376708701
6949078111325516854
5829877970837377372
1250827785617744735
4875829290224785629
3116938174215329072
5892324051190443751
6829121010191726032
8225307628694885112
9051957762934488183
6674401054643743053
989665700740147762
6209791804145296737
1464378702592041179
2673652609506492824
955568047005728969
7225083690588451244
4424062393566631960
8801543333737962447
1279831505352086182
4222688317934461371
759373533011865477
3134597264154545182
5692703077673409466
2901629533333312407
5524484915526210564
6104916697092645284
417501232275459964
3435713545635262723
5647006762690905
778533908051231221
8086189640562224660
4786915600920919163
1229306648788431745
4226676858143128413
1495528239925610518
3065366132139804988
8599478633712910197
3447138681888693649
1658913294233378185
3210093480563317685
8797395369712126715
7484063118084412865
1814361929619506916
8736985941817500322
4277730180839156984
8508957491877199121
2938782206915931692
3062182395874375141
5789479213724744103
843417632557679214
8293301513227269987
6905059942727650398
761421025561326550
3648644494843642682
825914390156130932
6626330162174251322
4898607902130540778
9212818110269002502
5603461488537911876
8332507082886527231
3807056802009997137
1322582885025254761
884330996770771249
1483002954685807216
5282090332763022601
8826455855813236739
6472555439236397079
4528658861271948130
8830595673284387814
8414341268071370999
7562900773822138187
7320866183139372312
7523911878537290758
5010417789633578971
7979445352105811190
2323720721494884182
6205475334868084532
1351981841979470777
7738806939602821548
1872847077847227489
642086740239828339
1339566625944039364
6960360099257824736
3071079095098497446
8069869677966941509
3004015236392696435
116293278065918200
1883510083023825275
2390746776704117178
5934125878201158627
726745221935524204
8943948524882390810
5327483228137611460
4342585367977635962
7754816243697128293
1620968676695322381
197247144115387642
7509421026429156096
5790728770505466566
4907731689759475936
3581504902140489507
266132960898692211
7640412095372061086
8225111461883510716
6913044317113304909
8954173871405682350
5420253820803753544
1145696523822896973
984428343091691910
1704582734223759544
5188869759284697817
7376153443525578527
5486382506158061655
5389008479092461071
6766818787453910804
7387601113504070837
3282553060928508287
5482067094130026051
2347084248578255239
7024881972184864730
3601513138927927516
8516849974365709613
6673026135255724756
7534763601672314511
2783598971890126366
7098104030948416429
6573432990295680387
9160948232380877426
3452772498707321089
8103877031751741719
6673669996539327064
4117566348531115679
7304463815171505500
6173938685591142364
7616701775989150155
179659248395147761
7652534259828085104
3095238603605185293
6477970011255011730
8860095112266181166
8554690436652046708
7397615185950332445
6049706725170106451
8142061772587550734
797479926813362080
5202845702006661662
4829212566899730740
5019990078671222885
5701155404297130738
6341515552305270593
5765520521299861867
770330767135532527
6735723489740560126
329829770726946963
2672350474296902576
6165850516637246713
1309374902881429450
6024471841347118118
8828891440367159582
3559025701847659038
3184393688618348791
9124111011911909236
7278101375483659125
4585165059316123444
5422882824487542520
5645490232060338157
71716842486520734
2021864859502453238
451122944690602534
1573973962199575096
2649407043166152265
274918339022581288
4996215804080324738
8170101962861148666
2482031668337170309
639423882086859473
5087880846858622093
1497643440984718244
2847499651886247957
2285957381755589789
4537986739197502048
8610099900542074206
3455738017359797337
5639413750961778278
1151436840863409691
6054990736692604374
4916304132932668764
5859883714432764102
8986121863253671664
1971777101425354742
2106125597686790565
8326292689472054559
3052079917716617746
1609776239302988861
3812769639076084365
4094031458733897695
2355777004985117132
7599848885922288023
7062325915216960337
6275486625051793816
7969758360540588219
7661808148749371589
2286483117473480203
8313323749487768990
8878574982225216649
5143412355668128936
2555375880930997810
9115524864582464112
3788493600157411796
5383130276987896137
5266727940981431857
2927853472030841024
4822500029310827506
6931934732820335977
8233234484984488323
6653238990413667688
6401252185837403699
3076201334074975803
2780289319890397615
2914891642817519903
597337206508076333
6028004303279585691
1385381680683625789
1450588877476122319
2565435227714650320
7284077261047879066
4904751409698636858
67505153026267251
8384692475624602419
4334035052298889712
6053590403495427578
1990395165214981030
5971127450781640458
390276145206963515
4223806491905959779
8232662717005068487
594268631940779007
3714208820051205669
7369195590007295240
884859828101039442
5744363715391122680
6705543679142467221
555354294658883218
4126833842479003621
7533689014663546830
8272965003316227007
7291773509769195495
5596256810995383951
65985099309130278
1639536251078802239
9222742367937082628
2972734567689185407
7949492319744843849
4339119170695287009
2116262067095717052
5748027164388370345
3385573110681577998
1147662627418956125
8959211799556148404
3314569078968272555
7172835212239159995
7446053152032948698
1678444230030854762
3407986650711815016
609123374970041251
4082699702735175633
6532794226525890625
7361620700482770431
7973164177377499428
791691708177027545
4531975237926727526
5554835568361729248
1983232303513445269
577096949937536560
4110919580430263631
320036646115844858
5902224851134536810
8692759463760330423
5389782115292628265
2893191139928270105
4049883574506851734
3890115524620612773
2683425454042642750
738325904010149558
8009046701366934095
6604481430916305757
430620215054987309
8964186120183368243
2182631209053503185
674480410098649768
589044889703469884
6999716638552175873
1916091125431909656
8969698966589979585
4385940300984762942
4976337080732233941
4059529928945924153
4131290472293988406
7215519459141672438
1309677704680571371
3676143196648394085
2257223439091345554
912258655093099694
8153061176041304446
6269545404638232334
4932412764119804692
8962771120887002764
8613869086112758823
2783236262934397869
6969000689649373060
5105921468352213032
3157421055124884696
8880061119678435995
1165504936175078300
4860740237943988023
5116201909659490076
8995726376041712528
470504866772935590
2262219054434321326
6985165229932332091
5959446751592298394
1587971963511033203
3022047639965519584
1224404238639686853
9050913296510659183
4514517776226909026
4645926461963096187
1463222973636812143
2887893081496391742
4029890907152749479
150558692801208045
8272509286128173975
464378511253253137
617709434237919427
8184265985279606671
7464370531818526652
5656409189587663538
7141889703388003767
4949673275218042472
4360376558663830959
3148836284144150580
1249579341679701985
1569785476732037591
4033180600135732776
812879872370311485
6290110274999118562
2104319798549845419
6453961286185748068
5834085928410480345
8841017927996070995
7045484167556280234
7392218860914339273
8117508723037837568
5329387773642917042
5068397255597333022
453757404277282512
525615262597998406
4301477123051541957
1013444285245698281
3929459114344494946
4792914613781509999
8837347143651019055
3738996703967691210
6636883616019492189
3398586385078152031
646702883589483119
5146059985296780248
6230782305298079655
7569418641504433299
4185279460348113196
5435677554555535490
1997685623610057385
4938633566918318876
6804193995745192021
4085060986323187345
6815731360787013746
8094469779967496831
6755996281908421680
4928711102432411107
5481162998395576886
5844288269141147841
5800831567771091637
4305208266449303772
7239696844445813698
8458581995410147164
5129791145696580809
4118323250019686612
5221030048150564833
1419408766511310312
6785761494425348446
1532905575407996028
7038885182786326337
6401394809604748079
559002650245297412
3526038185218131252
7006476546184644108
5377378514923184494
8711776274549487049
9013761129935506591
6078065688657243940
6756619964120760978
4078902638184889462
598911205315785465
939637059800546635
8783367840145109791
4251844006035988418
5655882432361145600
3281401354655013702
7563828858146523565
1624876818400594875
6735139792270763850
4444814769248039424
8672820595337602286
8664976813598927234
3064750391014861433
5035219324001038497
6532798254986421801
8544332902539513076
2840575731683658857
119691767725109247
16720047759798117
5726911113181298025
6721282254875407689
2865491515260143920
2245087339603552071
8381794720942928490
3435317236727120655
319766244498072509
8290059749822450329
649408238226669236
2843892320091644114
3561527536776889729
4172986618786306372
7477127612754229724
7770363509975417629
1948196163209914565
2732176772284762935
3542505645005168718
1531777312044955615
941277963613478327
5853315059930619534
2181431147619213547
3491928794280955180
8466052817105712591
6904119923941355018
1899232658155387176
7490550248931937960
4521430500546278997
7877841459412487652
7121425612794668509
8374428283409039818
1372771090160532337
1172726577033576140
7276059324126623820
4568935177409564353
7902504402453890627
3757422439684148032
1665800177838569130
3070406429485546829
1477673060791306338
5293357804906549826
7674690442520152748
4341134364957627146
9092639513049973208
7671612358124008299
5996169492726668690
8642312244929746963
8613864959864298177
2507697895915741798
1887862187474163479
2116511617173839249
8628890535902283606
933541317071028145
8608356485876607672
6971348442763103936
8804733597964497376
8561657629171108427
8497314124780668087
2903967598639502012
1048015609508304585
4740434496347550543
973436076701986738
3730131793715338778
5824106434887294967
6836567790562977296
3851969916562916965
3697376844110635077
6977972841407162173
4198714728138274181
6096043304814295123
3143289199311781541
2927778904991799197
7233611405150314418
4212825229083323742
9007873182558728170
6650271400583518224
3385431983054358685
1993961829291524801
8818156503707826909
8055517472673225889
2216302755017267262
5221548602714225988
3852659084696592886
7867922604914925219
981448359646560453
1138954771543445740
21142321889483292
4097355971405174902
1230095290188512334
6913817188940522308
2173077472502823618
455714202439064744
4161268215206218771
5188254133284815209
748954022271597323
6508691172575014131
331573284635007059
857500148341296239
732979176651258721
8187276459311285832
7927914605456798347
7477226808876232614
1634485862107454553
2002148010701756659
5305409044133228019
5487933518881058556
2022982909326274227
7069616194628687165
1707488193026103716
3163266655430154656
7719756963182490925
1149321794177538658
377309655129130836
8171620663855726478
3746034750233609477
6697771473449372174
3017592228368187295
4488232525086998089
4961375759227337730
5034697074712719067
9030281590587347798
202388520855944543
1466886668589436713
1606384266544789329
3618769677533112247
3977237687845309880
5957257634176884827
2223654646843502719
5483678668367247868
3231059500662347021
2647544639086845600
750422699074777916
3425254975981537706
2678774418455187208
1653740832792079340
3139916516504240243
3136806843460772309
8465257772093858328
8201394969497952967
4049637928757034271
7551220246600936600
5801259835042383050
772860058777820396
5394064217045089852
5441591046453436765
962462215709063869
2252169292764643399
1875381201366184880
1346272051980219438
4449915007493655591
7756272432245798015
5278897904550543838
3282459451247155317
2940066285751765190
6830223081766216939
236945966143323457
8683431308787961724
2077324573043633849
3226339323352825848
6935779008537919585
9000047482860410720
835000338374849661
8256019547791977658
5058902139965600185
4924767067232023679
2258367855011125177
3503968680501719952
997205954016550296
112264361186907100
2897887040502620073
2922923062044526410
46167931961066377
6128018977876758408
4331192405024371359
2592846420302006243
4686697163340068939
5608561425190384123
4565307884924321906
9175823962314456
8170846088648615697
4401694420567800131
553743365216979281
3818861828673713271
8614741710402618252
6484386755192553100
5467335377540071978
4115518193614628128
5909972059750347717
4070876465801128216
6907236975205408273
2794346956758013588
8066611449433371544
1029328572999498902
754585257481100804
251514933519811289
1398371202811749966
1484209617924700021
1802545573110459247
3276530042289639491
3568698501141886598
9127613895692240892
6789653975416209314
6842729581729746431
2246174524268136386
6970390157797525912
173968191535147942
328704054722602605
5827770788609198499
3588354668431827694
6218318340271407872
7203106656384854364
6537929200771908845
811003774582364422
5210415846056969963
3049688652431505970
3744643710730382115
7415417524070723410
2261403988785600883
5433618484510402282
6375366634085211993
1234087126586432260
9064946881430043817
7250645592487918184
4811784151413669879
5444824305498751034
6597546861151697061
790915439453733898
3659084319180538252
5076422442016650803
685459672732227939
6269610186871146194
9206441283271568091
4766748453418000199
8783070476057079533
8863013963645466778
871315443319272067
8083114477003492912
7528511471782641343
2811479051569455399
4879744275581013162
8869674542994207515
2245323156667441244
4188719619744823960
6431513477538536806
7028331256200553031
2781484261287884147
8891509733131824643
7333094987228128389
8329059431209898869
6261709511693955743
971407192380518457
5072479425843753384
5681149507615704871
4005803366502382249
8607561499456837592
206134841745397471
130606291017141826
7122896577112472170
2349338152320584922
3956422274043660550
8291819144288592673
6319902173397558947
3948597539895479057
3717243090284072574
5796796611227510201
7188255498085648026
1314451854591378915
3706837131254689772
6374785949945077861
4269786317389470729
2392039960783234714
1687073372795824558
3123707004117805682
133013325825716317
7610421196205123300
9112029031579524867
8799617393461302547
2971832561539076275
8102371208970543492
8762800464864732115
4662351612475708471
6821503956664802814
2270376914921991617
3041139464207031756
1847576526351270017
740343352436997130
3161487265658929852
2128496375261131328
2214329124108606776
1149216830802048213
2544245070033903626
8444821629158260524
672079798164384869
2050196843879597270
3327127671442110520
4476357137372647090
947263514474696327
2869617646371277027
52014064826189895
3753560718235223807
687066942783964260
5421288210011622648
5285654689443963538
2433609307482772297
6854838184290558388
3519810825611831379
5077569259456712742
8170448316337491869
7195982339964824432
1207076538085096980
9200563779510883641
5854005401375673195
8575777091739722767
2643418758347454405
7612266638046254366
7793906863664948235
7973144507946939119
5121910317808559555
890363804403008561
6723404023246476655
5564431608600664733
901027635050116145
2067521435869311240
