6674764032698513759
3060378027192835542
7717466858378026568
3697719918089112926
2106261364699386724
189099615447739413
1313698718869146637
1689156906641826483
2231184474133800357
1947565973218111600
4183317690174257013
445802959673504328
7931770940919245464
8696254821529898081
3456022997990205349
5015467371657750714
6186082508525077866
223974374366433139
2673373385094776361
5410675688323791455
6792139105586643962
5659993219662580553
4193743852458181373
36187978742133849
5469021931627882107
2250477412746200532
4451118611590405006
2747216265727802666
861016937332846794
3990539087797541584
4802848199196906652
5111528227815292948
7910676985955768612
7393510391682191383
6654268520964706247
6093592164849164534
4723238543548100666
4446096061150066767
4812969162633684067
406320451759467865
3675584912971310916
3681763812338510102
7422271602805621097
8076117066918539221
1272470484213238967
8072951810841072349
3462910985824632747
3886111950047425659
1665995353358770003
9152335302118099600
1531279170172095063
2243730660121532575
1332741294873144575
7398273703331640981
9086616727938192391
2390098661594653930
1782150542247152508
4568409640698091077
743770721150658946
1946628055224730286
6828043590214150684
7546196669845196349
4834040978216526838
1582781056456882735
2403201740853729469
8955319337101688232
5289877988035908759
2847640943080723980
4472019865461847038
1638758462582611693
802722617702699465
1145438526804649543
261527529095943846
343794104915268620
8289918596918431162
2683990942528950012
3799068334159478567
280918174192323083
8038977822563107612
1497930516884046658
6172824210289287749
1372823406082581211
7820838647194634024
2900070859621610346
7700660122156932757
5133674617699971157
4971707707486692682
6514682313100182567
3166292521558942555
4556294911904407226
6596926610819970652
5208443239929331428
5329868966051834424
2317386778962723033
1403812800754518486
1715196170203662262
7696450555716165882
2353713253142548054
3442544953720655188
4261234490023423694
5581127262429155679
2621589886878533762
1593608758379175775
8572193682732828582
8941886358399288579
325286880819207874
2609102066147984317
6949791150333585786
5811557186856978951
8094046786852065421
6232584727344740824
5134740747501062631
7386496796242064062
7993072619216909513
3365755948094580499
5448245756239670285
7791198625731003713
516058626345759723
3383396447216379577
723405697547262499
6873026721380391047
931281451146070750
7811081226040538779
2304426008461464747
4470010400102463855
1507850871940607628
5658869103770177028
4602869850330526853
1814918512517949354
1974807471438016346
2381198714232797287
8354096848966189364
4015303804666715348
4895816695964114885
2064641836577712105
148230465638640340
571193143732186823
8246346841109903326
9069521924915041220
8036811151941723556
4883422115013561297
6611052256879358651
5442787361678458891
4574427639648373857
6439921683912649932
6255343941466449955
2555767003819574089
3164721563598540058
581985592508062582
3205876137443398280
2135981675217987502
3264414728753452715
2678177041709948283
2057134057303725528
3565585200007975168
4823739496838811549
3095721650114941090
3144753464556481283
1485932685710909695
6954021193891949004
2640873632619301100
1685534928671212640
4118471684286269782
570836758179105053
5018947946468535057
3741575534797480810
2161270710959021073
2373484315629366808
6741509007258005048
2633190927440701758
842157155542272769
2529592339068496025
8980902836050415243
3106487288022124834
4117669349386415909
1044175372146839318
833278205404965878
2803254516344438370
5586391868214603261
8259842140035778082
1570474808751655023
462987638867444644
7884686406192009542
2479226205231913994
3292474643842448238
3263629426864290655
6086369065718713228
699021013977024792
7012767539182603874
8082755515798453099
9134994256702456881
8130115376161515824
7423028366095731555
911131049785528323
5134488484590076622
8474254879553973221
2939384836602398629
2861157158554992924
6442197369067226455
4498999795934934439
2899820470916940564
7355967601137379651
2387209401908301424
4654073304098515172
1519176453556634612
3817880699690914218
7821575485442030974
2398569267440216173
1075199737885366268
495820849094679149
1335558930658398617
3724923400630211050
4180034914613180615
2241565984955174469
6905034105714500318
4161459387463511684
5027920469131329467
8943709872060636004
7801841546247683483
3610527581603475504
6386809566044997728
3712217317181683689
3017177692676836251
5119656626812886597
1533797211843998438
8839073791757290573
3594263440998932649
6923167646872739186
8845672533300379993
5868008853062975761
852029491648093891
8268213926195109388
1558219267030777824
6923742223845251091
4968332555138922160
5753359169440010167
8545303817869850472
6492963081107118424
7044845753785482552
5752346834391454238
7559396553470013830
9106799471277863054
5136695380104456568
3463807623694174971
7752279391179516777
2512589232740262409
6467016742545572832
3549831823220797386
1517709066462846269
6075140292847724874
7971425390270150443
6108851605418275077
8689895160225930118
4734663508735703550
3588724117410611816
7113212646576216333
892213377346184268
7254339477782678762
7121570931086645537
2789718748695704058
7708313030674410540
8546696003139003807
3405269809085310841
1966267522156390695
506228135236362748
6308831117134808608
36912256212566281
5304347881594492383
6856805030204236570
5485991166549967668
7122391142462753132
4580132065587299297
8225219590103183465
6464559875364781332
6666322219526221954
1006850147251676320
5829970199555818746
3777292444374367195
8968079130809974802
3486539093314668192
4409581274878741965
3807836599209909288
8321473808290346204
4197459036995223541
1808648545572940358
4288525494176996187
7001728495856448737
7458854983521742383
529678601666250813
3406223330245700594
7242184642010767759
5921548574325534948
7875444938980782264
5651505666348462945
7437617144782376504
6663576394457122464
6500693040505123231
8428257753817285530
4711452028013486350
690104444446281239
8893907599370851359
7567277750858603482
5602450462332772743
3035595845168157301
2419832181917628540
7920737983740744401
7626033152472344693
437523814150759178
759656564609297266
4147718543483725055
3353113503665045777
7521695662842008807
8036862541899429593
8522331821070216114
9022756472880022985
722280781853489908
2631054769773436216
7942927021331770726
3125679390803145184
6404882308249483751
5632632819261435731
5626494867965298536
8698896255571155044
6080678636961612174
2204515642757076963
5181417887924157765
3109778900365591880
1584623762810034783
5482769375173703134
374528891288953394
7361214820932131501
3907896819397549944
8396444225594081109
6872195413910519266
5526842437901416715
6486632398476900376
8523679246094409199
375996750730536925
5551173211324756370
2152068985694153645
8821108656109974982
3087867811480776635
3702043838008370565
5378008849369561513
8332843537099157542
1153273085988581564
4738302047991460320
2894314312210057933
3576913557497375952
7199367190561961021
1570861375903223078
3213712432058223379
8065694464584894745
3839341389519223144
860600022113836278
3793504453311824239
3469040373512392935
6169458143236611238
4029865388061412410
486298240621534534
3993234153603408084
8356620252133115165
3867403950278298503
9080906491152203151
3779952081192108622
7199153661240447799
4899930990061361213
6772190342484957873
7796678120725804054
4110715993506446303
7286677524419946729
7341224846866223201
4087447606571202990
9171287460377709224
7130127744874728599
1525326731021141625
6911394302599288353
5829638334558404386
2005251818285081157
1634117001875496178
582895630627278038
6726357663455354543
1761214041266634005
5934032295072746426
2237025630373662695
6422741364151978746
7415844154790716998
8127895114874246871
2731500091167665687
5632764166691031258
5541212783761590785
1115064062020187604
663303693346624046
5425983449714073091
3796942899661907360
4423210802632541049
3366598488005340092
6686875385497199853
4418311217074058484
5143640981731471660
3307728245070559725
3535780548943827836
3604496052963003552
970254235621531280
5808891164908584168
7093459480711889153
6163991143926023124
6475584383978507854
9047753502426163851
452590843172190105
8831889918883042907
1701304595948708998
7163968464796278928
7721035850600774569
6740566853736193721
1320727901339899512
8256300842046293736
7144321987335067627
805728928707260590
3865925760126003406
7673246366157291094
8101784047947308864
8975987913305708963
4404343446524175195
5852080700561233459
184252866279236327
1231239994316324465
2970780272386891035
1895374117774249573
5537977803425116895
837871638009625975
3142250430302685190
4753013116727096875
8663123095250752714
5874545118181808331
4267956303254764962
8037315798970086618
8834503259401439474
4386387337079174023
8540006325038877
4110310438342386824
2259410171762368742
7719051877666979878
1646052541495075077
8069530658276364365
7508448797691902078
9189140534684070
5673529496301233222
3073057740535307930
1974886306321797364
3247329716097606812
3191013703081707221
8097870995839403249
7817563077220695888
3623626884067342354
1034834106147937592
5575658265527240099
6333845981473641286
5864849982313742476
9192833147755563565
4069159883527831780
1208668465885967213
8204038166450517988
1284921871475875026
7856863812028338863
1577279369500219895
7136983338911134713
4686142504497309962
4744028406630596878
3521884456981107314
8183069832421117925
1558280430333392787
120966880574223850
8812053435429918541
6594155786639271860
7790865560404189405
1484517373010996488
315255824270814065
4796759021707086029
7556188296178909214
8964414105610888561
6347277095724028560
790487419475081501
8493720776136666940
6084187044681118035
4424361158548095032
2658416643338697618
7416037983392305462
4624900231771242132
782805766889421048
4360011053894826891
8820271252282512876
2648651263698264739
1963097221050006961
3988614458438570487
970534909621730043
6587197764173345778
1716593209230287339
9019115024795328508
1817974426063038649
724665171458495707
3403954683594910099
8732734814488875778
6184480105485054006
7860467048970453086
6294478128870854740
2032355275219876610
7819539837601167721
1808020623863792178
7885886084847954771
4159720264905277707
3283475032220308628
4274346956344330816
9203002292412284246
6184842856234848979
2088858449342967728
1746324361765634099
6972103578572803382
8928837387261448585
8513622890145577302
8399192851847819413
844639993029707514
1972342504372251444
7274232979563354770
4376826612523037271
3679046269600294088
5621423615444278989
2900085129019339850
4741325164397766286
4707048215398355200
1064547766064368858
6202828715421071295
6779239718118855164
3999611757790429
2898336530541311283
1814169095106867166
3370581112737095841
6295037951232726145
3761502927333007478
2819207639241048513
7222212475625627908
1186951097400606135
3136058807279275457
5556607589862234358
7393264366155714311
3076262784736459002
5643321952555957312
4947707999615206239
3999913356226650826
7295865499875021297
7256426205180002883
4683977273695994851
5051503277101453762
6450859300491775018
1057170747168991033
3764558019691643272
4612172422556986688
8010261512586340163
3103857787958893183
3811032407614959987
8103167723987476947
1751490260825795114
2196989583267587735
5803200518502697586
3397610379047118690
3000938504028154962
2510922781726407212
879844971547934749
840680640065098532
983159814106554971
9195112443714215687
6720048360974957955
5528797531171755108
7533066820117332848
3885189117117852368
802222173990714488
8069967241794246040
5984192930560626153
8079396566501658049
2345174991045910033
6537794290540943091
1042928562945372214
4343875493175552418
5021890329064769607
1642391099921434828
3029886626535238043
1200026543300607688
3825012033690244191
5454542495184337379
7077283126595730436
1929820009103249155
4700481159000221854
3068359313035990291
6542036452344554188
7369149846264059634
8232940248107639905
1765497400916307735
4191671439653429589
6308555742610258108
1319729529124232700
9201300253085838182
6293573327850481177
4040739473432250118
2679599950873573463
3554757390120341113
6004782675390984132
2210410849803582067
2978234433745154666
323638388814960110
7017774067617659959
4073716668819649851
7657434576024143094
2341168601141893058
911435338124345811
4777024718122603118
5933228312142170922
7325574822587673113
3292789190418638747
1599076045662085892
3446700952055929976
2367197096885180206
7032936555487581301
2991462525364935927
7756943884428300944
3437686806424656518
1515695812824895298
26645040988238791
7652739127700480240
230125636119628984
7662784225970574308
6205646121978745087
275515282834518709
2736775653367735066
8444352765193813090
1880464481006142023
4728420887611145297
3848073542094968927
8582800280389015274
3087309852200964939
3587235939162354017
4942328697312373448
5227574604835734493
980936121500835029
2786544031113271587
2563948871161514160
8900416769204887057
354235875282401281
1582340620991263707
5207090543359651727
5110293868550133642
4682383364622167799
3277722302498320124
483696775861792719
4045806616451910785
1389097576648004394
3427209394625404008
5862995560336070218
3768304800545757758
8666472024273511321
8748585449663861573
6302796781351112044
2594744782251082270
8022862828285685188
7323363326008743293
5683473702718278681
1407074414497282992
7372611504938803377
1401614453021282236
2746035435622961590
8200639466221866930
8269656441954082588
6821512957927787953
4875588281978384084
8597606233106468484
6383421492024551816
8076515918424850590
2609012698204142973
6611613782611283633
8238898007516538696
6425518673021966970
6819378488893776474
8114300062489819205
3136581785701140117
3407586216187745666
1982222770141032081
5979574250504610732
9218966367484821227
3690019027170705662
2693551307422480723
6853767452386151952
821020810101902165
8506389050864193347
8999600377825974563
3421582036789207968
5393094324192715623
2918908398009875710
8960638358428582421
3225635274526428303
5392696106208567755
6561108960368158889
5288167051349614068
3299186918528768059
7253173973628779157
8534322193725791857
5495963683445233244
8195558070447752063
3700985548419400600
2232300343756188202
6889546190133298724
407552520494486585
8183324905279492248
4104901658623686794
333826887144246751
6719412504490371141
9209201322095954528
4307237027669183021
516727291492364690
5078743348766329381
3419817508338188901
7395685936776748132
4443230078663366927
6438813688629888429
7423132062561467649
1815156304973834717
3707072329427466944
2257895406201007018
8540968774767958387
1273281568592957593
1966115557294008342
4163367454713003070
8638271989935106033
1111488345561430523
1477311982841395385
504656950443233000
5811538316216494066
795584642113691534
3259729342913891372
1014690489406360342
708004181611633451
1928915106723074253
358587163606649039
6808670243208308983
3670114922619747654
8754262976153304748
581255234588520305
9190488805489265070
7625492550516866289
2254205864798057349
5178545780428772248
6927304734689455379
4889683463919187922
2013308668764960153
4588160200790583361
2296809072575686842
288626622467792810
1372473011983144083
2476224876725289412
8220168719899105537
7688775887301547747
5336593685048645901
249800003841255182
8190485431779217300
5606545263728232597
7455732704009767981
2741652679984218351
4134583949409174434
8917118414941955965
6629488091057871587
2656069838292942683
1482297411604839752
2287429967409392392
4814690934409087757
5559549960860519459
2885935882417516780
5777438999224276907
6250871784892105018
8817671032925755764
8702624204512725855
8824070467939350765
1789886074415516045
1702655088768516747
5925689973250208087
8930061456994794089
4992998470310243585
6086729548564746998
637366787704158269
8239472395593286520
7755317664986504002
2551846088210412372
407638731102867833
227957746949941568
2997939994249121015
2553880280155092149
5262189880711756833
1543661007006732306
8985110043554855318
6133616458507032061
4288448832370718344
2585789608907034104
3821079944685234736
3811216178804868173
652441612133067100
3957931058097552613
4003932602666767487
9063985873976064219
3998065050331305811
4502999407692724868
5798157001458251847
9170136696244246817
5757790514645397265
1725739218476465509
5280679380889642090
6637088338931962731
5820415924212883074
3585520364840822308
4211258545164641725
6052428438956913507
8728823296814112928
6801186185366670052
599984830314362119
7189273984570380708
1681575425086375336
2233952850483757173
3060974637456556542
4404315108901855047
3629972786494361437
838014845240474714
7443980313213988761
7476775336873326961
7629350115233822939
3906546102544450952
4637654999802891621
3426734162517474752
2474059128131633788
8674657907698534300
1819290079713191920
2447837334710897539
4249639870695212581
2045780393368488542
4069142048757185036
7803587195393185840
5809013195204020692
6736518983546565138
8517044224729290351
3989639405227300571
3350271248102461852
4062041617654011278
2221213633733090390
685649608413801734
3983290585043926800
224628517400025316
6608303920826399018
4857764223786172442
3781438996231740115
4592760386166169600
5861584559638398687
1873658585057718673
390444453336809463
9138738231953513120
666549666671761998
8559675542425947741
9043266612594949195
4967123736317170961
2822033386449433423
2731448599928124808
966558207267860020
108383164185482438
5854090840083694366
7556264214391867904
5170767210001618576
6157938961809820284
6814783877846620856
7628560646259041308
14840472443628655
2374549172590197752
1674172466781710880
8165591117423541131
1453776495728318437
1361542704123507621
1212258403051989724
219422272255160190
6989960608341182064
8024624214869336279
680314831520692789
2211354983543734481
2085875695097092052
4397974431439014003
9186605993001345083
517692874497304402
6423676594023243509
7490248227413862288
3407724591235026250
7735226446232926163
145553555886853135
5268419502154547876
3521141127031186740
1939795177819225730
1456499411580648469
7437244387150430246
7902089979969021055
4080872757194167377
7667742780902005488
5102988583572920964
3482967125629092510
8703773036651804239
7448227681381221416
9134457209640094329
1551000043522217574
3072326601614972971
227151967572965862
2395024088702396767
5507142034118593479
2284601886048322610
3344989812929942333
5665098418986493671
1740592686110132295
6934262574596996642
5917062374826559937
7198740395192120056
8391098417181830874
881300405206704013
5006474979384898904
5832574650403623550
7313438134395604015
1997277286975315042
3609376166664937903
1227316887846618728
7021730395909440125
9053704262590702544
5338519779052449454
625611400652594124
1647615630175812476
4706631300733243530
189203644861928116
4179368545061117053
4282260166604612514
7697892217297696687
3821316486795634374
5314971233894832936
6545683693678108678
8273809866931801502
8272877873524378305
5463899827843991498
7569963651193715979
7197509708658324878
1203389456448364646
1526303181945846321
5981158111279750990
1941011693050851417
6311056536212513538
2766250595126069338
7348369507760920430
7578791759010548534
2334308500030460986
1785242337845101330
6713495343198516069
1383581369894930879
3553084146044255159
9193286682562834111
8061288795214940164
7529360416689928806
3554151329536317001
1423899868843200383
4290061183614295100
5452475157246028777
3806093729032611165
3907880277410742502
162956440941347899
2052156613288215067
3604670271852105116
3083169728823855646
9172648187400676377
4536890584753830880
964726004556199473
848005224158950124
5826480057499807403
3421666150377462352
3559269171010404165
6313410880459199456
7788433154990603590
2180215767279121618
4796301898153251515
1932879251515628210
5871347171024004793
711167956327315372
2339078705429327908
8353529506365867319
568724915868456758
1810222654269761756
2277941332758998695
1789403606984299999
5656843138711851596
4595055264073951070
2635702196599308117
5343336766649359492
931260116874357528
7447920471664865975
24913076334281921
3372959468221194622
9204272468114582433
