1028237960480786842
2774855846863700537
3149803543186341410
4370838888767434949
1086362000569348585
7055194602820350711
8942376890460112169
8333662822826259543
4055223384846698254
5544969208602875957
5439958393523615443
3939684636563037357
6186319845442187539
8425327035829548205
6849972381178628862
2537618877622515423
5579216818551180408
579480370108023730
5522173117660307410
7444586565640313763
9030416884585804653
6504352941306685577
8435318117477285035
6050000899376076559
5362333894067855993
6706719201629180629
6846658396086921921
6121005055217973125
559247450510526461
6489203913657123690
7874914019991149873
8462671782440004641
415966083643823937
8102330649175346790
4456940373508718158
9130071939653234153
6016207674388136347
1537129894857225116
8378275809766648935
2888060064798558986
72635577582759748
4203095174125466003
6045064340007619964
1952683780063690441
7177706262603731761
2240627605961247366
5309050439177075201
7668442421095653509
2942196734116410253
8644102449789255589
2526913120466315822
3139275164875221036
593571910200461538
7530336648733006788
5787775687895522640
4959584037436424554
2054128507370197235
3057466357467538384
6870669805077826801
811859206028779040
595703205503276886
485080418192390990
172717136222396014
2905851541649151615
3821009918526755115
3142759105590776153
1558926091749865256
8356990872991107619
740535816224735832
2823559701235279839
5206922066066868202
328706548202005850
1394489847386668788
916594698522603157
498912604060485368
414472424510820532
4699455340720746761
2702261573136466840
4311640942845325886
5792913457126137727
6140179018069399824
6884698271882796425
5335962497275101614
6900378526937927223
3740046020196189981
6480604255548863678
8211841640679310355
4748247223809561945
3267167628259466105
1674333505481082713
5855749369621012297
2907650068502508317
1166269311995492706
4446946761693665940
4260478865908088370
1205033349051217525
6137261679157906230
3358320651966767003
1444115348967319303
5544971964435571992
9114717651425020667
232286538949265606
1278105035107426708
6704632831063694188
1126939889737906469
3698926221967053317
3744251307279243721
2767485077454001614
4641007070102167342
6417554915379563361
665907873559112136
839060328647934523
3119134385717144282
282252796201581581
7169303150907466565
5220894774710853474
7805118574454826038
4627507920581128618
8232530975320499678
7879666604526235325
8595626028921852760
6827537690758955398
2963971279420255368
1170873088303464700
2351074023293313614
4954220931288255678
5999515000814813259
2031411605905377857
8685479568141672955
7269766709352130338
1337214863221652539
2815641728925741989
4329156026789593710
1119700617162107795
6963862635363161074
6192027571064995042
1894793510812528924
2432098583472364118
1339851968442587696
9001972193878295028
2751255452283366758
4033113934667845140
8361108824276038609
3087805274943654818
1474596528753383982
6560772172898414975
1702108003299080546
2045323608997927859
6057094514716453787
7796457138395657314
2525355213023280713
7020589645107569885
4918200645569497272
6591067453880430142
9166823209260259883
5032649582056974985
4742596212250953249
4284427526549729201
7062670345971894377
6245142686873039873
3427257479173177626
5361830331450182880
8637725106946151968
1982755687662560003
1494231018187487497
5110729319668767981
2901166853398316944
8100354421913248252
119429319000920972
3745701379501421314
406626593127187940
4699455334917540546
7596007597352791068
209755575769320078
3927611171688752271
8290287986880543674
826968139769269427
2675410668809153773
4367252318895350134
7924618425610157572
7266570699050972318
91773071549433448
8935992847724336972
2405552704447126450
822145426387515603
6002361194986696164
8825154197136077741
5978102641395760256
8458365676747130833
4365542901856458752
1166237421847948139
3164360850740004746
2100305724539772951
4111974571104026047
6468450133524811820
5543879388319102566
2710409672831133108
835398720193127193
4498055561264112757
4284435202018743903
7936138896207241041
3295666936338305016
6109931497079116362
3561508134294419349
8028326565479592323
1551136036149213296
177728732376363673
8761585802066587525
6958492543766674462
8898219453472712445
1792108176636566671
7407712406408778348
1644684066253717599
7900917753758601714
6934810587712657036
8792982730618208326
1049521735906183811
8955278676915132347
5123280581360614571
2608917692439384128
2923665372534278651
5700163788769383531
1574046163013445822
4937069252570188314
5603858240361024338
8872035247622054766
6919628914019320011
7363460683868952264
1452481017464323725
3492562102314084151
5780107971633356071
344802951034540241
765422646893511557
8347720774688086516
192758502952399668
1857150506383645012
5041358420361281074
5802309358494074063
7632369039850840178
5175957482147168859
8787870906628179730
8339476908989355633
8613390583411010870
6048578449495834633
288309310573209638
4055428601794190688
7513530137830941974
8827145791970263664
1624717900021792227
6055297834784844357
912214743630989391
7808900789372671586
8792116794051554955
251817717927911012
7188514985139081734
3916107677771610003
5202959728107136236
6632750670667382834
3829660692989611789
2700183565098952872
7310117391845578930
1622991221525662555
2701907772615431587
5657586653760968038
8621948426734994491
2834914821881336848
2480685068795249994
6854761516422238132
8780748557055777835
948306850368689303
2130235015965934099
4687277584228128183
6785214205242162361
8737797971695373918
4856014620120842515
5479783809065983887
924705439440511363
2274238022242393800
3264506103671883158
9192401756710314605
2876325529352991056
4898556362549211131
5815780811868942020
4241521467664273008
6513798979967314960
8489241905906879292
6898089461605713586
6364432276181016866
4510128564144451669
1203566927535518098
6171395416333700367
2926296937564304703
2361892944132436864
6809179365191291043
9201434558975362053
5325624794410522366
5376107599723580284
7969125861236660902
736947868480301778
7469890924907748125
1948728865102978408
5005931579124012563
9013457405072604007
7168961598065997678
3749759683007060362
5730633899294926850
7212450382031582501
8080144964415569368
9059009486783473340
8847242528944331227
2335155120223585788
5923074391301956870
8335739008763050405
8101383329394686829
6726892807747617643
8973235118569631181
8836173069216120864
8574703450961333961
259993276903351823
8097842542963089647
8547989697538160487
3288183785514106572
7460037808068484735
5696845211227053108
6961725803004933266
2127390883142078592
7643151531258295469
655023213202629910
7319222743209972497
6456025540818471062
2548733649308483881
5788933445096691966
4653782029347910018
3173056770546916064
7602055048650982802
2377334830312398362
4926607444144618372
7930520302660097950
6776913954475588405
5904123640820986824
3121537699146795550
8118011363471712580
6938706977703609097
1459354289810856299
2402173731313425934
8661466835656323774
743784294086138235
1065907974887683532
695221013159939227
7308862487947151963
6786934521258385921
5742106720872945343
37523160255357325
986053474915720464
7109794561302590072
972426624543059973
4233882444972451492
5567649897463061658
792885221699985254
6109628412975275921
8400861788391537943
3924581183419447405
2772529964676636387
2735546139350107658
5822325587754195931
8898063099258427970
7892108626127594693
1531718595059904575
1986439640228798220
5107308973508077014
6433993133608011965
801342555959119181
1484654626064306582
5949212664947251036
3769277088848844066
215552439538245461
2565681990418460100
2776556238898312957
1783919273135472633
5753377309461035108
3205728089348859871
7635357805523138077
508771201160418965
747095377804387033
1251232295076601210
5718711255319292918
1902076803684793007
5646450049321679602
1750603161527222671
1627603078156342690
8825518794610090013
4276960360420597986
7442678310286961353
8023755268018324223
8488240782544302446
2802988083091470038
2894175977694433919
7624685366774418199
4676636605559614282
8660648514766329209
4864347952848454583
4497770502893551431
7483310430407372105
8113393035268700466
3620566713005129912
36337100746716225
2122100639434801150
3463210224591116488
4296697074480352018
8756305068662486659
2081586474779107018
8563462870356664270
146848864386634144
3428640844039951166
1315980107757433047
3130599632819712230
2912424812463240489
4457720256606526217
3224193416536162908
951169632637727967
1531648774374485848
6704143945359332502
5344997978216097164
1075783210516590509
2923403921687445239
670167760330625028
6232454156712330156
9119295911752977263
2784977840343192417
2982848138095447046
2544909777033433698
86693022063375213
8457394747819282555
7432914529916798634
2466489373313047347
6028261422204617449
2142850716240024141
5265618276557795118
4292082090183079174
4234197830985449306
5750567855929673652
4700894510099716032
6549259990133745020
1057939906679225010
3322309384951203372
3246409676369697427
3736709314559001887
4259263844086739175
4124814673301615151
8709592210202273619
6680440389616584085
2881383906201356916
7648809322699276874
5996049739324400024
1829617780141479937
8009823762816759101
664086566244311587
6483999453463655279
8119696181095999119
6521725038469608023
3797321960967699999
5542975428135737010
5491190218819177795
3273576545899099285
7380756213922677097
8218175560773899383
1471666645666334653
6767176868960334561
4274261880687274090
8000937038445137423
3594212210511631856
5480970599963242256
8225065823595928083
652109876872995761
2266139519848038951
7434125793913029454
8878982314952011657
6248573063699305185
8015488336069718914
4157822672322902394
7011603209946053312
8315385468781579358
1261910882092723041
5055375565088083676
8559505386752650535
1546305253857995725
2434714987898561587
5037361257377668926
4439725460951638112
9155770313614764024
5093343320653086008
7126830352596555493
7448867990760803615
1646777631580011689
3810562568244178575
7233772181067052939
3101921354716580636
1340559451668407701
9086362008770439303
2007793944783074297
6439861640265042247
5251858647465712099
8639516886417538019
3763335832475273778
5610928248830908261
6760028508157258082
1863389523897483074
132514919311347730
7923268170807390435
1164129741218520614
2922457155543945952
1599417719264919397
5488224385055094136
8348889085342811091
8980187241771674500
6114129354047975896
7178605069330981371
1474791582673890688
9014719872891060645
9187932053530119042
5638251231519376454
8633456877212218459
6949136330981370400
7070704370374515960
4616354446900979152
3959191026493269960
2389618289265145108
4446914829436362758
8128979385414785516
7840085745176285436
3241135616891329264
2702829201373326738
401786097375793277
1093718441751539553
8594568928615544232
7634408864598311223
1992768190382937332
246386915683376814
2178096282205695390
150114785142634261
4284630198777652390
1798943322255713523
3227658475651214585
6814465033990016594
1133873683062316743
4395838854335374151
5347657150022973899
6764014389832449254
8156175656467643804
1516684476474041373
682576289468649332
5564408067794757808
1342277038970326125
1908377469490822950
944526514021222287
8362374735597023209
8270496965512795261
7851609522862526924
3567951025995219249
221902587400505900
4267165437854947274
3024633262041242187
6487265525884247732
3796379795513791064
1032088704920245415
5518965037622536689
95438308328287750
4241106205147733693
300468846960849233
7848724384171098769
5922590521864991412
192908690765439214
2382238900227426133
4150689012706767385
536069973963559888
3608507132584753189
1168272326457787913
3583198970979586248
2788734536760639301
8294441020444119624
3256076629650941076
5861990570469094071
4921622149577016162
2712035267026990607
8935218619863031780
6340886547441110246
7748270306445475308
3052960301083783489
9053489156791687662
9172128630941771218
1631144235175920397
6733971690773088762
6555434705658837621
50911721819700281
7111969171626934455
96415863401568904
4934106350652126923
8633484779046071283
3957050430438723246
1072432941669096865
6054000874148543505
2942163708795323815
8645477622119452602
6037140038797284586
6748188829532361088
1656812346420306163
2179556684723417355
8630293009131769644
5152190677176098899
8076410987330959782
3077987154572757091
7863275955044936990
3735946206786561727
2840542552752131911
7228302149443196315
1770558325695531543
7004323498413732256
7842132124837041377
3377779435364585323
6930104139528325774
267862973862455929
7545193394338568089
623109328714891578
3142779302954790521
6321587090980969073
5559696277915664735
8430640040556034227
6916839409033618917
7476779565849745550
3445828525594960719
2394278759984362409
6155219115767841247
3592975577749680742
6024148147623684056
822214201782644722
3331777415187162848
1378016152455540
4473867570890569996
8137362844843656803
8308074709771418630
410677207380475557
6443380013737516378
5014008876306535359
3226828771141372504
2338472450816344297
639558398976179709
8837272729745810022
3841912666431603814
4418647613663711464
8610746330426080064
4729240018962003398
8961625535739204394
7994004915422282474
8514778528525935072
6080428189764015778
3450967935276829218
167825790738866814
3778145415542917032
8857986420194513954
2495648713885254545
3953414661199910582
7538378849422745311
6587187115592767244
1656275265125511440
7334426717888136370
5089976078510012346
8835614474047103263
9083943988047579332
3288068501283861028
3066893113916829933
1307164871568794006
8497646524086369397
2580035583502329554
6423274044598319839
3631389339029883242
8223846246632107937
1713580699649204497
8827488779071998114
365043648948722075
3516590486821469938
4379804923113719645
4795609678540837386
9170777493173307191
6781041815499853779
2042352406638355302
4458489807231960030
9221554301166088893
7456159125826832871
791925867847732847
8248387309738342103
2134726746689677632
6964239436732352889
7431773888186591645
520118378199020395
2229019132314118639
8612165606475563269
2750116715997673222
8779153291308457536
3577817828833133345
7398723468707822862
4342870636591867395
7045456706251280787
4187881487146664571
8682171456191339928
3445013674030142216
678138059931826050
3754514457497594818
2357834987883292206
6260547961153883055
3420955751347450849
2746879070766713498
5419021979920985643
7933124052952502623
271447126354141565
7468379587553717646
1966895023381136554
7475494822058788371
3988217258510315508
4085470005017631950
6855843700276146169
4541516640288320756
2070745787354305908
4707114948058351285
5262186927216634315
7508891826782485534
6657968261165000744
4652344306995859541
1201871772208556889
5613989416720938691
3628057845664566955
7654872541767119979
1247398167534536925
2252573932903087893
573464924927737450
7574387034041114867
4953297750106074942
1319971218396453815
8717971077144329636
1810445252844865564
5800822672455928363
7886877486122442356
2014752479195659356
4969592572655356657
5489005721324160780
7913069183435606374
341545755183739971
430710033896514981
5017394972131405709
2243867691726098786
8016719102373274458
113006301788184195
266712827968327088
1495222808366541561
8713711213245133858
1137337040924731409
7319005396809176828
3628460666628965182
1861488562921155440
8566894898965565610
7352915633468058859
2405056674403323260
4383176633357122187
4965047858816963201
612567496049263449
2187885842291508886
5288166299877922184
7891920318453051562
7237820047417356201
3372230475662460011
2516274424807956796
3323315139330967704
1357220990103150992
7118523264451842278
117656456808583383
4128841032524184543
8758946205418458991
7509037211976695092
6017554841958096201
2236111806220022820
236025084395498334
342270495080667808
2627507305641366898
231045691244288480
3749425295313215379
4274828388074073170
632104667095668462
7050135474098192855
7023385903967871010
6205902425597409344
6891225880200542535
3880344287121017138
613493262423800440
5966921211662039398
5240033391800678387
5388187481753202907
6184129970873725425
2212875235376198904
5782591868748927291
7123551877233274706
4489924013804918059
8558889400540388805
5374057482084821528
4160593096640612194
5951545289722462372
3538227921566453931
4899841658639906034
5378153643770283456
7307335787968009465
1706703764081840431
8102699687462053694
3807895049977796163
983050810830511905
1701250821291847557
4462358931154016063
1337157087467525240
962778982563113239
6489312450607953231
2925981859698883414
2580179223889376691
6992341216276691498
5441560106736275160
5867614207325525032
1086295170237473891
1732098025374833143
5296314707855114347
6465557620330940696
4517295161930207078
3868191886555500938
4839166487511630932
621171091671465275
3565306738577939430
9171809266356243587
9093937835022560666
1963422315019491477
1164721909055418643
7939746543348571457
7288941897827875215
6812196676553601486
5863767988657076930
860860955221799307
3365454942981044401
493227349913248901
482502853699967973
1740576905371496678
5995218049259513277
791235903223490503
103274457999160436
100568843736963810
2724612004719333014
558290873014022975
408405383620645073
3077043847333848939
3126497585383534504
1546234730627107242
5465764325584581927
6546340049598808389
8767333101811834964
624061326639245363
4926415299959006024
7317015063642254455
3304778019011694501
7018632105075993588
3864864271858605413
6834103963283056633
4143350324585695788
1161723361793673602
2751095286918653153
5198714526617737577
1719407084927231459
7636014123267558510
5067699395952263513
3355626820318941929
3907347763550433713
8534685942943793499
573553188362786139
8202854142320454629
6985446889165973889
8878423845498295187
6344089930648434346
8964770889965579716
8144718943972367754
784833260442165606
4332822759542167861
4002692594013268454
914141940432554982
7000452310458444885
2809572272607670708
881255641941411563
6669114688244742674
3596732273427898468
2860281555646538577
668206378477124475
6195974008580429258
7165952435468169515
4686253633664809147
5133237892859343247
4346346230490308619
3269610470459893632
8485993215479969438
1569160947833695283
4502646737370134152
7454842087970331795
8771453320005483085
7770386359707942693
4900972940149726341
4329923446229982520
4270667035676656373
2770943066885623130
8337708994311175411
9014835421225059547
2419457132101791866
2663750490995941357
4815336572211569672
7623127589412058058
5300152941298309938
4849646326235232891
2850699263230927923
4673627571039930085
6562632790278136579
7949639701654084619
2719923958971514835
1922168384556553299
8360609412140935437
4342041051323348454
8312956949845762547
8253998192325634297
7389249034634248911
5405045850447400457
6739151720790935790
7627863598807351549
251618589915194332
6596340186344671412
4623039597027333137
2373194155603430243
8193402062625375221
4683037821947963933
8112300805943982502
659788330341844443
1655537486751928504
4266024466540237473
3033628721739719588
1666751513080068022
5444227944229228295
6233772315713412378
7204794789891691539
133577501123142151
3104025648564530855
6752927038176678792
7118485573249044709
8652287677352813594
1063471032028078605
2767217380262148009
2954685285623017904
5123589217199857880
5861517653428520918
642626469478470610
4866532266592229934
8829286927896741223
977224491250129565
35705424566670410
8442212600742553335
7901720429150322919
9220813934281402076
6368609191662129124
3308517297340638739
8224659109886576899
6629746791174296316
1406508883850880774
3313374753040234866
5522646680674309609
2291327393803789386
176771379732553468
7073414531111475024
3011607225864686280
8577175301311185362
6174321127375462791
4566108392844641134
655634770783378373
1479480615890945231
5239169083561901400
8307047652830543242
806453013147951313
3636508190885696310
5312561061185173598
8195578218819298600
493671289233199448
6024824435815176673
1450735640047801709
378880792049498823
7984266023219207336
4735312636314702541
5336702300094233160
3351182918740663279
6443593443973113763
7717195836675985510
6457718109585573956
6889790005372977005
7111038584537799739
1711556584730822922
2871650580428045086
