7701047900752908142
9187610693827046399
5530036694807464552
1613979639542859474
8505279319853527442
147215772215236777
2507215752676127030
2559208284134314456
9168204875992343329
5573473516940065003
6165766702187964238
5515226533430248217
7018494013528525960
7775851046192132769
3893328664183510766
5577290706347536621
1735704472349651937
3470649426834384044
1998759341071505304
9057689018405163818
8515487398537894121
6137288610328510136
5399699105084961141
1519399109683868854
5083430676927673905
173189965215780492
1942894280756511256
4934879617186868918
3435395600331500191
3744654252686062669
322876934917116036
8419809353232503899
3717266266384767321
7935653955528494792
8485357991285097869
1368027828338879082
8116167537883178268
2981391734412901500
7168920318997010740
6340375867899906741
6119852385875256545
2747096673568325745
4961563762404015784
5536671568290438350
6860454913269075347
3224402190310643111
2977506904453026585
4688456016870442882
4249757716299132489
1344238215679540634
173459612975739202
6884791663735069801
6377339089694513749
6744821618229552481
1512228842086556931
3688023269026763409
3127476951114994706
219776558714790435
8896662777126391126
1896440509781630747
1222382497392087503
4132035870825008845
1234685529156718924
8130172503211075316
802021071342681371
909603463635069275
1267390078990166580
9145454463741470406
4222428464924375306
7018603697950595673
5095501828559263466
7965830261743785146
7185152663721601094
5041891985677926143
5404829460235437025
2551228172991203472
2903440172745555965
7070974935581293653
2146373597892794325
1319341967940749312
3518626936605897770
2769335954141072264
702848987591953959
4621496173674633615
3727367596978794819
5858698133258587485
8519126733071076353
779555878167192891
6086710853346934737
6029963500969282775
3532585095930714999
3111104631148342442
996857679660208330
3656223161056633243
4590550819985383139
7593476256071617252
8612635673617335761
7314363796009941532
4703824002680100525
6191118232188985622
1711160767416833999
6426748414067002768
7142072522343105531
1971205848550244850
5225470294719014323
6380335088867626203
5267756674191697579
552574542361377714
1540121557618549408
8344496882380371184
2051142858016388418
6449814783228659815
2518720188788994636
8992349719103694750
8365136912118508601
4855649396417228212
1159591433215147608
5819396083139871488
2618845348978041458
6173167958146848309
2138659037389185714
5114297025512550290
4561422677782724761
4348792484033713404
6848664586982977909
3296628065664559388
1005486409188097944
6968594401253449321
3055353047272434369
940624011922541470
7110920885514838486
9064280354765068207
4344853499290390487
4317041472486152835
4031302543558992683
1071043846022688197
4411740776055160579
2403247843066019537
1281820158668398170
6581495589695818736
6978343247155177521
6789163211512586264
6249078693911912204
740300004644682217
6488141851648438902
6085907540745257321
6780822066095171514
3570134901803636340
5349765769039103900
2537871855191983043
8949487968958926648
6918914919909466453
4167526051204291257
6267248282241706344
8526171324582576029
6502106061015958010
1461309498116596378
5106594949956158027
7965460713896315761
7952693948992838223
6865759416241209639
6672911411431949552
6115611361831170483
2803785080296831532
4598670703531354794
5844197569193269357
5397887587856941099
5632853330571408863
7942932292811676804
6700862205288130814
5569502651731607982
5995478566593502458
8523502833314664430
3392724080549490250
6199346577714682272
8496014460280654886
4854716706477349488
8374890240141587235
1256114507160565908
3599267407059616033
3801792836064730398
1035745109301088575
2880154939278156173
7553317763546784480
8659306294593392935
4987456906752483684
7602930027610297469
7455430374249323652
3254263294536103561
4634546691595886938
3769246653561752730
560305709831989146
4535538974256102980
5338421246623436280
8356203892631621412
4043585717625948543
4364865177318850729
6231208032855349593
3942689597775132600
554677395312579933
4323059422438379490
3380276698606974776
1266985562778426640
1676265680958360828
7824715999255567029
329900407905644358
1260733493883602608
4501039203445578293
4733505776076822650
179348152703448461
3176857717575242021
8917485837769551041
4931385906305784181
2039663579519838600
766600640435696637
507196285175540806
1662743009413775477
526292547619184671
4264603041835631988
7347953929146094615
5772019894168892797
1730447597665720524
3817510667939718479
6527457303429631589
6693143869898027999
6297478619599510252
1144443260168397491
6797040410269591415
7125041238410228846
1191391398784419621
3616213765927729738
6424748654092372993
3642730952729114507
5311715658766039918
7447451117873613517
4953484573258138822
9028191817011758451
4352163889445900213
1428496634070975243
8213705813303852371
3275394542223436248
739763925963423094
4802111590532959723
7354218195338936015
7707916412410083445
810973482557751570
9170182710622142045
5639564972859514965
306934671266519740
2907623074177669535
2915628761010822227
8379985236524844979
7803654275926942046
2661245641479591517
294627674951348855
244278293600425458
1303631191493751211
2402122256464394273
7758385000961799449
2199332063934685501
5172394828995147168
5255857807196106012
1228057335084478469
6150040808280488272
4345684296027529273
6568371459232250768
3721352815623636929
921780272291383867
1027314441536460111
99470140984055676
4416339094966807691
813009648973162082
3856587168538925112
8262072894543122036
3061466855422030029
1540811398612223879
8438993092496883680
5976316012068981380
8344939985707907180
1888928799812450044
831234010221093009
4685575062168466263
71497472389339688
5396370088919503271
6607518511880719381
5453371668460305136
8011643824883808918
1488864836777130460
8629115614301967352
2847322694999954405
8465333081161625848
2885599803248383723
4925810415899241809
1418038864003963623
8895667448240668780
904664160000835374
450284598256174329
3357590373761742172
3215752161593852404
77777679776213863
779446888909946711
3751256028313348781
3619963731049977861
864674996703398349
8952394562563384356
8531883029430440009
6380291561164773077
4331437501759926700
5419888221374817710
6311432473079422289
5293690314766928431
7827788770544196892
3344952174209723242
3064879055714146224
8522488484379388333
1393575484288831421
7982214990199650726
5509204637378346687
6733244332662444864
7548096651691386227
1774513743931653337
1400574432995372095
9128183564712220933
1458250469256904890
4678245857617760982
4951321554618926373
6509542390467795517
1334228688109482017
3972310371465879386
4995079800350625180
7344948366724040438
5533783348566090482
1964727911373071125
7355009095487352864
1655965360316062582
883173647038753707
8019539087276600956
9207235971463699439
7619227043863842637
8892115646220072190
7899856281480878477
6605509459635991097
4131761905676877478
8887722192995697087
9163834616729334007
7932360782063809660
187253008275287469
3824445349853455489
130009951534176736
3050917782131565520
7282588462993403725
5251311277875123297
3036847664322199294
2615276650727668989
7982273193411986218
7327069945761880163
5185561580949709200
812015264623075439
4413026388957793356
6156554103272987430
8769865189180988275
4136650652177036625
8439193401446874917
9114906980392492280
4231777337917087474
5825583296212531530
2934782555884580985
3343002758812141200
7954474744852605933
8193197250889692379
6768377277804127132
9121394675080810079
4516223056862011782
4024270947421106136
6336748481440023089
7567755748085672545
4147541647494272390
8576314787871643129
7928010260714841427
2665000738564404472
5379250290271580219
6246987970452584681
1799649955967929138
1669653968598348200
6392308106696752796
19536376777135604
4018305161441119429
204565836382142546
5984356139360902440
9143554989294050488
268418184262696901
9008061761373065154
3174556037490441739
4805317015293197181
8622185117594648411
4722013030009232339
9212683887508855247
1641521692778013561
8977013687293079990
271377588815597452
8537942961801231125
5543486095096466399
5770899673151786486
1169157508654277843
1359990047448681822
6534866042239516625
6774026654722367836
209267274486857445
200514393395091095
384289077409702792
3707577795957704231
7890745858780950192
3357648963708487405
3153393612992080368
6991714144765217528
7596314411204078569
4858597929077166188
4067095108366928661
9172465706127157132
4076551194159347433
1569175782849458965
6112049317493466077
233567606831309006
7714889354931575110
612987069457817959
4546153333890472641
2587538163976564527
6211761502930281024
4897879653891829251
8850771251324983052
1247177304643251755
1233746587928160594
1414921375681309352
3335315867667861172
3489191758876617958
7310239905091041687
5332914854288489123
4995561425028760720
1657789222495171650
2540728844550018060
1021759756193841186
470450345880874766
4394573537101058193
8334111601197453385
2835209017530070348
5799922520206881770
8529366670894317530
3362405075209191415
1218211170796985424
7211266680534059479
173982687906062720
6196210087774105244
2092901558623692242
8436705229624321764
4319261163430974736
7563145278096606087
5901744889062839557
6037394263437647473
2680239112358590859
6346491094184172754
5441002622913043738
5596934010054095934
1439928433369835324
8615444508350890695
8557022164249024468
8717130428154836618
5658173400880393237
2235288381458283651
3275107519581657785
5428933791412937554
7304340218288460042
5275822176609516994
504970176345508847
4344247959156472234
3349917600077850440
5691614289747527309
840067326802330744
5090680261746591376
3916763258408866577
35021278282450991
1715090800452852943
4718918914922742193
1396256853871064163
5904159878529883747
4128884990138342266
8670727426284100664
8768471341183011366
1688193506016419724
3416945652564609873
3894554477416365756
6835172208972270697
616240705659020859
4107138124396271293
6811031840652014569
2072820949989995424
1654502099072527185
8035905313704167546
2989007779574918456
307200670542457857
7012998833171044406
2138038399221492904
7254693158349538884
2483007359198051716
4608022688509396235
7665161559903362633
6135740806454436976
7095510477634584034
2779422440764529263
6622710901492093544
243701176795636684
3354423620495908416
2188014603950794185
685174835453887958
410055599001792678
3728348940147177071
2618880431544193431
5846328175318798595
3872343540428650347
2395703543457655926
5339136282839699149
5517167148552856099
5106748134011760613
5319484086151462968
226084518377220824
9081560513297226025
2405517380008842186
3229431343380470998
6742471104482424539
5676222689735781010
7466956272003969303
2276257134402543191
8258296962926946740
6032934366814400577
3865109209206887694
8735456149098815086
4627291666520420229
1767644574108674991
3695133794514300966
8753187977203314373
3871832046064025631
8045065247768383861
6355111567767572971
8373380124900848562
3212858353232394317
892138640895067369
3032548338245311170
8552728360760683587
6399786885643253170
8782494633018584720
6296749095311079960
5707470669482098397
1401345438470663500
8272261439048217872
4748192878318272548
6953853224478009684
1920799899352669470
4869585853082298485
8695201852483664934
4909578101023160601
8035051382644966897
4004239945444793016
6118415706545915961
4098478552265966292
4393621361828256294
6452222003779430960
43671111163395775
1368436693687388683
2693724059857127653
6550553560662033125
6937141476446842814
8929227880507954244
568154288930793725
5874982759180150048
487713620394139302
7783169493132764800
3956195737045675585
4548126979710177265
2884132710506063217
7543537638717084960
4370742123481156475
6868066834492956902
3221747676889325167
4735820839986609523
9143631732042670922
1540913324102845250
4453692289393069798
4152246898279880183
1785568614917702588
6808312539762253025
6403449420153725258
2544896044664741880
6702644676308006435
140470739542597164
6791498483482008149
5333087457305069037
7811541822746761298
7679538860916506451
8251727774874435192
7956512882150022420
4335701291828581414
4936879948296603730
8126237059219279486
277763136174392580
8422075636966073281
9106202200167966424
730126668942020368
230741156159590085
133641224214194916
847412304011024298
4326203745229289700
1597843574151783105
6901134326862594271
9039331418435308967
1183699997302229699
9164717743770305553
4076594744814444999
5237823673080986282
6106229282062522437
4224215278639282069
7205747021803813429
2376924359190812450
4023338615717687502
8628208488479102141
9018292935343055662
8721960704709507341
5035607005393704598
2449593632278056999
7274388555095104531
4240986519235614491
1361888649179894533
2331414374306944293
273085029030691453
6329744068488767922
1489387433082723723
9071530269363905543
2651216964923599300
3636189196223779141
4554654272834203510
5022020612590259621
6652048822269348306
2055284677485860184
7216460699282927994
337853042373795653
5661172778832529592
2879414372638935771
2461771339004246714
1141274778466237069
3233228830460503826
1091480384799222482
9109105409898288174
4889614319307305671
5565093137129140966
5889402928875047583
8356757194724606804
1712071950468251755
6049407672267061627
3013892184277888834
6565767719672491998
6904328040512205405
1172272214280857370
6949387454611695027
7496584981447459371
3608206221466038089
3395895135377691607
4466283233079781
2847846777762057057
6701757525074827928
621195578131960106
8854048900834241184
1223997379810798363
548322159134313069
555662721780985553
1180981052450666727
581961003936621897
5465568521983160997
769956101221385984
8187761206604873516
6455491876007945288
5277324267128525963
4735807281589193122
5251159260164783588
5605343853630528120
2935517250400906264
6611017968703260196
5738348757507468037
5504022561601281730
4472735580932829680
1286969044516339490
1142278328490375025
5561446916669120147
8688591282041562276
3676461266251176143
711877290563159110
864930479065759510
6891605195660658968
6320278460178243743
4521480819046082077
4145572165388532958
7657257965038815083
3584395843636772857
644612627132138459
265058437022436582
7220875470541824496
636440941405811708
8548110383938102126
6118745378361409877
303062063002070986
5200352526293451957
4513616282303268647
3251615339776818846
6966767273579005570
6883259517214185973
8921063933417644263
6289516430385538765
1023024888242252480
5934695094719607601
7455236446723048761
4886351875546458766
3026365266580765777
1824714822828536358
3131382757458110357
359976046060718217
2843544040096511883
1333574121121210328
2792234134059200924
4711746907601733700
5386501150916394265
6457920200820160450
3454070266754380569
1239795529990788510
1162814710616585069
305531662486792960
419747122993956334
6446489032101141682
3342156374452769447
4495281480642269693
332696483418656357
6444571012909087146
8558038746065129017
779654863316007916
6552329853944436486
7306410063140650468
6499977637435625751
2492708957488844813
7679070019675536531
1786790335013907017
1702371511997515162
1104888810378252153
3257405464405337765
7089146020714242948
5830980266391273593
1181533073202529671
6120928819027708312
8495912866548024457
8289053816726378533
6746022622910168063
8442031733721866790
3855000922242493106
6366270309338791309
3712625355532526815
7955441788258126068
2719744940292410094
1173288501577547958
8296481707088867075
5722835655615178886
2849226801437811246
5540353752790076984
8938580366231205063
8327413510504476737
4928144638680562221
5792792859871749988
4905871374073812651
3633824365509537955
7535925987078434003
3664174452066171939
1202567615154952712
2085512856942751241
4011292174780194807
2907847336193163626
6395641274094472656
6172146521314019513
3598685442352000008
8739715637076291570
8209140326973257904
1339532807237605612
1941289342614453866
4009323006061408711
7530141776211907469
3654625540845282006
8726483114596954768
2202289267120659019
1831637801196273053
1103221152737407025
3896725139308377760
3338806471406308457
8573747380687566529
4860631209973107762
3627435130004202947
2965823089840831332
7764970317636573978
2857520314251085011
4809054545512626614
2287169952775142038
6641122311721393920
5266132958927520525
752251927734757369
4419786604519467627
3835143534682418768
8007568365127395005
3034630136887101631
5371399475472661794
7354531939604105594
4201732453969669989
82426704797210661
1632778734358375456
3883513864122895404
3392206505935842778
4068996358470309390
2726662139160086403
4260742230211691960
8439450465163091770
325723236599505549
6803945380486620766
7370213678895873874
1927637986089848171
3313492444029074052
2872774770609591355
3502501081792126673
3651247497018389994
8687096521022016964
5999287119058520715
2379349934066412792
5109157965389701341
5148683205613190507
3692084079960731568
2000147753821419330
5585012760612675915
845063732852384890
6468419765255768768
5011167646416503190
8005439718623167571
4774632641680870834
2667254012850205828
8734047660664936887
4920318178376693938
7303479393251125291
8701419433697991673
1835191998501425240
4695959663009098679
126866533388361180
1014978868990223424
6028082014272392597
5181715606038908045
6814877508260323139
8861312649748840132
5042755511253129263
2827882769365564649
4456542085113667477
3610305489063138969
2732529137352046421
4446814256397294105
7102940214713601880
6647727713754150716
3848527236158493091
9104766932772400708
7898855740504396613
8990830547416693650
1282110249445440397
3844027593088091502
8907596196000984920
5178396546300147656
3078825141322775885
1680700714206056374
8658232763920240659
9048017331510663353
1305077577710852691
8521545777950128957
4299169258279998307
1543136317915182450
4087328324698515197
8395714118757316952
3908879159433054327
5867015143841513579
813464629793890977
3654078302076799843
8160899367288440339
3072628797114679743
772579717136622754
8762169806982911262
5309321145470325970
2279227334127249900
1608361753665225642
3435746653409342757
1165196147219845560
5512203452494817962
8033952065926293685
2642243593488234259
7963921749016357381
7921206808642088321
7375404048177298808
8692427419099068154
3913281930621507463
2266552809180729907
2781698972563118622
3630675402792433625
322124193227844518
1567165112858937586
627605121419076446
6402472993236948081
7256152927273757002
5419329269537601859
4751043138298868169
5960559814845012507
8435576238650633261
2324526164188078886
5757741263748613363
2749233215057176073
8173104687405864202
1066188072693667798
4486226952675960311
6298107886174650050
390596832323835007
1279308857332343787
3648457272652180589
1850925737652711845
3399275224682716639
6681481809561217223
3486585694399905092
7449982105262433722
2918703712135333959
8024018188929396888
2359201861275190579
6123593768899783743
4235557808224714736
8830813669556941388
7580516592931917475
8390974935728316787
7349414649957120219
8381630126328147539
8666485436447899053
7976204673619312970
1286642224295527958
2107171026849552070
8567861246410914025
539526656389909184
8800208096314509364
250704613301918279
4142052766609263666
7375465560857377081
3096151075426975186
6119842032148866567
5217786847003084162
3444796026798226974
5438412268440071057
206417166629207801
3065527201935083000
438563713980049908
3797565183646095954
1531961802621629219
7509583245255028974
3902245695244008479
9124551521902361243
3665144825576224502
4650780826136495668
4488476530874251582
5124903679520952466
7021484582338746940
6438098347986871435
1233557075500504560
3737302183638181186
4037107108926249430
2665663266101126749
186607102994528579
3579395183016719444
3608061195834577782
5951978178539654621
8829638192295504087
6093115624887453450
6016768016587444148
4819285119864082768
1251436859782285
1626992726888515928
1595999051007715583
1890936884218502152
6236202268231053294
7625702157277709882
8954517168949943237
6402275178513832699
2958311028317416474
31514365836202091
6556005844144806966
195301336422742765
1844251199605671962
7149687918899229786
564541882442860763
8827900179457414323
1253757073560485008
3060652318321897825
4496436632120023046
8561057188406836004
