9112245219101001796
6023925803245617496
5443717306489618044
4611406626712812026
6531348788535110713
6337285905671123848
1149010684638616622
6922960786626970830
4487312588898668574
5989113031656155076
593044883215087582
3358994966305630281
9109154896269574484
8787271455864592373
154540256411836867
7436686108036375693
5655571749920283025
7773005991176314094
130111887059952062
6956689253458817262
5697374248780020312
3611727850028009811
4604724713026057890
7171434285916817740
583438843570592100
3891761566361828290
8054101087394243540
373341962632634524
2953883474200296770
4618330308345498064
1474099645524175971
321450068305863916
3827648164698374526
6796373836344201720
2834889140762617137
2801726007855776279
3829683992203421477
7631227239372236132
886088397808124605
4152862417124815406
1319392609717610488
1702321661034909362
4596766872211613261
9140682424982619347
8059069263765787652
7660044423418314856
1914741577007530246
3792723838973456704
641257878831738799
1000667392542302808
4979804264370822631
2473488233182828509
3588895828321043435
4383133452993483677
8478085837728425963
7122957381486379767
6189039151531160885
1725952500900745556
3725185133922311612
249647108454944868
8121352460988422417
3353646612299242541
9034837871958507891
9183773879700208888
3095952883437696913
841233718971316054
8893436197071189204
6567479561010848068
2845249390553296783
6837773618033406620
6211311209610336792
2119242839217797170
1931386576762003062
8333422027160923513
4881924474689529984
5637918671427127980
5999501100901100125
6191110064464825601
3428277512933703934
3502128282170677592
3121141806319371829
3591314646847250452
6996288351218425131
7833156736497446367
5331623646403237965
2283642948577041167
5670366363431739993
230065725777351922
6632310080326103870
5325608011708311974
1863932808161825220
1250292297825836478
8835346992989737030
5176616450397498781
5104175514662752982
8434244805944330393
4536370837003051304
3199717101679624691
1800173193793161098
6068262945231514012
1692429250660731427
6699151504403397604
3245181095247960585
7754071774793822396
639054555411191062
7824414623625312638
5046349952651692681
6605665592963207813
1565093037960279608
8510770276885188801
5615470314056037070
2490586745745770212
203121159437951049
5779293568543278516
4075269722661499592
5763274832789532147
6101901901840757334
5541467146476052090
5817776663038359309
1586707470380153050
7905417232861058690
1409108107144707258
8778721047511305070
4230903506966622439
340927363976507292
2849238582453672816
7272493327024558015
6784299124671795207
8902714959519427788
7314957791899268969
6463220053475925845
6133433450505232877
8876123472474858980
469940327820095405
2747142376123374797
304277212768081059
3854380902475377521
5901251687231816257
859983362033998322
1503101362240143260
7837609703426851247
4230000657566866500
2593221868775603352
2102197446546344023
6512701555736114332
4276798740889135991
3706144100684789046
977835159743718489
6356326534963757815
2315252612799736508
4442582509915776517
2523672905116782106
6047539569875226147
8588086718325846459
3006806639944147677
2859427540538870100
4388522801355027354
3858224810491991364
1533553485596922108
7025626346769087886
5924482455396560906
9103419561106945544
495420017011419081
834315357819127290
690990807042598651
643145122488121402
6187451999844059229
1597906627577181530
5113433031652736487
1533153768819630616
6296556120715492748
4533652561763645338
7100121964907208742
7174998858388638649
3465817351483263626
1996538079217848482
1331991832234473808
6424497971914493057
8360395771975062275
1403880360533358840
2925834792405500108
4353891578901397985
7991073681196230243
6258063872491484908
2056363681844811541
8490319152904139133
7358818371795780518
747932782991287587
5305243352017892224
7290703694683092964
6558272070093023165
1355899378259711912
56099275432832795
9050964326444145874
5917523997547255198
8137816205887015271
2176547236753852084
4379208438254022080
7263775783295692712
1787060353031305017
4822077431634428765
8386058148856570907
6207965597409323288
2753747067564823439
2552857123850066452
404744214217157655
5038092058421451682
490039756335993387
922010527799221966
5164524120374310934
1575627036822417366
5418303275591731927
5418930513605913185
1654324627905502027
8916311070481612049
2827692872268482793
1548787498431886797
3591032830048980321
4085035077138928838
1682682865706493873
3876736488243922964
5521496645240338783
7022419261040145410
1154521953606991424
3449176430316816223
8656946695187257047
8372417551530557743
1974491352987069778
8247602465572881350
52201351073133756
8077076571827000062
9206567109017486186
5015244823229299408
6841094678208508986
2807267668233251513
7683874627411112246
4074002689507710292
64357648193608484
6755898682461464394
8977537021074878897
1180755168638947155
2305330081787123961
1797365786358315723
2974424138407901590
8191898483999396176
8027918413784742618
8821987773578755299
7902312734158719585
696883422429902501
1874100489145542714
8675457552058842547
629537915232226766
7547495043261864235
6202283080046201114
1914691167287821412
397953383768566886
6395118164036975329
2989061057605193224
595068126067314572
9061163218911553135
7804752648860484389
5995485250716932026
4922940097926429667
2222180816533064987
7611227362088938114
5011759276077954194
1036614323857406643
3487246171147912590
8063315220190087990
6799695232420982490
4445922374528881531
2066555946760432409
3717221200242658327
1078376443487891438
4924035381976063315
5164384324603182136
3310660205288347583
5802827532098683832
630939867630790783
4054486226813415676
6236447082700989602
4444705074220841204
4830831315877993287
4807011968128299596
765454439701010876
3559784423467759014
8496231110676638813
6260535921797829057
6940795669985014487
56529985321313479
3661359215164208310
2607704517150412419
8216492825518743656
8005813540757444448
351003162742324927
1290851590936058801
329712905706664969
4168753589236782764
3452007103670404652
3908694140634340298
9160309811402422410
1739905069290259244
6222384267567535229
142927612134736171
7125386874834517863
6135765720954360512
7238341198126254792
8655127775401252010
8352836369597011803
8000767576311926181
2490951606223299710
1703961781285905312
8153270202481134529
8918070335218906981
3700789232104143363
5138556893848975482
3126602200353826261
2786322775469688038
1832183117391506321
5415082630518648834
2305686334518033528
367997550266527488
4379160234461465513
5482677774725033083
6332417018761668306
2766658009915805004
4612950952107954023
487921278428221063
2730279751732635477
3326328701688796314
3236547057583019358
5627024621044170638
5931989754323336143
2167879891799730439
8232380969596132765
8391491940716296788
6726055689879946347
8733092606286677813
5073670682716570499
3982270835132015172
8670361706089348882
2442478632411168029
5864538995366616206
8701158054921131327
6411235796924574077
6940900309807331959
5564973863720201129
4418770762566073857
8941174328786415521
7848302514818682604
7575252730163585222
5475437440404808031
6450415254551943614
6346144584905279709
1763201752753253411
2810961428383674688
7584357699454963115
7120679964189565964
180621162632454206
8908247143884529052
7039648216439767048
1212693818130944169
7252209583527984521
462655020616045073
6632696412657118821
4964881748130048106
9142724372692257584
2814217803540974263
6582027287837931406
3731053943757520324
2822370428749752953
7030564855091890882
5145761579746368470
2518370738101381737
5357320609557765933
7237558456739438360
7745829487615236132
5118840300426378230
71881219413466674
2358991810822706941
4113768352762698620
7427530811998936093
2764621607101506761
696071147344000085
5149037610385460802
5888677910361328276
2759518693191267100
2116588755241600243
971993433544274724
2931791319071949931
2761550202678174689
1885727643428190680
7895229618803874063
5218197304149490120
7377805834094096381
2164479776306552739
6263993389139018668
2943279880211174248
2478780544843861311
5170493741121052958
8791562011819137634
692944846907946244
7574772288167287681
4486798496916178932
6774371905199468917
7117852342519093403
5917845135100638049
8699755594317447934
2117100314352392180
4159438026858968876
6000023525725640347
4581362472431628320
6062230240389564777
3859448062372457544
6888249463913452388
6255127688554990425
4587334436869107808
4798212081805323870
1213728389070083926
560114626237766726
5137822703826554934
8698236436493467013
4881340206199099193
2725754371910908207
2850107339550112612
7371008963143076302
5644159346291466630
6054550179045807026
4430422782198217807
4215073863265857203
1116255327030733030
1095639482382044008
2461169900264390504
7328889469707187424
3079916634405169252
2326161332269050896
5946111682446058848
5040241238063736013
675943725939414345
497162357183379441
185214348417987571
5627915463372171181
8999233808710748464
9162465743610493039
8279534219337016163
2395809551914369698
2590556881905863802
9206158745032367099
9027395987958666112
8514013596613646651
3037242060949857605
6590065204169105809
7404176227306376354
62947718852770880
5229739860410379408
7243797654939554624
1832648604035595572
6456652109893144560
4091011700381032300
1784007460064402644
3256037756389955914
2746863440167914781
506815971838391608
1305250811661347347
4653034923360072804
8686448780975931647
1022072491575817616
1414047736454839901
7112091216396063761
7337706276657810124
385675520036914282
1798691419044142630
3411947028988884916
5702536086984967045
8804983844328852513
2025440073288388458
5433546337426464651
3338626273155975755
7736548988364253832
5506621098758228049
3541215029196353125
1735771298503114262
5711231958265558959
4885056499158834154
7370976584280131223
3876043484564571214
4677165376375390392
2624236156619589921
4321557566310295855
895515820636734725
3931157011915166349
5734139158177537558
5497658834660142872
3682255229258180723
9047640668513964306
8566738693573189043
7683563585253024633
5655379094677060292
7391119471182703947
7321126929833494778
1780358075751795068
7853322019006620192
5762222709489985149
5908694870448063184
939290340544631283
3345058866734652655
4909940605255424403
7633980099291553998
2471166024689878636
1713781470593620071
4468710566713442760
6564176908068750512
4280025033185443340
1439623120103217331
8396556009274972607
2251730757809746378
6811427300667917050
177164535344703834
236688298715290099
839378737419985561
2648621323711795734
3545508043129887177
1466369020792763961
1940886689240859775
5949316262692457261
2415422901707677828
4071446208134737494
6233929496715730608
5078218300495859378
8543513185646370888
4349659167017354679
7717893794099954172
6193515153589901302
5344774051551903069
1983727352805004093
3533682323541753838
7009554126393120348
6191933314980218023
1775945626351119035
6438319848146105881
7456995750667049333
8243355684321912224
1921692216826159248
5766081152182916124
3172709431113005598
6492348175922569375
7617720496155395219
5654179748027744423
1235438298683316585
266126349833322913
2135340573964379539
8058866071447957233
1809678587071235430
5562487557889503337
8499850643214343780
5644841214810252869
2583662205520125386
7154856957362911606
6958950772606506027
721037422451238011
8523756911649589820
6499444557787278490
50666732443098365
3060141141483868391
675736896563309822
8097486538552043259
2570739095981666889
5206330179035105785
324563438815417852
7325174161438113712
2226085954062931010
8729891248719959556
3221987259449651912
4473131912265288593
5369426473653014295
3251800801236833337
2915946899046241520
5203613483816358449
1006911074114668401
6660100219849695406
5323201126740272744
3743504602804249887
5651363540339015239
3201099291484623636
419301894991003735
8587792753411284034
2779398935902371796
2669641597531791188
8591158889308569659
3481387967496303785
923155943576019556
6248698600102418932
3439127288058119391
5603157695456385783
6355719487961888512
483674937030985796
4020509309655094414
64511195761803256
7248762797198678208
5940592688963327773
4820871717527555953
2104313990871209933
7957848250694176755
553813270224414861
7899978224392115714
182606201221019799
3122548786819486111
8121254151842358753
5192045707107138476
2946400959514788583
4121127196144714031
2381647434396905404
1096184703948363212
596000353873189696
142067382183363051
1128479547410508972
5466899049722510595
7004280680139661659
1076523239258186432
5450756723134999805
3982670181575890422
9095714585198252388
6061616586000282489
4007452443229092439
4025071394726346317
6580527141611895676
4079461801509321163
7460576001533273723
6422689278411684499
2965710375626245197
5068742213251607896
764060006203046306
3576636673391581534
5870377266979234780
1586035780763578693
982721020873505483
5080985328961543137
8106796058181294792
5286331816435912022
3747000500535856302
387219603030400175
193544391745772735
6532779951613296603
6652054420953174430
5438420057609351206
6031849977554493075
6671233155226197143
6676713219275376421
8939880117774347722
3119224322972073585
5036150688554221769
8130950483179254326
795664197386245989
6028509929770228866
1996882614117616989
3405879485933245560
1696738539886302893
905469837901507625
8362166143544156785
6348414521512310535
6499722208235083920
226707234417924879
831376663703553890
8950589354209335574
3611680144328936236
2397042715871409867
5467844412604434988
6275786258227742990
5518126388605795280
6075459224242750751
2903681723056607328
5574733428281558224
6011727460092369012
8461626172035551030
7260424407918794312
1196649641865808656
2101200078094809744
3762311077955029901
13723144882114765
7849231711862641111
7809805584623595639
6999024789041922164
573984661431321048
2776152589771964664
1549100500041678113
267135716468492903
7361576344543135136
786019233378048409
623070298547465069
2360250751232757131
3407996781447994429
6545352035473321891
2843757574814807893
1584817030403519119
8928302162270818935
2290278249670427255
8051362383619220181
4714040147711937832
8621301260968912780
5256134302426427852
2007794592588529999
311226260006194981
3425946632355411788
5652626164033784334
4295356584061668699
4261343094057551602
4173780378083925628
4772345885065900679
9025312836672448500
9191292777694019433
3570940976002782601
1314998281350605407
8321576980808692079
5231564301069680252
3010209019480603186
1340954809816252264
8449863983640906032
4671632496538277425
4886396297660139910
2793678041343814851
5762080276720869807
3879293673765389896
5053916392548402990
9139143962790614939
2908160313790382091
3998580853489959855
1649655189232923930
3911785056416662290
8652905762084261882
1387997614692124834
1464183580004991191
4431939064357539592
4633246042518075460
1305159046559738121
307790527984934180
186158894503043588
8620208603560616316
1892882939981222841
5596510194626388716
674823927195900788
1883988064274935306
635861555664662750
7641983489425891183
4240056422512291803
7699943106275958887
4271930391022883238
7205637449225110305
7419221510900927952
6255440730855254958
8026768206202068003
5440823719702319778
5025878507245592356
560047802792588232
7247359129881142171
2713606458246832751
2844186456374540966
7200309111958570662
2590187057341131932
6399716389681353320
1501332909395840731
1988950838090660572
7328364206254443532
3754943361175604825
8319679813270193703
368991931814753114
7031212320257064980
1484509539172492801
5748751087055749404
8446786217825358779
8178983602264443714
6489694452496187582
8082110278225302598
7964272052321616180
7967810075595854297
227856609729025914
1652283704287945828
7441848639267693800
7235846461260124031
7878711428498297993
2786690533307857337
5585606920825416839
5936983376173142262
3710319549811468553
5800702398947916568
3765302843128467761
3417048768305729807
2843503480636576171
2099018764825696907
6605622336711144363
5579128945009371485
6435228407836188742
2293051980560101640
106325853469348886
784067658652800444
4293440826121174764
6771612372810656185
8218347069176931
3284216295930704618
3771322279967389740
4127545483567570289
6061521786305100674
1772370261188338768
7457957354678610351
6526206403771206763
2873730195499200444
4233918900030818206
7131834404583208086
6805804784439432858
2696368435543548937
3994147686947667828
8945680382545041462
4328802750201185487
6843064062363263536
3271715772233725207
8733395440657905611
2843702744625381214
1707233235702451250
4748336467935422964
2687279414659525494
3813278972906532596
7308504375933246450
928377332310152826
3093819222101805706
3684128072396266336
2426526864642161746
5894713664210164268
7245170423595997210
3153215094603490936
1942965823195815844
382709429705494988
8309378910969903030
1184755166068546442
154612080783719250
7672802426325371755
8473935910774348268
8298269198015979715
3112342492557002147
8752813468390309884
8080681610714753637
7585983919210966297
2824052820388838963
3131831107048669365
5785676751994450150
6300088643570641302
8794248896913568040
754513905056340498
4227296896485391682
6550181642291961450
5557130883023957298
4713312685404557243
8178037622224260039
9198809558114064577
5464646596779662216
4921816863464252235
2422445300108193664
6348246962768917740
5075199780630166350
9094759447049846282
9217330668643510800
1103521942309460223
8871924677577992302
1282478019741615263
3879341351264870671
7318274107612994885
14387620852836348
4034195414125433963
5440948877513163110
4937100099967597093
6479160187747917822
8943449407581524081
2286692012294868243
5636618122432840514
1728979928186506159
5857486041384962596
5591560162019122523
6797791434029488937
7353508502645397351
3122528562066221437
2249162147981452208
6839769987062144438
9199630595330250191
892709052228425983
8110785284117970719
7431787401433061614
8184474966495589236
1727124571579153995
4650486580686605372
6378514464884352653
5573184621631350176
1074358328745728074
2587920611413185447
1841977678959197308
9010541146602758819
3255529255397753427
6132878470141305637
3779040219130521168
4063982428550405918
7686430609890554627
9188231658762308095
3072582590173289011
6243017505435942363
6773692441154009426
4256561966562303998
5398455118958272865
4932813595439829070
7028643777061986186
555699370758799270
1522973555311225295
2722626090163764727
2079997559674302558
8249723670316030963
3188346654415654077
659394184635441006
7625560801156654967
8848672167147024745
5662244284355532598
5429449960410324803
7929371663832650916
7735811758840398387
5601131320852555864
6371411517639507594
3417297313023715277
8257781216821049067
8162752888908048030
1693901221794166556
2627847314777752310
2220220523434101892
4302568948635650517
3773877036199773048
6075898774347768406
6388147612626540708
5471211125451049283
9115072531428115539
1889301123488262135
714628512846145942
3561656415436189367
3053546019043356080
6848227201911955594
8024067336915580505
2176462130072995323
8443666150027473429
4527135321347152237
5243579128104271731
406365376081777867
5084453997713460229
1862026105954163703
3220524970312790394
6707414077153367386
3639128274276976685
7965739073461425950
3240097096021385420
6424958941806688842
5566759984815197262
4151407411489020960
2194423514753220213
291786953362960761
1401083067735871460
9124353230205263335
5742573156873300934
4588619562240302942
7132163818283328118
2386272051300718480
5171212179616431819
1768982444048181736
4442659962808112047
3024378737447262099
1269692137433272363
6744578341855810175
3502972067801371424
6080199930292428894
5176695168327982905
6030625636771255793
997644013701700150
1927146928426011775
3125444063547169244
784601883338567386
160308070936528850
7117727012811421652
2068535912294666676
96169920975518290
7290716623167282416
5159261409375438625
7205479197578681985
2093398426763242925
6433838581776983637
8393458200222158753
7590556111892387193
7123977372243301806
8768485621815188357
1991113553887636985
5367703643882277510
812061871190824904
8682355951705143127
8521598969912136907
5995882429006990139
6025909826092677714
2847563245007789062
5669710516468556780
5884308496918150535
321512771182022185
