6150263192554229764
1342261511425499915
1350407866032717750
7667814285276337624
6625359832262250853
2363088024609089576
5429975276750619421
2451979682333430547
735105829656661170
3961619902575619106
1744884560208805058
3851082221415497066
2252728419465930751
8891033428398452958
2126851154220164002
3921982084818498239
2227928980703622848
5029272981865080427
6527736483758943342
13827875530987989
8159639257297367887
6257065483305520984
474560281215102513
7733806130771826583
6428548465809204665
1006411134432494391
2485653630337654395
6348239531998330023
7282784191642977036
307149918617968394
493804000163598621
2809869291804286522
1826154511243238577
708210385126602611
6975833840373131272
8499794345128657885
3436268006227269852
2618015365060233264
756593565129144362
354375989989493104
3846681924187323196
2259233246052129931
6940056576401054208
3307164704571321952
70278254848448919
3194160145814909959
4786074085430383579
3814632532067257575
8265190258239294436
4057148975379766488
1034259252160732631
4347660041099896951
601592696196082131
431749310876260729
4571855956930877012
136404846992676397
584971139973029313
7810288308412960034
4786666835520387016
1130036499952991226
6036162832694150790
5046832669463285929
8266185133423821980
1385113042778138002
2210445529502966103
6641323786574147744
4089355520058299607
4786019597859618128
7600988183947401313
7665281549120133950
5075024585328776497
1752214290178763140
1396880261473604341
4227620797533678402
1899404379450953247
4647890031166817085
3498638799297923701
2402187976182412866
9184609329603867379
1076557178540025335
7581189048255746082
5125031288798426000
8117524928761369974
7657459478406271978
7571714864039523028
7381186660860909740
1289845486698761355
3174497901339772751
2490175850794473977
5262705792596755715
4335099529567563762
764820954252329196
2573217279676725180
3259381342200500612
3763338521542269545
1206702831667561550
5964486847124911231
8308581097924606953
6049704335815446840
5555801239189758888
797365475029411241
6074612879196689737
310984576934253392
2642685795659488765
2805502672250971812
3818223143406614579
6168192185722334074
7119629045243199523
1326530863552243091
7574920412523175962
3172471121593280079
6866528531756305602
3845893128554636024
1951501811521918146
5444082379849052215
464677509760469308
5079401676250528215
1136943241423447822
4368787781549708563
7719891719715828114
4012827984654044906
6557707476752297445
1622856579317217664
7995782536718676436
238675379815880462
7270205607399432068
8283443404622095324
8596016099409354017
6437406384980430836
4869617117063787218
8909999879515414903
4436241627682813648
7178227503983142717
3627528630011697722
1207878552158714470
7229215513980152302
2516849947179721709
3069976331180770215
7772670080398886901
1954840505401372276
9080927478720113081
4447728293861855076
2733477503044975793
6851479967445890030
7082719973699469468
1080619184610360803
6627202751222499770
4167350363036753816
3063296692684975218
4324226819401510526
8349131806540883240
7379556687578653768
7321906162944612560
1013539161187604845
7807381837426501018
5448169882837688887
7214801263184347478
2279513043383088281
6419557256181814157
5897227505830573324
3759244778435149794
8505805641231979
7528846020215163130
3495705601797850916
4126929250361922603
6149861036401886638
1719743578125099162
3557328774268448274
56328519954744710
9110256849876736698
2931986475503754479
2251261897722882546
1494861468386791317
1673750221614784668
4823260608320997653
6847902190104112107
2706086417416030525
4225186666311467443
4358731495095986622
6212140818185817861
6117462775507677100
1153030514908751564
3338892572811960872
1383088930001962528
9048084563655507407
7131134968175932665
1588187985567827437
3179278808324217669
882604985250456421
3127137811541213029
7657689753828265638
3885407475139134297
7791520652139380614
4979046614135932810
590016033181445331
8199468146978074486
8738483428842392338
8728821974364598780
7139594168217868883
2955351223898464517
8631106328452682503
4593032264288731420
5937140425702500705
2905474490699796440
2341707053282955696
3977000196015906226
39544375012091897
6245044942997271757
344383438722507336
8863388599681669207
2407525071148711238
3738543240631239804
5799649779704943257
6324906602556462166
4228644240964132633
9217479485438598898
3535697645347184628
8339745621500075395
1325033436168219778
3799969769206983117
3282730245780260935
251212038631261612
4471448434932332380
8647857057863393124
2793223614826101424
1104124722965498167
5910803568062577492
4322227639940137025
70844175776519776
1950248665808086914
6607937168379312937
958951573160266325
2847434590072445751
2301248490478528422
2454758934429149548
1493806174641732997
2054527502443475811
5352259778114461665
6800764879610280777
1659991471136192491
7514401849471550429
3165868305932822379
9098800059462332054
3643466290101116538
4795829313542335469
7586370666130210323
450410510797094896
5019916427667114366
2903005367350547436
2747625329871668331
6010344069911711205
6862618909087774291
642390653680420923
6305256667104222992
3771225120498064575
9010023761862658340
6334272564477975199
7179126616183252737
5523995430893030008
4331228458878080901
932467375386054230
4873157347932836697
6059718734634574750
5286028395442829356
1094566985135944758
5911171203245241921
1233184526696136767
6692248622602267493
1463048684491956580
565623127906166702
8317578982867530191
4853807186808641910
7686616723091075704
1257656912656368442
406098448886659310
6014237764076308146
9063094963182944274
6053537022157287331
6620987836713901117
876927554632537766
2947571049500358342
2522034375319318456
7383301030287283068
3500734655225852730
5875501406680186817
893152550020049650
898842656990102710
4104677597583838502
1178723754498868924
3388963985887886142
2784913968926579868
1740071585279241770
6760763174313771106
4473215995216412693
6835472566284561154
5009087047201201728
7270479435735641532
1682519137733010877
4781307276063311642
3922469271416033874
93210094400955442
1370737180551696789
7420805962473968057
4416424281909816363
1892228408159028572
7606968583785205749
1738137206631827135
1437636262921590459
598534930913291001
5664899997152346120
3292500575798636684
1338195104581438374
5363353640744695137
8511143921793421176
34389496143859836
619660274544975270
7140570933195638396
1893357857775863092
6239304751785336989
6223482230803020971
6221399511703172180
5016668254863319699
797892391345610479
201017307834788721
1391352238114353066
644534351447960788
6019401788594237198
5469556619548570065
5594398717032490882
6989674896420780371
5286018822786152577
8246426484184918817
6544046492764579033
3977149895384634928
4926490154487908790
6837586175406461702
7026458376982914523
6993497939319380134
8099530257010811624
6310524684318299672
1011068920870682920
4477299918627658484
5857943109439580192
7008061512437771031
5969824227710792654
3737353264766855154
2603026367560899014
4182385726433005955
7974587386944377198
3719104144095631459
1369596311067910487
4655157025876665848
3529537667696986880
49742486174469944
1978738831957711218
1101960216573241189
2540115996421916623
6601276044280112433
7035784000686534791
7675850593020030483
3400350315115700356
997459691987570393
4025119872813368341
6770563743535987582
7664955185197469566
3550684653853492921
8255947453183117355
310363465991770264
8686715308389231417
4510671072434236823
8922534704299371814
3292945675140208632
4972259232468026745
6215240043017110551
2646120644450133923
3123469199684551012
5491533491404971885
1395854289213955517
4393743570495234376
7695699643185021352
6407196796947828186
6412721703702368791
3140894653803160095
2422411794394418355
1689121417751959547
117809720992254539
5532421703251668788
2125892564050420266
9165451130047630019
4082627826399018301
5735073783650551459
4998422561110535825
8923586458912620747
8593535356044091304
7278909354170178480
6615526124298887763
7790155756950050173
6539949132981040645
8029410569551499861
4021925644737587343
2437360523474407833
2723981791190079928
3076673787440689041
7814228066732309634
696994453003806912
7790478734583331760
2896605020297391484
8123641399555945977
8204935541932415798
2212525660474429538
5484764248833249498
4244543730166720396
5940858599022354491
5417310777848627141
7279705220897038047
5819922584836150395
1014049396340630891
6071019099485141183
407493203381546345
3236066965010541203
6641900105792745668
178063380160866862
2508182454760457855
5337504848475073213
2769837491706413191
5011251159161949005
8286896434365642768
313382956363088130
8317987923882812548
1286662737913518137
5039288029229581209
6749206330595090443
5634747236512857825
7191874531763319909
6484170871000982803
7904988004208420931
4013939110587385954
6860268814752734711
6420095321430636669
5370511708540061744
3317286400527038790
4149507209442559042
2370703779188138296
6275731150850024087
9019204287243142108
3807027054749743429
3957497993993446614
6271835636033194373
5434108104808411897
5317721388059565152
5981145800197729252
2111290972114604497
5959396574588753425
3390591830002672498
5515807521951889438
5447225106759462773
2696884800580274752
7920810914820552798
1957479661244569578
1869931838448381153
6242929291071264732
827306979960464593
6227913215973342670
1098796972406590331
5445603461341358198
6908973131937393313
7688622738754167752
6606715350930911530
8416297994978427685
4434211958544569628
3153367615684728580
7584132902873908759
3096368384250198474
8320684612255743329
8785717085133642339
3996850049651572977
6617030173326863736
1819085839594470465
528674092844708160
6627092693046749505
6604682348190976012
2937480280436058635
7511573083014794758
6680910232577365782
5683086480559149535
329965453747958337
6761327106808956239
6277363295519446944
4220273199249672010
3857435120433802335
6376834585416602362
2787299889558414612
5785796822880106204
2350853698265914560
2805346865894860130
2457910803192968337
3249165560225264694
1276685453559564157
160965969226559858
4443789570998953118
7993693759056877301
3753705170330719113
2134194084799266260
4168623259777600544
1610686675740096738
4152294898855309643
1992813192803115913
2380157974303134640
7940023623701774714
2536266361282399701
8762187021127728674
2481866752754417440
1194805135210817681
4966735681774353249
6049679101419714694
8985580851705956706
4057825868004268548
6265069560087828512
399401403016854572
372154070119911521
792032861503085703
2993379606480535666
8553086220973701843
5341641629792277543
3292961566860625912
8954063890953490929
1832830939730098640
5803544544874172255
8036813955380227089
7437441708666562583
1114564730955881121
1727372366072156324
908754990321016740
849404811582234487
8999730670001503729
1156395193710966913
3927455815319538211
155526030582664913
1775543311354415621
3969552707136868964
1338003468568465312
5306236436845059145
7117186663995420415
3779373425416185623
1556633195235244722
5694102803211969441
6769626349949627420
7367810014015715603
4962665446753909533
8106859939555662977
4666512061183071609
5060098978843729559
2415280386192696093
2789094078006513852
1190562170764727340
6241324969777964
1527540237221231866
7262563302362184689
3373313844771129141
7026469763652282912
2672186274159628990
2236812954734107097
7093543516521197235
4762786210746423655
8484343778613991390
1676416203240878069
3728178413472703327
3405219294822937435
509863637425414919
6251547500051690659
2528906813335285467
4968891969808608500
1209227582561332009
2779846238104648106
3610487822705790715
7704316410294135077
6896350629114804553
1765989891143686485
7444752738164204743
7904191547922366855
2231070151156208243
7191893431355006369
269147380545285020
699141890513316959
5256038793884677612
7132633483857641310
5540740712480545836
8494035312575985280
3798551624589141267
8511518232171848921
7168676840338318262
6416973457048148729
52194150209418577
603457491929704921
6997112336013831558
3048982673530068498
457091879245699625
8405762294745104574
4423600710777125377
9134273813083800679
503031181984121484
5942695022754582257
1795918818478606070
9147930166886818238
8672946523085593571
5410438287290032919
4348865915713885546
1853381310187362746
8179847686831961617
8376866243015632273
5437940187740941950
5501518052418286669
8673612708927389248
6441044197621302341
6929279600961089031
6593048939096241362
1746309378158614329
7714708787919597712
7588435486182352220
4855754787026829765
3850047117976683105
878066504309765392
7641086228914129698
3597525291771533335
461057970886970467
833902114601154414
63570361705457933
915006052400303297
7359025699878762173
3014676277637019136
5111710138197163208
4240960429640963648
8682261727452524874
5886003945453354751
7345699223985900416
2084532027601569569
7077713662153955976
8158759185361068187
6360553945657779443
858729927571580124
1018573851118372875
6439177111907586881
3787093380708118900
3135430673671865858
5910961040200441896
5728852797597171107
6569616033006603655
6492802568637457119
5382702445736680943
3208218030951250285
4703018993785277469
4464021825343683295
1666487752145155503
1969898845523435957
1003982198914850558
2182712875187678723
6479560769774184843
2723380669912692178
4465469762092151490
6134014399447750919
2557641874926680995
4513935050123731223
4219032673391694698
6320044923623580772
3585338832668720051
4486881257578231955
500199819142306722
4091700150009553462
2438986756907397884
6832968853519096345
7925062175759178647
1016484062199690156
1439877394456959279
6526716043532707440
7510001389049698056
1454289934533314546
6256137578997667776
5772019038332583409
319320987907319092
4293485281770995825
3127890160234848571
880967884528593237
6860415691641246623
8983403048131173199
6646731706349133262
5902095891771446062
6493867956388652476
5637522232298008321
1721581836779800587
9131574325102000865
4505106541036637353
7979208067421069373
1393881589016675135
7931745592491507023
3352561281500639613
4998358305554931832
1376838604217053120
7104937021273976953
5776072113414278201
1636741677187592140
3572764298563588742
2857954408570306285
2493365569581079687
1780402839499716632
5834415391664921588
2461079535473528857
3524303734098302989
7281536346030394044
4756228846550334860
4324923687521639346
279582573557447668
2225956826832673
9188734851946676323
262106549394597056
2045764217830982757
3697234642740381387
4627279526518424241
2968303371981646379
1450183549651273223
7803391122548082638
8223337447555112519
1654818447802688304
5782398897820034460
1837175439593481659
3248234213538052319
1104812319283686180
1887111512863724804
305263469751158536
2781560546656984410
4319741379897492416
6693221414684453426
2196155041060450040
9140137445847813221
5303000658838584248
199951042515042802
3441947564098997698
5968414089470377549
5132231304001997293
2121842722765431153
5643478205882534661
1010871944087833444
400804510282366347
2440055435669946122
5670217562864450289
1430737197199903166
1645666427794309567
1052153080802339797
8643272526998979612
8444578343513428053
127135639517063721
8670565807040360495
7611394066544177628
7707711877657110308
4008513062558699974
7104830643472812451
1351497738844994168
1781765015124100500
4808846250245256967
7709522141326612105
4859861232898792991
7290902456707051789
2804282999821397220
82232966416715414
4368263811746174032
5066812932941502893
2981982042207144553
8248081204096487884
6564591644330009924
2466416608834200316
1554639543585652016
4772391055357415073
4287895219588482461
1370278570546063948
490065300327200655
7311033944599167387
2190522604754010970
4055508072799561434
4542673151243851217
6403556796578192189
3487674661189907230
4053908195917919308
3539912195167996559
160796514531736000
2244901401688983391
6707053419065884883
5553536630306804303
1955504463105395302
2943769840072615986
915239329759932462
7396718440816229420
7648158490089791040
224113929817586171
7503289038295844186
2380220847070913140
6172658414804753335
212319169369382456
8468779441333490572
1727279283834115742
3616099329237849418
400979555014703446
1559219122155329257
8626829988561672420
6413537818789861261
629676122943497651
1232822303581979296
8048349158538885623
3804756035480699004
8407464961599410424
5749427457999698333
641224204167263108
3061000521282461353
4117250364637371317
7946552903152775190
1377547843580557209
2327909342987555094
7461570102717927751
3419389988243079022
3964158266383955960
209274006988433437
3345904092799794869
4469344579717401961
9191309687718042166
8100967388139486067
8202209706530256237
4176472563489029146
3740313822360915871
6589063847213496969
4473292416544988275
257453363601039576
5998988672153564246
6687048323370802005
6166537459597230565
8130594486617781079
8582989842222206482
6559040594674244122
7164387692297717011
6713034876554510569
5868908910138528519
2635367776401144394
6575613003545149078
5706467785301465857
2964622571854564467
7745353674693423656
4583434315778761278
1097779711068294357
8009992462171612786
4439837709240840597
1901517635322565336
1646812679372181648
6771778651722360799
5409456181244803023
3017210014851764404
6267190177197801370
2681480661953303139
2988437822167344927
3172152747895832456
3446767220384985290
2043010826941613009
4771880356090639793
6183131366160966759
5575919942825432464
7569776745087205842
8298169957179731453
4279577367961517653
4372728036376625658
5576189581102448585
4934685950807785822
7929579711399885788
7922140021462905195
6516810613880274375
4468418653333158122
5518167695913070135
5822072979474266792
1736215708680258251
3411571608502073942
3258967502970562650
490181257938209132
7767153469098347954
1040873437243899021
2812110601950185442
3111038222843731188
8585946135718620927
5167731970237164611
5277663114069110416
2331683037720798192
6071228508786514557
7317971752253840107
653478613606671565
9115083314415559818
9129610408445897397
1992071406290674634
4240564856007763229
5748907337046879415
4748889774966785815
4982744101893603894
8819809983412998622
6986489277659419477
3245971939813550335
2573973699880396184
6824333536019229039
5388222047616715990
4971126229308547519
8023763324838220864
3158817537078028932
5923479567373974525
4240196966661060708
585101180014612817
7438909318386855858
3455269208153266358
5275147587773148225
3351811430416108742
8252782353816808015
8465698511356785873
2756711057750200010
7876813374829177340
4385628311621409901
8800330670824211978
9203461615999078580
7067047902178609481
2709597636896522984
5780574453576102487
5417091941880540779
3827878305496225555
2620217890126140057
6357379683119546387
7905792503930492492
8193381076326456928
7225381710618022738
7199381130050998422
7277453161119795322
2924397977747480899
5856822000206504556
6778548750895711707
8577043663520918193
760119632817525480
590059353569409772
4086347783189585335
8871357655454872628
3509935704908374964
7044246311906885755
8068850045394188390
7365476911395306674
4447182992070782239
5728148515887317362
8009982001519070290
316035614612995095
3613868690996231304
8521070309920380976
5931589853160973030
2890708651582472160
3556708513915578632
6289145215618111746
8030838546537850979
5730916527795747585
5063353610961599192
5611631041730848013
3479135155372028850
8016328017417043749
1333880880793336102
800033587230863548
5687264718472478265
3700320668737511805
1010162504820466246
7045222537458553976
5357112074846405998
8429665589703209926
6384224148656761698
6752911596616339969
5995817997542502225
5401958477030421461
4652128727955188727
4217655261756971959
5187426331041085061
2605339714891930289
3168317874562076549
1956708841115535296
6291073911933953455
5533578059109517594
5754025210613737489
8496562966566329734
4273404352192728787
7402349491000468783
7448392887206190358
5771116064962419553
1398080246040788190
4359106385587134891
7957806192579618408
8452961014778810943
886584309587974370
7768174180321584336
5390715166376064734
3139304967403232770
7921200843540337177
4532387113952005499
3780711011853108570
5724477991012888671
5919803265992499960
8983307997188603778
6103234880394222005
1587325934921569743
