4494459596964436171
3563611904572869265
5188457434933371811
7118625385009901817
7134403889056843998
7341170712573651667
6831450301770632153
5670758561545636538
4890484423652539510
6191794400608564923
3849991713873256752
1427370381347778108
2538489520594085170
2238922949587258222
3690691586062693125
7544307400677715859
4537910115923419651
2207689665778612186
2701633913792138953
8540241320813037611
1409546217623450736
5870951959099057291
1378363550348911543
6133200961052877101
221314715589322622
4679024676450888517
8460395271996491771
4162120533283516580
4781717766782602433
1539658336788444631
2133116454857603727
510845921501171062
7954782200152145193
6974349931442662970
797843166861112653
1172333212706190132
5359943317094228860
7299600761206379856
1038319024779555862
646945838283172278
6256003532652786210
7310451421539351568
6949506722795107177
5922905321176732959
8058885284219044286
4822188296933606122
4498120191717871865
7040345425821531704
8284643318778835543
5474242117713515661
8262981071004459770
8574989843368119437
5454578877124710575
5985861985763433352
7930177329780178290
4532604810091523573
5876767327946046771
4747997566104636903
1633390805274957028
4119250951598229281
8398820061535911082
1173263371566969032
1176940971544848147
3356752856650859102
8205809904388898704
2809673800043543090
4494847848437529967
3694075332255193605
2472093743796707249
3402102317363652679
7175234360931913955
5819046882334668304
7389328726881033068
5292370386419948929
3901313630221379149
2262807074319419648
5178931759673784926
2483805996264602245
716884187013337119
7380502552095224781
4037575447173302247
1601442405461133148
2615640472354674168
7532188245417956811
4534832868986338030
7053008582161072178
3998007028093536344
8263994453629302715
6660919736570041105
7328438509142166843
3665275963198827991
6573411602972784395
3644908517228517904
526811434575496991
5975958818984478240
5551547439759266022
7475617184468050223
6075148716244113376
8950431207237136503
6882837785739212190
7070057264158527649
4358615482188002287
8180028730857636947
3402716271726431288
8840364225721908166
3461249095837961963
9142491631690757304
8899875413597793265
3128267980794370962
4469581446007789696
8964288631880366186
4957122919726994531
4536909158722542205
1967268246781344387
1573901444417344462
1546179167463762207
5352566767046582799
7822500705912563197
7329207453352486902
56596121338265996
1996801273045185562
1856971845632550690
384152629388351332
3719124501134090306
5834037130308043132
689342921447723720
4022325663080856500
5029214104597508115
9100778377054790120
6100426612641113330
4290746722965905391
8164300332895809194
2859454934008493948
4941344308714328006
7366564873888632693
4344134499637617343
8892926700552930444
6072564771696657321
7286093087825273780
1721645962015490855
3198924048118779613
6991347727514675777
9157978877943148475
5633118888972828342
8940456462437898659
436487773093581786
1240408858210380283
5409227798821078173
5154817369614085876
960156388331943764
4168758015264084473
7429020302161196656
3160871745368087863
3513001382175573140
4648555263088373970
8313675147057749885
857588403821906781
4040062909889042535
8509140768524614109
5822707255478057165
1274359223391934595
5933534607906348425
7410321372174377756
5565946763915310812
6549421174329152063
998057932985975829
8302389993835662716
1770722529450591093
6764635553479771011
736638530344064942
8567627043396668570
4284139509599193401
2809961229778587042
3878466437211629855
2835407104000950128
7029382883059547471
6806720763781420761
6751391818723893757
1109389024035404022
6821989793555295119
4272235283006838390
2414025328246141675
3500040111974138582
1756001195745610890
5961160090929104258
1067288991514570688
7288047974827334354
6547680679537666428
1232546635726593257
4775077682491373057
6608183861818055465
2433991552858008350
9102984855747159931
1319892601600717197
8367592341402903740
6778772808565650867
6829692337609190989
5023110269644396552
5911081443047214418
3350057410269449320
8010884132378390225
6764146691909539045
1522211498128989264
4587019579158112101
7499919080620644076
6706488719339629745
3883970631869632845
3081018458406965354
506038911618329326
3806611876278161584
2185483315973858219
4884734384363371109
373673488099182509
1235431027429275976
5860178827746075228
8951299397147504825
9195130720805401516
5813839397458605956
3082078474637750842
5307404963841066148
215920682588269455
9129438768954471954
3082928290075344820
5979857143624234166
434045886386850814
8877480851267567756
5799959133267924967
4018521453601292250
4821560127900663783
7722196576736652643
2214758971060320246
1233449370318376803
2807556874544851800
2713829290219033408
3488810217167533196
5608454949106850619
6974784907662138670
3793880509323623926
3931696102861408247
2971831475655350113
6162814388875032079
2318080322185090715
7071727856092147176
3450518503364305280
5401390039603195507
4182946204116782545
2053528559498743016
2082070885637553780
2887119884980210420
1165376010901965647
1171959246141327999
7501058392553798502
5094580585549425585
1302507863376546850
8436096593224457266
4765533339755554233
284398438193570083
3953268651568712925
186134548299000981
550745995924744033
1011873100897245233
4045437500703487718
666133153778439980
6076026529548226513
2880991052245775567
7900594327592670536
6885538751025191884
7308346001485024416
247130951067216284
7254268718228289363
6765068779549861754
7600148083782337409
8617162146163655046
6624256813588432761
5228826095499781481
2645489947868870141
6435090690073626527
8548988539636170023
8368433506840344618
4681403517609859272
1850876318412158688
4976292398165302746
7539698346000462903
4977694188996723636
3354153958414124751
9010518948204181370
6714318040849564023
2891607301641572657
4901603123424027511
5423974037080893298
327297143299593071
2496754312563982510
8353239329116124950
8316173651540627653
6902390116879399000
5277465492989046391
5310083752268137803
17864574848422418
7141050979430994105
4309671168156113388
7854948759198108224
8477445688781594752
6009049463960098962
6328986569298213345
8218179355346613847
4123912666912859950
8362758451223820329
6282171008624323352
5197060691570714097
8718629014807348963
506737626402992129
4092108318676075891
6283372774703922313
7721720430453262640
6518223756476742146
2925594875182203025
6930278951888272031
1311246443935508449
3837191938277370841
4148086403008021438
1162344379632155431
3897908018300534909
1887273198526356313
3571438594824322278
7024419393413854515
1786858700158467667
8823249960937553105
7911486770887122831
1659701470583062255
6191169044808967197
8790464364849346777
3571111948540231587
2019114083715930546
3323713465882293591
9134708015893353100
3894980732835891739
2909965221020107815
7265844263482851453
8287220189974944918
6793212224257727980
2821741640772814427
5523173077824372104
4045094129469916399
2618064194284848419
7984292797257984520
4241674102192751503
4693879230234635935
2111232598110923985
3651983545860659982
3474296066529616328
5459059628755191398
6666303635395470920
1873550343494372062
1073432657908407596
5398979527943769856
8103862443834532712
4476392115051684414
8834538700787125350
7800857225059526982
7599791720018070089
4968471663153316190
4117688803543966510
2305376949538221731
8492477275888383865
7687496005683404147
859815605141967607
7268680932067466001
3761741609799186601
5551017759080049692
1855034913314569307
6809650067301396716
2171321593497722240
7209161211072285406
4156277887867942905
4281357064348779230
8512955783448964637
916410973909568996
8211496539312648718
4814592563585160421
5935604280245489473
6332213746165752566
6499427800004074041
4531618862182978104
7809289128381587392
2346431399513775089
7615409717249805252
6040958612081605387
4220350198344401481
9030075385256463967
8575119504555680029
6638948327150001662
7107600750171330161
6625910965560973035
8215285722376899429
4547545908431958247
2127492738405451877
3871377819460971692
1500055562723350489
3219399775781644968
5972898286475455130
4611052219858776861
802858339687731932
3224950909758455359
2741123715494788383
8411416035461044186
1436842051418287935
2331840183162781266
5438920713069436265
3934205376588797067
4140941181421419178
7243072084680720086
8918979570280154018
5096996271735766005
1039259072301954203
9004052438614303639
2393085552836636225
5250250136590807970
5244271685085872593
4133606701416278552
5830873803742494554
1955747099897866224
7085563961439538254
6516282163545715782
8244432825855278167
5420480847016991641
2913066400903489189
1287510985570270794
419339352121319902
1286250309701804721
5696520098107300227
4955154108950079590
7683950919928774286
3270934161873374412
8488128162071580165
6202969752524697154
2205171541829515751
3885676886774514661
2660451927527530891
265747652231759500
2861202598131726186
5264727711472929128
1257194660931306485
1052201459431406318
34230811421343676
1901088259616787622
7564568549975796834
6468735893541727070
7828193068769029059
1558161511606449116
4126760570221740576
2747888532788796513
6314358015499948312
2268627529998365686
8337942308409188677
72996878684390472
320909481067062781
9197083774901939570
420030909704865641
1146121761080372759
7202164388990422997
7860464632468289603
2288530407435583236
2197875922850740824
6256646130685933113
4402895113748650623
9158028628800457658
2158605922810614799
91669804089266041
1873003308253576063
7075786459410849335
6162190286903338193
6982722528711911307
8676431409815211503
495641009960201067
1447559101683071548
6271130440462574901
2797267307239303186
5249178237999555640
7990436391616799517
8044417892970860931
5012734554526828965
182958895883378573
8565660587523597662
6731649749344909100
8951881963936944439
2471722539155928715
4598092369715404415
7229182815176429147
9028750202625514288
4652395079699102356
3664284691642163098
8974415098948190176
5722322038393087732
1471844631647664872
5710639192853189058
3397668525528358049
6887667933254035584
5744487870538052468
5443473577978082276
69899325438251189
3694130547412132904
8847445438192108008
3268571793607882015
8263380048399923178
8610029687913666459
6288262908693781961
7494896887457762301
3839733068033438696
7549888697958467679
8305666245987069162
7081532100340790414
8086145580073969875
4290372937068055879
7598034616605628474
466123336363033601
1434409211030751398
2605542537276170972
3833554125394948634
7793030759402286298
1668237852568833323
3914794025694651611
2419486088978384445
9112329022408155699
7717854542008726899
3244148788042185194
6767673672878720072
4543504628895116865
7077946891330613959
3544180981908467282
4027565333866540349
2055099514526294596
953313277071480895
224496156570066220
2584606375953181554
8188572517571818894
7827032752464251962
2103324155217496994
8090331065824997807
3907143464598965949
8677135163303361442
3824010071640021209
5874545757768168997
6386962121264239929
154893615255431581
74761812802093049
2089436389811748361
7117401245091190491
5697700886396140333
6117952335517740656
5932328704892249934
6591962212278001643
694052787744409587
7643146076638987104
4329572511072289048
9220930899691793601
4183161285309192018
1206709966605672252
1433829541571927910
1967202673702239501
8387344623615018375
7605304944469730292
4284929499682283550
3482293618258068297
2606934323661355937
3746858120357010107
2288833817820271835
3274568153339763855
1513840122816726567
7882776380394440340
8151678058167687805
335903467585588849
1729902226908511329
4611880785502176938
3409415058471994986
5939459247193726288
1989644104296449856
2329574430055258918
5782821903906924376
8203530345041100161
3289975081642324991
1918615108389709598
1685365560375036734
5539917822884477660
2838255351713200313
8157256166875671545
2893003690670766868
5463487159936651347
3854449273262459770
2928654530555193818
4354374073092351344
4390469760168473680
3938760846812289217
6507252193234986048
275803625186152277
9069218287528554345
2641172704879189411
6248294603704398051
8817841545195757970
6168449808078755290
4651156054215419921
944291814641799404
3641273694862954537
3796260513621359493
8024281595769765992
5791488713461951176
4067326635395287560
3171059958550185922
4405795576003013463
7458592637408761004
8098422655953479626
5161097611637977462
6198252042177013108
4911010899976603839
429819905688670772
1970559602515232834
8935578553122455909
8809858594893413342
2610912474276465464
5669044483540529611
7232368750828721105
4350155547698182207
7342675131923353107
1795231430352556379
773597707823835241
8873993301174083106
4575184257286511015
390301941866669399
6808525745567220592
4751442366078814195
5854755665400595957
5744367624985226643
8022171940648849604
3055444359614182798
4205494898295032153
8279809336827483090
7087094716320824164
808763575822052688
597240423686232066
1370661526643138669
6000091095364835386
1512719504387073763
6348860925941162345
3027368126020759439
2946221347540849768
247550317849326288
8247480235851841268
4803223726151115183
1313988560146789632
6600035168133540397
7865917696704676173
4911029823634605869
3650105810949428899
1534420540324319787
1606961901028848623
4316401188970829937
3592890144107037839
4060159209240327245
1386040433663459051
6967027523763148881
2272165452351540154
982840147253059025
7736880678181866449
3884352277792427794
3292343618241272625
2632226279421191256
8259301770835930063
3111164637120352902
3722993933113093521
3300756109972420909
5048318791005819839
4856808419374209591
2201837643315767864
8782572086518998220
9105900068296306828
4496933671942925537
5697044653555162608
6143226032858441062
6363278359538182333
7255888933752956239
497796873189038526
1507919062634609386
7835519006810176216
6403748255740838826
3198631807499729204
2179413529689980455
5813880458749103124
8419761624397178984
3818255848932830078
3994527958297769373
7865890608945482138
3553087893649053596
8668439570402616582
3660510349048790924
5953754127991402568
6126186378214065161
3953829863260981079
6349499298142669202
9085756810215819632
263105967021497776
4932419502798788698
946150786696816893
7262209128686282961
2024695501011790441
3207399256563354005
4535727599318111854
2997993332255735107
6147593910956016547
4049654979828448995
6563787024017518038
2842333580777375800
6063168199253962179
9106111877953667666
6322451693969688149
5183847306308910624
933698037674323942
4180469440225777280
4503812257429133372
1642004854642378000
3298319432848015557
1782273015409493467
572089278695597638
3132062956023793578
5672939737685502783
8100455299835379312
4913486684557735701
374462946496076780
8394538429747454673
2069798151729576034
2177881326699613471
357864367435515094
4139155410838955947
6980158891388415891
7891507310438146717
2659418258694370295
7317744512033091351
2075282263050755136
3133700706472270635
8693641836714556014
8098956924841491044
5018060856819108747
5033014112803594047
16196145287432948
2196548922193690870
5831744950601492829
3831915263553792820
6739152460785709475
2217286971975691922
4646483149801851161
4039106131122474870
2731874148327675853
1658925090117608174
7707520817199922368
8480905666064442717
6253143412737209248
5592186694704456746
4497105920282907730
7691806137676852864
3897267942346253104
677370804462349563
7758964115083492278
1518812160497226479
4453933428859112450
3742698189902076433
4521873095464069879
3791105971982456903
5008090770062926033
7294551887125722037
6984998416245123653
107831096579930666
5074617268573637532
2087062597598587472
2769522715452458531
1067957258424227018
2773148504393019812
1394795930787923293
809835310232877218
9000018578743988120
7954284694455559221
1349030381438199554
1081486080381573535
7718199505245068551
1161923765104641999
6111677092191840825
4664880827267435367
5614165361943087824
5399761961103459901
5196652373306147785
4738358619369871991
3848434539276893073
6105582649250309554
5589555321140559524
4530818813476614748
2735526844083404011
1979469963667210157
8967166768516050873
1121503621279973148
3269560187645324148
628960613005464851
9201665225736728422
4423117447787500988
8397839492931331156
2688401286456595214
1582966105577415408
8884791852135485585
5976423546715877447
6135577599617280638
5934663786222630874
6976084613095433311
5367807407519015199
3625535653346486258
3453978608128334100
2183690508364834217
6160251845788215379
7707980703509654054
8955564216175134351
6893001032882569255
3961505491533593165
2260245128775951268
6974170774175119470
7491074733190373000
6933131913825416309
2754759126409040076
5660256065184978951
6563720896228627351
6507892185203015543
1501852514421962138
413605438058579388
213479545425287248
4089228017408888164
4289638256681017072
7413686685196162076
2401248560089090315
8041453438027810323
4181892040882879451
8303450953283575800
8303853746158732080
1105758863543232772
5961617091417330353
3522283188138648638
6082125027884615655
4227669413035759975
2148214560707197728
4536760970419762616
7310688375247727519
5523782736232135255
8543576888363585185
6381246534127345099
2878901599213982559
4307724426481540571
177930249292630286
9968370416453848
4381548347789519860
7472921285759107536
3972143667888452614
3767436446012590514
8427037707864688080
4003631362615165960
105843376162223736
1170690046369789562
1334695708631301124
5156957136639006620
2141379086924875276
9119907412847905577
4674868198362043763
7892029498381002142
6693386741533987029
826549621110896310
857719351571023770
6686610205582677129
6914427757482838031
5670496037889208675
9049440860324530857
3328378344953314649
7829830565666991288
1726247659493203145
4043391464688575777
6055178277143279547
3333185456157037122
2444102682322849161
2564850067859065160
1806680352736670416
3464046696053766677
1520540566967573959
2372816264856828181
5523868544958407323
4056072369962172649
5111223423298530044
3821435920927391522
4688498914432982847
7126184904039100437
7588606663273189100
9023198441954654362
7019515662178126667
1841101551692970422
1010910396710149956
6696834553776583890
6197571744904728539
9201290444473676177
7071938569850493525
8743541270982794349
5901327360253072437
2430460446103437387
1908849121534866540
1831079340398588638
8040036515497272022
973123302190401095
8515166066451145541
6911386059170815506
6341168368247643108
6817813039782151650
6926226992984445411
365468845134976708
900631725422919528
652105918756118284
3407659897710709889
8224428817591473536
2441478325493422923
754287944252318417
3116216517673141351
1863224464000261688
9035708990600052272
3894886887755506735
1568140535032103390
2617936738668102092
4961352254884937348
5371612478601690628
5755048304036870061
5478745568602985368
7490798162407572748
5947432407766683558
4957479028487781329
4768074880322227588
4059024152510007821
582718071335836322
6424995412214213472
5544053748375490049
260140626195464014
2199318607415762225
2607041682521385842
5130278720836283448
7046707398995387112
3212092089010998201
8943299523841711578
7766773640394317406
244309869943843509
7846420239639167330
6675740255699259000
7318675312715739964
1996845694524758904
964948125473581653
8981342553823030752
6016809694156164951
4739470975381790029
6201798292869245321
723379568066324393
832359764746723000
6672927874029345532
7638473158445171853
3256812057289798236
1069939931036775238
4891688506841237674
170135449386763421
6746381015925239042
8029480008700738010
8279606234334966124
2237995537253542098
4330173811154696849
1871286004512605543
8071518666804947589
8654876247680890933
8354862049249427689
7950601972704901923
5792235107940756305
8214831718764282894
1800578701630693754
7575713260091840133
5062434169877923312
2122005629764732762
5169314925753457347
4133383085173526145
8205932867696391900
1621772051511521460
2131917327371564629
6979579173163531175
8094236380411540576
1913672220700072762
1896079549699624289
7265911783840076508
1456525203375075513
9035431119612111476
227921946169189584
5644750832361790646
174310695804522911
6613047890777203025
7352413154368195059
5479643086087190942
7452202767536283533
2329062974852961555
7482063696667406941
5797077358453651900
