5421954233061757536
3056675291329516637
8516437184963219652
4721742492784403061
4780539341543643895
1042619522531393770
8439207671280456586
8600058857806967348
9047658529056665669
5444109371496231806
4691067480965984600
1342883741562062624
219053035113712631
4431547445064603782
3421981810069851191
731433516466866116
6667948335328870928
3577335674744792773
302946464574164201
8100513050262848054
4701273095238859528
236107238778990423
3074422053110394418
2390671841954146786
8080593187636252081
7353951161834073963
5719615234081960103
2074053097136221902
7553009451093518571
7693840806348306531
4652802362660973322
8174749286905053572
5068602667610392495
6478013776591892581
8868761454430002587
5936296177194218143
8285467850230511005
2031267898155564905
4941715318789154673
910353264336749754
6966036898810331668
7060484621743649593
9179583590994657973
8583967639742263028
1887432440555447499
2315680464473174715
2935176407071071321
5938039480415604320
3149760341983690293
7439864814984481600
3592556103008657036
5958414594793051847
6150067774030847803
9068099383424450428
5313124759843933854
2092523778682635489
2421461546255599882
6593795568937185802
9041807164875134383
4339270652833982168
2132516399530110074
6999348973301247919
3060760608671726138
7591729203400934121
6598392726488889665
5426538822209775527
2288373189931970098
4470515951651422204
440542987431112336
7339371767143507175
8166690252759894490
8622690152041740054
6441790947953916326
897371050602997219
8679681656272585563
931576976682428072
7763148789204619777
8440337885419725238
5236751082304641741
8717725776908490363
6047105903728272974
8001136141769451864
2217968988161168339
8610772425838327990
2320575511158768333
4954173532957635908
3411661760841789034
7550247889484280826
606278484010322181
703564997180453530
8504727077080199105
4781740878028929189
4099657020392817663
268811882550087651
4695889263589897758
6643549629464534387
1075746409603980629
6132883804115890516
7949995415857761289
1827378182359192649
2967695289633490643
8022193401856704251
3716006124472793136
8570795019752617609
5950459696711791577
3569385700453427804
6632897991582385138
5642619076848070442
1799304825868661708
3778165157765153861
4359808525014485625
1692395103611894896
4411943492058936315
5064897315755203933
4631435613933878936
2577265138332736774
1420535969137536787
5793415589082362835
5421825011607339647
4565004356379192494
9167772464552640565
471521625853320897
7422770003395458898
6825274087409456402
4278001507567271217
5126995528512806555
2819733728556640353
976893480601335061
2891929826029496228
4369444275060957533
632710719303701059
600823942478959886
6749254990231382649
867892418427500101
8186705534213573499
5441844949458992180
1481993311136895518
573072926111970648
193949097740233487
6033607162149064659
3393736199906520325
8143571068599067303
7202011265841043472
4639709103719311435
3924596034609800230
6947155202018678320
4632362009586720758
7537160503233607703
7862976750213337658
6221351555545058112
3927283450571606631
2179699728278226296
7445346480528267382
5820355321176635540
3752294859152612381
538016487215312063
6925737744179986299
2698366514835854445
3070186109560969183
2892010534777708668
5069155088479319522
6899958027591222639
348408766452503262
5142534971845976273
274438486234874514
4534336201493450296
702002039359126036
3410847954759980391
673152275462144716
501850877336574364
4742765507182035199
6845819113907720265
1100380617619798144
5162098012755730843
961546567596834057
4754728126423230419
3435374054849628960
38905886173959167
6810611342524867554
5161378393814421543
3969679881006668204
2124809810864969356
1316593654054605289
2533270481728060421
6014836568254452946
6826920683100325848
8199340152657017643
8350659581102414726
4277941151250714196
8944205386500309158
8310220446960444474
6008841807371726834
1569187018566275896
8924705009540353568
9161824958893268242
3568556762846404595
4936254017085336032
8717273433305852342
343592033913902756
3561579410513990371
3902129061332505197
2731822314670589160
5351495967654379754
2379698351422529238
271129110522482272
4767987788358409135
1129672222757903541
3663981903631117011
214701886707324163
6392494436726672330
853894273537862614
3468626041055512153
5437981009307408026
8506250060602038760
5724597597465868279
3555361677496238737
8366365977142777329
2452649047751666698
1717955705413163821
5573469502604658784
7441077281729550541
7392936953004349635
8221588807707183102
6240084621416906267
6170591889620428869
3703301750829559891
5240500611681650662
8897917618371522901
6088851597669066105
862154034553164152
8839153720159575750
27517290421635832
2988389525504113120
719346117065142892
7722940115871540217
3274653369394903444
4072676120319508206
4850161519947391331
1177680275483866802
7393020343967284692
3147099330690556325
8152199842865724055
9173439302501481996
6301997663116399190
74121239792332489
2222532717330427433
7240756290091011554
5741366563734620795
4438746284857378385
3770366860828869086
4203518580218784325
4427305093020336020
866788376444052694
3489113138768317555
368566390469977095
6724309706584939798
8055125206166360261
2565248391737772135
2073396951751230330
7127333728348205907
8845051816511593634
2663390418921325776
6572961607325250604
7959761775989086391
9212189255050660690
145919156153727900
2035362247701649427
8165827067110948901
3104419296423477535
487181216139925193
2589188458799595498
2988530028607826407
359149056807923681
8474241227218275641
8476600080586139169
5088325600354845160
2512885364238032411
1363005789294992622
473456233355566438
5447853428678503949
2871283889587171025
1961000208572446468
932673439736572758
6591889250936473892
1077859269075334710
1394185337813017896
3111698946414857543
7722733024661809974
3950637959224419927
5052389476388339176
6483695812691041695
1134491525193195118
3859479565897810071
6054846357436336699
6781647733413056000
1855273318240054441
1823614073376619541
8668420118481321405
55673232456435433
2170556225969165374
8199822098533233016
5434270286116517183
8776072255778621906
1131836978357345268
1742908302980765720
6744186381050405145
4547806622897907884
3320754008500540299
684279167781308118
1329574650098941917
1137306021661229646
1883124697907918409
5957340528717923528
7442390049905999203
3335423063278053034
390344362843562895
1942989346520258124
2201178089482767959
4852030642405112498
8294184183831274850
755414291686746772
4572575754723178042
4928659787553362374
1591116880428464561
6286189989322531302
2899199068896632272
4146023041051698971
2443597466827186785
3836353193306400801
2980220726455056498
3325948493246798098
2640398624488154434
5198011735757662766
9122343042231667952
8459590376068509209
7521905277967765549
3182700515975815391
2519982168355616636
6660397293175355725
3187687234298043458
8264569831337836571
8673591837875212151
8615280635258454367
256607523846272564
3101969150651591830
3057270031842656300
1485562556975563688
1250214237187628007
5335519429093825887
7178727238599347793
4739011391101808931
8752925409057201006
3140243148575513550
1676106213133006554
690739293349172172
4293680327274665886
4058005486132427284
1340820577106746574
5285470155092038210
4745831514379627055
9171120215579724703
8532131870912546208
1651504541480017285
5002327202783722359
4489122217548292652
7325733085012928440
4849903867587200088
2610513502167677271
3827206814210995603
1636573135508119829
635223726093400125
3316529284557326025
1976286978807055391
8787682250269379976
4946930855102985570
4119826985427260544
7504790625180775143
2276769359479432508
4119144374363302725
185717045199349767
3465866810233803027
4839930880192457208
7129288982628343109
6204465902884222883
5609343257466988318
4192133796697604083
1292289183788271276
1252376406070264513
5675505133153979914
478239028152467316
8201924649321394827
4822288407940082074
8814017359861622141
7451263571030321992
8101436919197276268
7845470745614560914
2242973712371498429
6526310500843158173
3275508013041959526
5047407269344306092
4240008151186523534
3028409252031877447
4494935370381109129
7170968275046057849
276771062274164270
4050013068596599295
7374219979290841017
6497752611288352692
3560654614764679164
7448704467844979890
8338502145203144225
1993506539169778961
8245552577549989275
8607381487968496385
6208251664854882959
6758505515683279187
7735425955160291736
9093905667009571954
2720839517395301925
6193223838590387750
6730933843514012118
1111388513608609179
576349328355246082
3729520075698516553
7599572568938318356
2307104667292166382
640642594034898507
9090193908828479172
5706125996871654200
6135456095740978347
8018848589082627599
6731464317482051654
8830660837757984633
3357300677656936030
4397507902449298710
7321243335484296133
7142504137621766176
8123427598268565750
6354078740764087455
5353147252191646305
2905742287017061354
3223495605384533435
5314104157759512531
8285592490456235724
904803316895229517
6143177601499662462
714998256919373775
1707051682533396816
4921660848026841902
5312174879126403957
8758565945575149182
796284482621008259
5535556702468908245
8321742011012544333
7548263437172766034
540382916664478474
8916431474707038947
3245152351283070861
3006891441291338172
717844456563386755
6343588584367530762
5331030674817958424
2142436130541990218
239271394436320915
240244192720211330
8691865448165543505
479875684049181673
1825971407735182659
5367117809367439753
4951100132680976859
1202018627160617889
115222620472091871
2736824280047343137
2030616558414849382
1557161289362223430
3211865176295998308
1454197035827469549
3105606590189252406
8939170415532444810
2326626154788885176
5634107130018591228
4760578339916306547
1935586613822564498
739602046262153155
8610607376742594845
3816134851418179733
3026494153642417008
7893213565655620080
2588631428775561372
4369500235924011578
4347989419884201113
1157866735166627713
1063394027988728001
8530113335952492983
4953993163330756238
7334865966192571092
3993055342256153051
6832872767757687569
6161392171215401245
7177614475197349769
3138564265829665646
6557520991362517554
8530171465331067869
2182420835932389174
5773966511865718765
7158283978764242556
4559677230257985525
7356085979853291337
8987365998124238655
3373405727822896251
965249607052992839
6875785737667918958
2365146823576857936
6075358864000079601
3832090818379934374
8629393790612208359
4881857439269158573
1013372299605346104
182969557142582698
734822877263990370
7991871035049129266
7505690039138437924
7240851665226935698
2106343281879853439
4349042723081573815
2426430915631160141
3123280695079484949
220842325699994322
785064611285327851
5412935460265523540
6453676830358924827
6349035091312095098
4588201479776041783
382759970865309925
2365188518161396718
1469766512977167133
3425639999142530943
6832466152235655318
1196822954887669158
6699170118203636085
3095451495985471291
5490231806951514085
311515789134212939
37767193830286661
5194444123431472413
2888850568223226382
7385495024622548463
1201219076750938694
4724364679428698551
1687946819863502593
517424435937906649
2523801239550565360
4485749551435318419
2972277908708066082
6424363121282135723
3636695790821162022
8653569795511488925
4542112061686644797
4896219401396136040
1777783396720514068
5235320371634802424
3674319163158847089
8546688455126420028
1143804332828632479
9164120532987223775
2611028165573754733
6663414801464704186
5147964436000205105
7032703600393167303
2996593080295745100
3457341891879335751
853451413623789105
3383602590331832142
2039798761373378787
7997119883835963521
8162731000366197539
5061399390376028684
2887054529675530336
1997680663616979159
5731712554359108655
5260058879067764648
1684253330475498312
6193701829926902160
6029831270791728274
1499925524316731736
4024364446949464084
5276828977626522988
3540985656065873417
614991549715195602
4766643182644585427
3679235607792746974
1279354725545398461
5157941264629043415
6738590521318100348
7340952880983130794
988090633508300873
3138638283141085744
551473672927215758
834813524491854399
4739008177516499873
5089744113986811426
6938742316701941850
8471589781887086967
7219656500321589116
4207378346765003088
516315855777324054
3688736720025872065
4658172572275490937
1355208532442506378
2475765664084259235
7241724661140019697
2217564597864223812
4230306756829437228
7480405465763517349
8050278658827403691
8439567127460344228
5700716895342504370
7793036631617576430
4400153773404718924
1704615592089276319
5681761682252231789
8757501239163677078
7910160755066213909
2183587689575904051
3106889046947217971
3443189613149677751
553247226541078800
5392012388588031700
4529787566053656309
7132427539242821702
3731492419060893360
4142691305873514483
2876410639358925210
5667363412806908998
1382812931193992302
9204513992573535856
3472795972277253082
9141924580209265974
6277110335063206204
695134498342816775
9088527278759569852
3472596231786222382
7572869312702337972
8920691576323911130
5347797182712890930
6918002297596210064
474663477751353922
2689595717058541430
1956939570316134329
7461002179320657308
1637364962366919728
6006576814918750224
2501397509672524482
6401043217304874348
1554598323753285720
1055677287757257594
4420958681013928675
9201899360475645354
927176354635880122
7442356957819119079
1097103752639939133
1765257856143137960
2570762806835102805
1400014158722218901
2192711940022492068
8632452487881980716
2567162187009528352
1010581281872610534
5621447682061033025
5303734321043224567
4894667667389316486
650528702676073383
1250574054699305811
6528381341118493632
7498925203683299651
4935478357812221465
5286968005334789216
8443461315034058760
3449331183783563541
4592638890389981535
7395123661891349911
3016964234182488919
8380281444527407962
6878278897552988194
1210472387734728391
4258931622999855208
8101735228022210940
3031985531728380125
5536269620597955243
730022906466684267
8481306055993124136
5041415028554070258
1924025334693247850
919223567501025344
8661636403092890005
1182627812365568263
4433085072878970083
6880927609163741653
7088845545321095571
4740299614427716170
135633754523791015
1178643223606776150
3555633688350736926
9094594998686608228
3640976084743166362
7557284216760970114
5184678860016128679
7365203192082789353
6120064700486224576
1635138225239783504
7470850581166407551
3081166400621103224
8922532952645074109
315268241744670684
8866114682232603877
7113408983628174239
2840385611366613777
5264611841909715142
7835572705111557358
5126941748978310090
6771948998288600749
329724425105945030
7889440017459140731
955729877857910161
6589700071703371094
1734009677221472084
3663374330536961019
7492663864870630791
1011904542517799371
7115829441247722037
847054401837751455
7284892948858609389
5844839985076193310
9163322312924171115
6307924155419293485
5034365956571486446
4608715669497278448
872954912023912389
69317353789727583
7229130674280564322
2693863826162682760
4330451306726237444
1169573045285193231
2684011938297513407
688295546584062519
2930773377787576624
8064223720563914041
4950897489268743755
2132064208040289803
8656208301668513021
7745315693908563841
3640394413287469232
50409319952787688
1043097102750536178
3074366806295138442
575191327181126348
6960953601807211267
3314518790459425668
5995834579696406029
1248468597315908582
4490196849977479812
6340926287928173753
4907516723139323641
2050355127209411604
3856233250002482158
4133580137549697184
2198751833875425843
799776214955299952
5011451956929017923
4341464108708656313
2752035702748888034
6435830657450275759
2488578639836024257
3840566305188791682
744996909267722137
9203323740793212585
2684271713268963538
1293359982192978156
4780731055817187013
5660057847877783669
3294811955754246372
725540528866296904
8128133854246126670
4400623661902621799
6914691623841878125
9175758166101725490
2013365220959725336
7801770699386602578
1530831564622401907
6198451093323763862
3546642781333406525
6197806125397035644
7561743560364316218
6967839150851371101
6632977583386076842
2295420779622874086
1827176631525386789
3435891133187242481
8435272723002886975
4692467713645760845
9145547335240347890
723517533323820285
8981492223111928135
2166558810589485051
5842936487763171632
4931793513689944539
3944339381379300296
6267317579493901915
4201588827647756293
8777135966796910697
9212164503658184556
1467952065410151430
2243785869707269412
4225123718743374832
9154213710582631096
526217675841537102
6430261630556958991
6048338396969335027
6357476609278738535
3600103997075180681
484097100498201646
1225590240039791022
5243308497359741330
8883790413080683978
4976450287302232058
6203705256848482240
8545747411312724866
4642068366156910456
1806260706970735849
7651786566363896219
1558824646248775256
1843439254161789101
5481085147550073959
1252448946461677278
3348864744675594182
5412168015940710325
2005958367381796631
8779902216292023717
2638545455995390565
428432290114041498
5867310553065347997
5532271679409931712
6271246449690648544
7530018012198843957
5703612933571180436
4561282865815698944
209447068485887671
1920847177671744038
7091558806377145786
5011466656022734872
9189052192791929526
2071801903409311648
7954245271689536088
3277443132304000394
7425619894210119107
1409076077929504737
576826094765821552
5703444104535516061
8451669539969800104
6143617354070575682
7030098794834190972
983557940185172697
2267580852374749417
2510988777104331427
3844603117283170596
7231338216380273745
4642552212811530447
6962632660639948620
3651481052429626649
488227853611560540
8511235448916302149
823630742687739281
4884927333670227773
7125106361688460853
5881197346958114943
2352637041455788694
7706837716461514309
6796566805564598586
3504845884385150461
4047885776833795746
3909041762638990770
608436576173869739
7564091264439104395
531237988523276300
3580570387159216434
4703762990185003666
3704886857587245490
1698190511559798908
1177195299178014888
6633390335079077128
5161553845699274514
5478013042480053634
3098800929902294215
8793460628667089332
7256862226970711244
2637426677435858028
7235977165964243227
367212822783483858
4577681138342872869
4412726792438888871
2223486709169592591
2088063262611936501
8987700857482876143
5555106492437512901
3587739387500060080
2932083871815360643
7837919638776074372
359262992872449510
5415412241835277231
3025496191201099180
1050389521711835434
8020018638043971924
7439320879393221920
4412961864802701928
6793350240286762681
8257148480483646090
1026894189568077239
6485103204374120576
8801126995504128473
6432004006469277450
908613730109764825
5292362633594187363
7851346542164220203
3580354308887177852
8207754904401518183
7353428152077636980
5471855364281373390
2310012615440032492
5628253042480435636
126246431712515241
1569644204049334107
7213366343958411424
1118183989860975543
5243126793691638104
4208855322970324745
6407116000141503606
4380234885177275399
5518660433269290166
2049479075515359342
7765173922767191118
909552287249502678
4857666021274766426
3602267562156214308
8077368183365131877
3170510871031690019
7910971347874661536
492696538561761282
6540122998166360414
4385698158832657808
4678876603738467775
8700068838880331324
6551300334435155371
7649908922232637835
8880686218866913599
4267178471370116926
4492428836766458041
4833634099297560179
5949483778836537322
3788484995202280406
2018606339742948682
4708091744861386679
6227008913947127415
5023703233741350153
3315939505270775612
6382235605660816832
7209495489785286060
5665055081880652399
8609384581817838900
491387646423338663
6084589614358987368
2659882775092688204
2354595726014612415
2842660662585868802
4985537622110991103
3789156725774453421
7382840502561732529
1507796097339952249
4276199810836566487
1650441464463520331
7160965838823184070
6929513405497393521
1843623518734434338
5754965210667044048
5752269169492406886
5357935760100535732
3818305290153601026
500985286944020451
3108609455611631096
2729967826965855639
746302557140181078
2245705707939162217
4221543925723769868
95703508821138365
8064238182076872025
1582100831176209543
4341573113758344837
1433968906010377477
5568252684169990113
6556298085161554158
3254019653543807352
