5020394211833170227
7716571055291342217
2105692509028848152
8129351606919441354
2547571259319225228
349853179291767105
1803180382540192899
8017397798457947316
1870204159052000791
407835149441618417
3535150957743056279
6571535951299934500
7019848086728095551
7549273138733551743
5408819043420146340
5738706505801085131
2960458225791269844
350436663628945409
4465890597631487620
7371528664414083744
5167348339506700908
1205771187550474113
2289256454047497121
1582637028234212228
3418354706154200358
3004706920892982961
2588336248610119873
4777855961612282429
604890426435561922
3869100879141754159
2856892982912623418
3078607853946461181
1194846935530522307
7763147459183358181
3321423700686976257
5274588502278031113
8350279082462791765
7473742516792250953
6735576645093009160
935305234848311683
4914764195166403685
18169174867556579
5529474917447573349
4490137288285327270
4739948347927684960
1905379678162622522
6021226659617863632
3368529814677528227
4019554552701658421
7455058841411360735
9205179482112639392
3168657483308627561
64365184330200446
405768840750443473
612455687695536298
8694479992749855449
6857839878095527187
4766371670072383932
4349489978018115894
4193643805553004381
8336831099873842667
1776725462324288651
9169941140923703353
2806904738255481169
1529176399758654278
5533042386866765803
4640541891789066772
1474938138253573858
3887981339882926682
1411699045632452971
6318247519562777453
2606760013238003717
5790242260581009229
8615281401373223518
7675584310122921741
3010629193668901826
8591569249512556268
983390961412491621
4817255377354566041
8175621536231345641
669731479970085134
7942669700615999904
3618278794971298528
8115303535631859134
925423008311023076
8033397261839311312
6712798388628289533
5150820648154681125
1842105769536915998
5746574475467103452
5891372063956258651
238959227893308941
1070735104264033563
980744897610220130
5393671517149540912
892427756489519407
1351478125522311851
8977056038101483119
7359014612322222947
569116860792050806
4325539204215008744
7621013334461472457
7239585151267091188
6161762548097247737
5488194774714417298
8314308115712919171
3966969665760068809
4839240986414429811
6851903135786200755
4420475092062268546
2214631246659591036
4689803282106963075
6057523054540015860
4357076902990740709
6102587544975847682
4691413005246674901
4188810838184272263
7354288900860227854
348351218776807570
560113939837394542
1354801850874691863
7932203983633875498
4028220657207406683
8537460382882883717
2003468761029819513
4316415054256333925
735855992309400159
6867347447490469988
1708730398359744577
7010416340579110279
331456819588453911
1228752790110598531
626924381882692313
4467210100078941086
4517096205284433473
2431857358601559108
3416404084007373936
7363726501933947988
7781266362552059556
4559877677867018186
2992966104102190381
5584727943059516733
5455741027555023134
5857023969045794791
233537035207715686
3573467702885142884
5126959400967342732
8282421629446834270
1588334295631398991
405170887700875225
5285612722807650311
5305055424735767856
8028798593652437835
4062378734688645160
8902926529490829289
8000220344879970738
6971929423107515410
7165372869811779290
879721442222508679
2444872839867591275
420068558055652637
7798775623298576175
3428401159477946041
8220826233229519694
2244286417971917401
4550726511841819028
7358370227448949480
616660258956016817
9107653454957130372
2034471404845349147
1705584332049977425
4351078262562605860
1853068928551201199
806500199291675081
8275750298035658315
5166524416296934769
2026133182756537356
787527132822605894
638496173269909631
5769911923805175755
934985747631561360
8901683679562579817
3726282971984211192
8487939223065744526
993079440489766065
8887776735691499221
6287307784550893880
7524908406905933280
4438687348814489315
1154072704787383589
7727780452411868250
8313248698772581037
6812661799127617049
9062416198286434630
2616998695422721204
6922346446476563201
4077947580484103173
4529710310393466858
914288655850666053
6926407402411602398
2549419209636570185
3917992681917860006
2196404735339720143
3673738012535826921
2873553750451226794
6340209325466012704
8111968842158038220
4458738360914286527
725991178333379790
2495252026557929352
6760952329731036288
6497938328362906801
7583526225250472808
1092077789679236641
4733311346532884471
1493936819694752768
899607064067058116
6502519140965076889
617832177415707963
5164367258773920020
6350936262036631243
4396529398361992916
7466464017460190040
3705230235637311073
7399931678665672007
8529646124244318165
916783825603276987
5415356338275386589
3722732533353549544
1445105917320792475
3806273698567848579
6840937169059014608
8583283739223683507
7349048549414576591
7299057934806031972
1126860093257727046
3227483312403491971
2948731450256409310
1347540890122666066
2942725272568595450
1237023992738342022
3282958644061185992
213281919965148151
2929870495032687903
3063663761231328210
320954630129533565
8706341735168012567
5490107136923689859
4996740340841287795
4598694658666856273
5808741480809593409
2890734868168543744
3399638967853947114
7016429910417519945
551022786111565198
8018465595928314297
2167065971005226202
3062314016885022219
8705066936046783781
4526739191148220336
3540614964982169070
3079642814764095284
4021629803768306849
2120769656200895446
2857082575005563992
7905670909150354750
8377838183720676340
5052278594412616232
2593489943433190910
7829647735112776612
4899168212641665198
2409709261834108373
5561431907274818117
2665261103803316513
1706540461468389544
2315824255282477200
8235293739514537318
4200384074212813863
3664751788410309562
1728756407621127056
5558337870153516397
5419236079267331045
2567445100313216434
8110113810141970852
3436090742882909438
852201451799233781
1875562647822543013
1500077522701262318
2324384561259210327
5246661158332462539
8895498049956450422
6029199848325016453
5723702008812527085
4353866798061813903
5759748796889570407
598673419692903977
8203796663858637442
2947227481824954180
5243684510636569580
1044399937414664943
8546029989571690779
9149623751127467192
1276393677419344114
3888955973824190384
2884391542980803296
1416509054369586040
3655986659698909887
6743847273534368847
7011408889391829633
1949841698292191525
5847785328755347173
7435008097703931546
939146285057367053
1772316490422979099
3158487669590726937
7736694071755570072
2626495202756382716
9197827146033365920
4480350221979779221
2904482411559003173
944053415145986456
9017829209114392244
3995527177046518296
8146804775179009965
2003115612390490736
2218987871599319269
2285294879732544921
8624876232893742988
1844041203327243200
8253494380524069109
2114181818447672644
6721942906024284703
3521193202596466079
1623566232253417845
2727009051351287686
4869745525573521260
6402431203982403922
952283029687222975
8466427525337937977
7652775003219499409
5392750065895409846
4189948670552959582
6173312622329744972
1688491060131986317
6497972705025129924
5766397494338429130
4230015589904744917
178081190245039225
2874389623330940819
4325289915250226382
65474678981305339
6417445635347211346
5861435943868141084
4680168140548278752
4313486698989910557
951225419652594559
9029499503110375547
6553826023564117316
7925374299684160585
899272111047660292
3250771808514919532
7200401762938469870
6187512460148314680
3999133536921340370
6598511149538700638
7477798756072376706
6025224849434266979
5967469367083590162
1562960239217933551
2105690837971005606
4295012388002518870
1524451189711884728
1745950582763372125
5385893944520767215
8840484558313537323
392051450856025852
4308355245075851348
6055391750932262325
1011683428131529184
8552361021306297954
925029848068245818
2723123676559855770
5967047493332313007
4889643272591259973
8217765431165067556
2467830769918899396
2893400928956480808
6901887481001993131
4183422407436030566
1999211656296885132
533064563470123540
2074290776234997325
6008451723038587678
6610582966824922662
5886969646800947295
2501814295541915842
8343141422265151642
4073739380262216160
2556224364522511782
842034189431023
4418401308110305199
3715317565655433421
7096079093084816749
2017849313297956201
6922362893011559534
7443774169236467283
3271964342449266652
8789522220742707119
8318580622160147047
45401938538736099
3068161079382375141
7027254250468970075
7351481643234187534
1928153147749528794
619156808449006486
8140221955166102200
14041996674861910
5987904247529446606
5180033025834260157
2592573214801224691
4145085670175242827
906544451107300232
6658196568896341123
1200794775750894768
2087518501335966542
6401782854162864725
3401227326524765792
2367460194361595754
9193762663591243458
5876181369637113783
4934622017472390680
7765136510780084226
6098842952271285961
6671378839393776216
1425685074224141949
8243741915453503882
7149445130007777876
9196259866321110057
5093548888250246079
4789376167681644311
6750030707270179880
8457912028147489278
1598908396746940205
544433611697174423
7150386408393737647
3638233537987504420
2118127824876144407
2297757375864958922
3610851842741524133
4794069473637701025
4912991513299963047
3269779222476010232
7267955926522927337
8460634386798534766
8193628320549921187
8155046813066881511
2830347423119457851
3895528903298156521
1870976537026518953
2056777773222391148
1768100066928956549
6248759931195532243
2769419735720305087
2075059247122964010
4424122695315346862
3819918259207011794
8325417574806451518
3926937478288542578
837785180997604058
1426214881563783427
3729437204105768369
1608997474187933215
5075789215201535973
2509512402272951965
8438693592064940365
5272671959190257544
6936311485346280694
2718702479813111971
9200349006736842229
8933466108007626015
1099106249179601015
7599554587765542529
4612848227470361350
4861580342956764432
2528688505705604664
2203836503791120498
2938896353439381860
1186745727465112308
6609158506356763478
4116314925807961361
3672454955136516071
6067244866760659175
1939946434553413668
6334544764848199323
1730311107166015423
6942232827457499950
6388786547051516308
1080566163826335055
7824101744204652652
7704792351159547042
6722411403737545604
6131824550137047590
1131101144443891067
7294642370180213778
5694524068252437966
7090746530718781472
8731314624757506428
1751277767978761225
5286716822829202522
9107611175034981161
7566310575213164287
4605191360271009650
328017508538502184
4499593717836712510
3382152415260895594
537783953338748011
8824246357349359619
8978317654588265149
958794641801808939
7665685330328470775
5727319638373214949
5537361733849191573
7423348807815264262
2786613186244062765
1991410600116888320
1332378112562536496
3353942966691714567
838546009978257790
5625917357599022333
7266338541718805050
8960622683038650683
6151300696766210319
3155948890944345439
5366659061562282632
2402136752487068288
1945605630767070610
7731475979244655744
8330185840109296998
817763934359244458
7841849228396013
2224422136565103320
6802656666511304449
3243153857462757338
7676348015162580323
5200524926637678977
3496816436583082884
1374712934359383907
1518450952630157474
5453867000264200235
5860286313952969116
8699816378715421204
1308696552013232351
7130098481445298150
4908461849503552738
2125416927144118906
8096179846877666546
2276162969379106781
3158482227789570406
2560695470743619528
2039580236147310965
7365904068909032681
3931931208906204739
3986879202513446720
8633684000668887332
7167717261813219524
1775499702172856304
4445399533666400531
6316691167997122924
1316794920531995997
1044112363845217711
4125794141061550778
6115899997099985853
3860033958266546456
7018279500996546541
3857550290054686753
5906088233647191158
2432355874273292456
2257872556080628718
803156075438104114
2041184236329465405
8779814538390683487
5679985514923745247
1788767806501298488
3131338965697301961
7747625701980822757
613295397621711413
3106390496900054937
1614182931813082255
3964683323028393199
2356987705111331119
1997076080297346367
320435345292552513
3111897034310182344
581407605316080122
5133524251017951484
4035831638902594330
3501915008429379265
1841227249520143413
5432437409718671697
2478009527145286164
4265472520551493640
3813750321822570497
69998512337508445
7133148613018683738
2470791317062155176
5515728293586551471
4229494821468491146
7747403263184457913
3362944544010087669
8508123713011252074
9081634636606664329
1790626747802387397
8002628182511266514
7195930448435602745
2983974432156131090
8043516781381745763
2096326209573604734
809751625913410395
3114561408783587822
2026491639778064660
7727354328978590968
8283208666751087159
840624384196535705
3025932904772575183
6767882298976156755
1103954504644852896
2828324768107586688
257463001641835657
2156996607203068672
2095383920303096860
8136463051798329544
2120356968983585135
3903979031940643253
5839108057125039405
2754885687695976491
6792402886583876602
7868234416063094529
232032095596548248
1333034573164062079
7220071784964789286
4507244789412172535
4884383939904909808
7380279340249036719
3421919433610534827
8998193706504135681
8481527227856381285
6321199179369078898
4531876716625165200
410220625723582431
614458125668648889
1322157002362813787
5751631776059214144
1234368662614144668
6946256507686109450
6091653491237383997
763230009179195620
3121330077147844900
8199572876422931140
5636488253227526957
2957766113286681254
7307656321752436604
4795878095131566864
1470319612191964773
7390904441565650727
6840662446307381257
1134569664201927764
1580854735523151235
5000428709820014154
4278539757866204493
8289710526334079187
6880644118517697329
4085400764281166060
5533884421056196826
9058943199899371971
5190255703909007279
1760688396112967623
3429548358930409172
4017238375719561179
827162145619695192
9062206603030275881
8181431585261154829
6770792895428292980
3056031132207637925
2436358292040155601
8010645211881461696
2945364983733977767
880402647126098627
1288888288419091620
6859519618927326296
3632320791646160438
4879835746306529932
6105456034145283233
1402598439785760195
1634512021948756552
6057365099261981357
8500302338433257121
6947369251217998220
7978890565292225193
6640742082056173666
4471962430788799355
3348205091971815884
5364062143886008562
6768609126126633190
6286100142994702531
7518820512026791537
4234485527738733100
7240495700185827022
5751224278439150693
6641383213060200531
5165658244420093256
6134650377563581986
1358371626109887569
3880312246539787674
1493628336175472881
4073780977707143281
8450811532533140960
4964908703759442969
141645618198552875
8328036820094467495
8175650879416160267
6654834278855699631
490067350862596007
262110442029600118
9101802351484235310
1400696086481462278
7616307145299734907
9020748326635929308
325058134569837242
6863878759845981201
6858568080326864534
3209617249326264430
3874445298056338466
6373192827478725073
2503956059238356708
3892735341831226423
4478150134080049664
9085475587702074289
4755579514903800773
5048671049317610325
8952341956689143831
8394147578367483664
5354881386282037531
3858072240165342535
7145841288113142305
8972723976121881203
3633683540898819721
7069390080139970151
2208287659312354938
1634027865394998469
3168680476046528020
8575726448858906762
210514005089782107
3283561774037993091
6226065650146943747
6658604180357600991
6201182523101760341
5266751230657639657
7814301228513254975
7508891928526888354
1744322910237043887
5249124462153757468
6288712998992816959
2893163233833156291
1421012341389255673
4009245699717662657
2819667876775922347
8779417604715790598
2150379665221668060
5517636413901300317
593815669674686541
78020360201078941
845016125321794245
3032146826146590262
4857409594331719276
6748484809093064407
1015382562546245631
105741738170787117
7400108400302415391
2218452756426611524
1361011516453931819
2557777967270436306
4339095084010085029
5050763554477140122
369071721114925835
5392718493093615544
966513681808411815
1046133604787112457
4317138162892456954
216095596046552020
3327157292478795003
8242884840799233867
1951874082291575004
7330090029165194188
2791255386069333021
3838898103900349045
2638664119774977769
3940685891031446354
495819015673980762
422254774480341725
943232728964555808
677590171409916612
8242916053021743537
4965312951340592443
3815198226667978048
1457638970304901369
4070237546795011492
3069694427119109222
4951555962123638473
5863598312684930616
704508677729600079
2780551815790348111
3691317684810471252
6348051174694408717
1113018941868365732
2038022990570815168
3969145035796137128
948228004865733867
2738105219513939457
771382728091213877
8958239159609856715
2610528742309394115
963806309942308898
7354223133647721884
376051405927703512
7811215692978309240
7747930658861006113
849457071422696950
8476353189180750149
3269337208384883654
519254949984521013
6863712463426881479
737255112554515727
1345854323536853322
8282687894512309668
123915510326815520
7709611735866996264
855417881134903999
1750618923526292295
8616436871231870912
3805311236035308230
4442367680556923707
8615852855338027969
2170972457102944757
7353277453465042749
9064631447356395163
5207574848389212522
737632736710366183
5094574282793028775
9189046877708377150
2645637794238440607
5187743051113316621
3866819836669432324
2362138866458998970
8262784236703920246
1946720614992659298
6785508147342586283
7730033624364158234
4332995145935640358
3504030265790255157
6506029464754002051
8630612842230602200
4515706109139958397
1152081264184869608
4164142051302572569
3382749362177574732
2593591933502190317
5108146796464300458
8674139216000120554
7115474453666689614
7523544812197686114
3961996905721038859
8289519984724235689
1160308399440865106
3419938667417394172
8866028916235186729
2663488455770699355
5739424311276684542
7369959529703820374
7925437555420659844
567554691888533455
1189292330132998618
5069485005478477213
1600575931438953466
8093556339266425839
5991010822015201260
2444007934066800268
8924686856056729801
8542312302309647487
4239380823794301000
4663771309886821168
8919865436055381247
6550652151666497260
2878693091577298441
379544939946358173
559914152597573669
3165008945455746032
8272594063105037722
6440008312077831369
7133154352969869349
8552026776920113773
4611329799703649560
7916745404092639079
2694057339996000837
7116887678802191178
5067584450808539315
9147663542577212833
6883507994539704348
2077543640412891462
6718654600856567986
9144628093482438643
4120988069420738632
4217426116144865375
8636580839334375326
8163231449111082422
2404859176584502847
5168316192786090544
5371761131902726352
5622606998404707046
6693163288705537023
7260345464426445951
6304193207048144299
3568708295314309368
8351152197424218961
3948652205119196503
5726086885237804256
5714718884593923889
627366882390336815
7035706906383370453
557687181438812056
7116857254194363196
7123005614747165297
7639603865618017693
5176753984886000523
369579164630205717
4197382291170534044
3314360815519207973
6421026785234944028
8954844264755053901
7856512570226212467
5102047938119617314
6623994942073431999
7005548809217492179
3936084015052824639
4059703285645325443
5037683793968389035
4776939909539358995
7488346166264095572
1359633732949641317
5950637066665927205
379488944405378336
5705729435851547496
7325134850644825116
5605232060513929203
3188075138311123938
6948874085673332205
5930420755538578744
6761648207290381983
8076119890862767035
139438582226413305
6741838590994239711
5969056428967370372
1949634281062461045
4583546211298754997
4685963212562129671
3435910020854624741
104600702615144972
2533784132996416844
84764870922125081
6477332064516951183
3911509674511537092
2754652065358789755
4015881194740098496
2726389150006400253
150057904551307055
2108159474114822916
8331569365344566741
8391790980965708137
2590460863174534599
5758936717450617828
8986446282949199147
1913746186105142100
6258495734518962046
5557709695276119108
1219633585784657526
7413763377042149894
4891995674671316858
822617320626995027
4998810825775389099
1950563172238220922
1708584160236980168
5031288890789812848
7322430214404759243
1420109612480283855
324863170957404631
7391954831864589138
4445532849465630684
1877641970926344634
1933760649951585818
467225884679956424
5805828012819741178
