3473170541908503265
392177451623767874
1949323321701761085
3921522727967971779
6955508519077053721
2551827142800480241
1440782996750382301
5607387390084915379
2369262328365085276
4077511963509451480
7316565298187968362
6033106402499337062
3137199979182836840
1515767614035713556
4945157132741767039
1899475793744347453
1807098000789991618
7147715733869715380
6739544323609643968
56349231590293151
8623237042887313382
1618732499338413051
8308973114700919284
1713883419993127558
263636587933495854
7707812536097795233
2639631164725225671
2766455325418243326
4083777027852824362
7149124892664775399
86618129366089280
4262225171089491529
782909333086912595
2467403977719466112
6910700483102297718
2664669533222132976
7146677364580085137
5186053910317440124
9133187938005462575
1698311441512733646
4836675426633222838
2456608607464340856
2443922664500454770
7114546588925198497
1273157795800821616
2944982969096505495
807544989622836577
3169035977810543777
2210317074017892855
8225723439528442852
7741672056483819086
7440937824177541501
6034592577879792490
4806221953799913528
6844859710678479304
2047019632253360194
3725475042989519007
4692597438388502078
2243259477611125983
8064182071893241481
6212156048784904868
5516654299889575168
3173233817134128987
4745457614725129845
8977714735309039160
5072096577348589018
990190496088475070
4896715379266493868
8212358863687516761
4985925070749230891
3171162245459741333
8288490307776200174
5227446724387920451
2271177155376519234
4359850027544186552
6834727485477822233
3936143287867827846
7060125919190818892
6052964036223354735
5688934788278875586
745217377064475875
6291813260302149999
8405585922016344387
2734638115442954134
1490759921134830818
4152198227692199593
8529958565604271535
3680090203945021250
5936812438044347092
4568487658502446772
2902883007526715793
5851119144444329213
2358721373194892153
1434620090414299452
3918539545337916980
2288239344075302673
7110871271352032086
7795709991037916947
1706688322942407209
6534157741654674745
616572122624136459
1873348220973455288
752315694513420726
6948093181506020754
4234414810955633480
1464445851614733965
2683492053359774501
7923710305181825590
976703219068033169
8655247132279902251
207658188811681875
353368311710418338
7075251805087448903
7248236216905171952
1257631761625814226
7488060668444385970
4335820896176390174
4628028642724650756
8508149227833419798
9148892156330295415
3738323064394852090
3646841858106557072
667831492985962161
3515099917843018280
3514535972069673690
2556338483078285207
387194545990037204
6417241468562231479
128309335742535864
3004545227048786561
8056703082248847111
3924725703670171696
1502201531876100767
159786770020478847
9152552419759934915
9001707144399956295
4071289707327408959
8259449565231582800
3593404774371505224
3518849787347980652
8750056016169620977
4576065145169599338
4016354729940509762
2680510983447386632
4442546080462389225
8628480452265903682
6270406872529567568
5702017906157732404
4748863523197154370
4702929293186788590
5081896977525544478
1042242425881086385
3294787241905761550
3287172558181534588
6001402219592167411
5455119252215507399
6822050933961357696
3257912817677795
5027742448882195859
778925376037382879
1775655474623898798
1558313189759882154
4329113290405496910
659144902754471196
7374480653792287827
5054887030107951139
5775696086832706382
749829096256491374
5262331991051605054
9111435096652678436
7480182221495696167
8604699616785540020
2670022301711533493
5343954416468964025
1534208080434851203
6160665687003661641
4929629759626749126
4945644386842139143
3105493649040971118
1156561521195113843
3326711505282363025
5217293211540597557
1255779664322062960
4051808547557614761
6754542787768371781
2234483183585428637
5418084135647577424
8615656108301224749
6278896703470452353
1314079962703055965
1950086614536261887
7830825960134037354
7590258217911244083
8513806929889577289
6987765756331388507
6287854678042305365
2276848354334336362
3048572121582507037
6109672928627867086
5888957527348524282
7862775271050315872
337417169079841226
8253447251296553087
8440067871253253962
1331185833262587281
2128615046917377088
4385862891555733130
190571625049571207
8928004742131672637
3040572106889855188
599161444876809792
7162133839315198204
3809980725800754758
2254286218860221935
6445774454466478791
7235218418333083003
822919823876730454
8785452927159444387
7748022779433470481
2292412012696676583
7903780037491166434
594214132599945871
6291993343271228345
2322145683055843378
997929456400608896
2257903015856576502
6743107724436789960
5646476912862267970
2252017195351536837
1477022004465620492
7348911871195049012
1735056823053502973
3202808093755146532
6583075240871004696
4236350067267182441
2680398793928890176
7381529582161754631
7163586875719060469
6648773188641947222
4288021257062263466
4897409195906781192
8827037256379588568
5529208432870530910
5202834033820977633
2121273805831916855
488784693216936670
7461555235749539870
7925046955976029354
7745327115342697893
2949649732787376937
567104392019922837
5474039262112485466
3942506928835495293
5610423193009706242
6203743030152215354
7027445887545558970
3799801862755310042
7680139444071332673
6819844208348096331
7699391060253605357
7907721845410318909
8096333113190933588
4133736121982662333
7794972663503707349
5638741770595743623
7480175257849316549
8898392742859259536
7254567457543722089
3247661934291308048
2134974608642171803
827687660411770452
6989272119781120377
4515479501536335826
2056580605169180191
8048776544446685611
7720866198703330637
3132066518916935225
1478678979939213759
5417332659496585439
7182150710256835582
7131748002290532000
4906479096368711697
3322204149166012995
8659109999046711311
4864046769882845741
4078552278195302476
3934195113288197532
8394022272901447893
1804340458359104722
7369262809462197759
1300680927828043779
7022762564852127040
556154120505414900
1233010104647254805
713518206301689808
2181630903881333882
3921323819715464687
7937058237972547269
832851254249945769
1350280392350051966
185712585307759698
5711952499415352295
7214354013695886866
5480000197941571760
6270986880895284321
6234184992424952900
3412777858956815288
5786606678586186095
2437736003046840616
5191060319275235544
7871166139631156537
2206236380165780479
1507539472860367935
8412769945079426813
7913451801703991899
8536532839253653260
5811287247225248742
4232651949802718807
7270135719866612241
7645279984367188564
1687105311248101861
1236021223671783830
3863170063938473622
7253092655064440928
8697238868576854940
8907716166818932264
7880105175143785068
6532192665012314335
6062077103736209146
7324057001752269934
3678135429030874945
2918037835586240468
2586510844782098046
2541983288710599346
1982840593286214269
7131994551255059397
4418586630301109360
8741895667165449746
2543379124344751288
5274584203037237709
7575378693521350743
5674386559013704798
8518516296884899462
4464022330010899479
7559095103995411841
7368405493343846346
7726712611322162346
373273763541185353
3023263446881913131
2020794668495116473
8989677906886829443
7348837293601230650
2921385668901274092
8684660466536861111
1175003507299433433
4284175442498022956
3720949921145873169
3375167560255171300
6460264032141352727
2259360258316681267
8816105946729512352
3625016591965316835
2968008228369082645
2606534185308093924
3650277110480562522
1388662204802472518
638908678335308260
8534624515724322314
2977883181963705310
482458817742663126
8591811625585738665
3527527737006766371
7187613384452111558
5068305486704478446
1969119338747496053
2421898477028324430
3050901037537082776
8893534128555055497
4633181486207367111
1454370426762927985
8187727099400649640
1155415972023984688
3359640900940011240
6349009787808220527
8608864112461310954
7728343344014116335
6301334001019633161
4869717006896629488
3119440266137469155
1776311875621547820
5746755913738458034
3079959001610196305
7041946033852171793
5614134579066241283
2346498236187059457
4589713451660713783
7076432249824503859
118621473463695405
2943218961295202603
1435282946791709828
3799996865507337235
1484159712536661202
6393188831097818100
2804066121918435908
4285573945549348286
6460432312624430030
1216251356441754148
5101574511816205426
605494184224666216
4477014052324553608
4407453736904012791
1928653095480784206
137017253523225209
5430919633101039590
1015063709619400972
4372429687282160555
6820391884376048747
1332260866588526150
1630075666805251710
1965759703229533195
5709023580208066767
3534206322916928160
1859164929831636689
5472068735500800792
7138336556184101357
3171054371253204874
4904501412077063330
1838780302563527264
549562072311832936
5759372012102132659
7867296888590288985
2692743508614590248
6008391375969734495
3281760754038656312
8540652095478100691
4572487037669966553
6731385252500208984
1999977716741033956
3097570120839174067
5956269056384407844
2406346022840493986
2401583561405098452
302622563993090150
5787730614042484575
7223969757460797742
1134365274580973293
6486587868402595563
2665982433170400328
2250820029541869598
7199665587500399696
8847500443251542510
3438958019427148860
1935057602804765255
1039541619369331157
5058652800962845166
8297398373084636413
307447176379595411
2440585085205046858
685476178249244279
6271211507226179386
8314010304799470967
4824877024378711651
4353639644326213794
2791806982871378755
1477052532494367717
3734752014659377346
6030748822414381310
4229551946113121244
2311546320551307396
8693989765618931502
8254415369502578612
2489396404072027137
4361186952089333654
2217711664950370054
6322075342574217730
6755551519194873962
1099398957351438245
7687177413202185312
130144683621091240
193730995615304103
3603432711617027559
8064220483886490478
96841221733927805
1062862830610202009
3990876608876638174
3662164886130747683
2686095735654562405
1370332203600759071
1123723661492927336
2607950043965635934
3930741783528735062
5880457775093234227
8968098477646923020
3671653198060068245
73104074779075554
7275974348101255737
3682007081938911669
6843571227206740656
3027490559411587616
8960674481821510278
1170557661387900247
3438457818672219242
3490854486547561680
6927448360631143101
480116644245299516
1769467144492376081
4472709897637442510
970380920175943460
103074603413281891
1388853098309183029
3140209722789120109
3198904957335620316
1270178181479749562
5318725254889987157
6453619479793186257
2377123605260179063
9124412488554146540
2689356021269360062
5168980568227799147
8909245603910192237
6731482999883655335
8958570614727180814
5113388000400925881
4442094594222469926
2283386857043857524
7880305169372924321
4046219904203269570
4453810349642786729
2449071441146824368
4655765317491509895
1693684059408271256
1353641623965399418
585089716082722698
5759750234328028472
1895413026792052738
5326778907048123653
3316839257371307680
889115944137171486
2548286611550244344
1272368064842788579
1034399454344630807
4405443416694465915
7321165802489912773
2397133736057908006
9217244364684135712
5100359586448237745
3641088929233418733
3196246785592840672
6021883007190209271
169207462440800424
4973093503640100402
7171186937540717649
3539005330749545966
5342885325543711997
462666305865716668
9165913503021312993
1494726716274487155
1177193666796881602
8829622327239177904
2134211955053107595
5278229527263480437
7686767373105545122
8374122918325542340
1160090797294206793
4412129510256575660
9191723396265801687
5880891647208113259
8251709997068254615
2136667988503539252
7547477411626166920
6762006372200360706
2520946487387637178
5985066200970735855
4898687079351034896
9115077098623690068
7857741065896493221
2653191914201004129
8000430929723302996
845585128303426180
3809622125907624406
4861332561248508290
7246569510092821863
2946798974767362835
6910211353062754895
2715818638740335083
4313201529838320373
4986152432330957404
3409866474368872390
5584721915670110999
7076779886395063392
4179359529163913478
7580920082955983196
5499937086099948425
1327460645783982365
6182599004457456463
6556513221007550775
1677295439767338892
2709232884573618406
6237270000482590931
4110448675636083623
1629249299138413663
2680312806213596251
5851214594319527980
8134279281637183757
7139233318703636859
2820800046441701288
2302871695594617888
5456011135194717534
7524172002878827271
6367909952002870445
3440046358278645717
275515606567029201
7826411345837717950
9016161690271733044
2058401912243844369
1664406588395208930
8541534293520350959
5652288365328604395
4178139858988407600
1640540553650223378
1889041377576898909
7968420579623680170
3920270462239463926
1573403870822045253
5273180990616170222
437557955656142252
8741009698127154262
574868513331971007
5902907941836436007
2806550998992016645
5089050980248298858
6723900620074848581
743800757559700692
2232365074599962215
6391471917383560161
7051785256221907007
532287041118093515
3736895239846651802
5650887375891964047
1421818011422220855
1778656456589012618
665211628211227220
3147128350964796102
6515116953311047994
8713581647324206495
7097429285602798325
6766616928217212092
6805794765380718891
4878507084492665286
5494823702037537546
6784708680625478186
5906339282008188727
4399353395859433480
8995272089023486217
4324451949834528465
5569957974957904095
5351361190481887571
7127164132090354232
5945909131336882028
3112554542044649843
452566923841767208
740927939961172651
3823331507874908014
248858919873201233
7772556439998698383
61833474608521968
4454944614104706956
8558654284971964325
882995714695513143
1026294030103857038
4864079088188825250
2697561659749465955
6507379524140298846
4790187361595812305
6380875091803155070
5382175657930559053
7789991192667666799
7456736191009089619
5525550583545854396
6443698080829674599
7372751667192724660
4965344211768852768
2088369500947600033
8343597024771840637
8988779014671603098
6189981289746579944
1896482384525139368
1760281086683876847
1440870910729534746
6002605769537617326
4066898982031480284
3120835587940082528
6117957930921732788
5015610108957562494
7214296526861949410
7795977367875983781
817184357148471756
817847526856041342
9022173515697534087
7263222785271955483
3273400392977826716
4468101617649749916
8047611356177435332
5754796123087545263
1265081462797731387
7715079698912141704
592546458838555249
9157224218102237150
6445835258643421841
7483700947013629710
8948070898247054710
7331984931794807547
7420714907999141809
5089838076200268487
1101921829732148234
1279325783061123319
5219605709467611018
7431627946272479617
1487733586291391631
4338467636635268658
690846613220796472
3508451791167683824
5464354219090009858
3959949302573156876
8066986662151799616
1219834793783409245
965061738844850764
8796975865357697256
2720868194336417677
975278669365557572
5955685003048065138
4200012150318917969
8827549990304464593
8701204850789508171
2018746456086167322
4481948980068749658
5796352209920165316
310383577888439020
7659477718329549042
7532950354290482077
4389338716133600091
2240726703456466503
8472324873164111989
3102333039975211763
1525473932448834129
7954591726460838878
5736561452298350706
5848759321889062899
2108244627509697492
5115753687291948007
1144316359794796136
4572690764083480465
8822211447881207785
650467547291819319
4542866353189447074
4845704744931082175
5765792123796990599
9072773586402182652
4704407312011834068
5980882977560323955
4657504761782293659
7125125881085094747
8063069296181143333
1529420680635316950
5883715687910912022
4772468889674343071
4450578574097451124
1848759549402974352
8834287537861137891
8011120372344408579
7502716129961211852
1178599176349099635
4792189475074685609
6946253748220606629
4188286914928710616
8753186477599166734
6815511420429045729
7960298865740995683
1150794724423140293
7142732199348976003
6314335336644907485
1637282683848133094
7549518785312844670
8069839482415869235
8144549344177759459
4375671830520720680
6475286776085101000
556958948220773474
7594416816800776620
1156820116021433692
6741164568826974823
2700151319141395120
1920356750640845066
2926195098676456951
8350854686173629755
2168912667016602426
5756174556925525891
4233473471580119411
6487759092652185867
2413106085259737845
3744245242677588210
213465160623437067
1720247958679039452
3970532413742607618
4402213745547906455
6694762644710589784
2425335724821776946
534816260987592802
5664196076127964879
2346914471813084959
105811778535649640
3879472444812831625
3400983111760165667
5420262345900363937
4596015041744037122
7025798507766809602
5437705842947763194
593033772706169696
3039121388908660141
7451069655034173491
5450533004453062607
3244285424801912254
7404425880773883427
5796013327516830856
6733267827845386228
2063656073328240639
7635297338240388580
8366446343356883102
536755598766483056
7786720059545715500
3499339349852724980
604179746785010992
4392114970909684097
2797965214845494589
4109872249113037284
1402768076822303369
2637112801759827285
2537669344596848864
1703408182464528852
9083699740963259791
5611413201084483503
6373018055770721693
1004504168700281288
4920163917507339529
461161326251921839
3410467352757907269
9186708336413298362
4789114257675695452
7461406285421305981
8182400347071535039
3979892926689504821
2966858934135343035
4298406819124561076
3099515760143272352
5948244429214075409
1468754053255284920
636489048995356024
3282923030760257920
563868755096030031
8928659361166452697
9020289667378578632
2565092908967550545
4880853737085846554
7979161391919223520
6037687490172540061
3096409257593268948
9026851706037587722
4866948813012999564
5429474297343708555
5811031561750001225
1280833511222549947
2652639734223558746
2367251896630624364
1304270005142897391
711508226902542532
9098876528610836028
1045881853424579752
7966920979115407311
586700129368045857
6818351197130953714
7512591740363897725
6349576510470737074
4865404113851425274
6572112877195580942
1754194586506242960
4020371968479527581
6974940363673792818
9190149914534376369
6570885684763920627
2640366405831588146
5088026327520539898
9042186628871253341
5719092831845525854
5823236490865096441
7139070815670352255
5724610920598568648
8942666680284243012
6573861918444214001
7460320520508269292
73791781777793354
1807878617979225812
6616426148138125815
4988181902873350527
9010374799963763545
5437586821192620042
1576652011809646461
3582645466950014181
6577184502691319859
3540365718782483494
7746641054813980381
9216895437788223562
2698502219932472560
7656003003847173755
5191434315545827906
6451818306797413315
5584864354011636718
2482805235731507730
7361375750100587224
80293628913802996
8274156401077580027
5995192673605369896
3568586849341881377
4807984504436414998
3372623890995951120
915619194956131726
2446117078871269913
7417180036535898973
6011557261082630326
6805979198629687925
9214531254420361193
5156884750300019352
5419775963058961160
2796898672008806299
8332672098985552276
7273120604973486986
662036574756341352
7572915921625471167
2227319832174797520
2979871310194762436
7041455458886805002
1877265536827787863
2865836307981727412
8158288581358916435
59293681635158802
2216085290060139893
9050758648485050134
841399527778274206
4732881748469730005
1833190180089488043
7085135452697790453
2697386484165213290
3861273650686490429
4588731537318745137
5876092241660111198
5338617975310038121
5111632947829513164
1141019656412181302
8755084884703656733
4315446546493034786
4817868053426413460
1221569516365962150
2615874418028968179
1063409175180864474
7787848903177353453
6496003148195253828
3354849926208309707
7274970367274243761
6807030436736685954
2197621922986524808
3785192585517554401
3424381712164135266
3449078589323320801
8651884990074428001
3912309071313134976
3779354096519296422
1802122501286364834
6237254940830208389
633521051528694244
2019235399064132267
7780159843290666807
5002157667951939788
8414954597390917894
682227387187178332
2775599898929361678
7002147023495087236
2830524357351733112
6544208502963196472
66276892278022066
2434741755085108007
8579246610407622258
4557265697225924336
873225661897926777
2843438943794609185
6992180614240429633
8378168798064313312
8583794485227479013
5736261178194704696
4590370539035481842
4299793795393605550
8007007772697022557
