4360725786784765371
8978589866093129556
8710884151832430869
8557185346523309217
6614448371456091012
3246477370861422697
2506003221147432887
2270935349444046547
6832699132525827389
27829839799061065
8470290673056663557
7160869225457267682
8576580655137961191
4534761432602692988
6279952590711662542
1129366149924608374
6787993709153465697
9089484798661597616
6031764816501469394
7914083949694751485
5554721255679302831
1132562434826446969
5466012548499935847
1152547597460153037
6554438585846312267
9140907705012189393
1833657020257974209
2179399983384835458
9003479930476023394
6021828800768180665
7255345302201195422
3204733297805607414
6235567313450207489
7365961315040274248
2172665767823115381
8826979885914062632
2512932011249846876
3975692787430087691
975903749288050628
279076260558189328
8494014970792380408
5433285244924565961
1530003375601745840
3404341902080022067
4590800195436615176
8162744713205065880
5291592433455648357
8117259655551797816
8594715119635951420
4369018014188653307
493350085431192577
4290613591779256436
1168467513131135526
4597015718602382152
2748321775347529356
6439630268057711650
4597634090637726132
188057053962133309
4122382289683501457
2246309279696872764
9032533606664891857
5745967883200509525
755708186613135787
7228561833983230418
3421742153118496822
734991019122917841
2330184989136280862
5785263836462389062
2714572089877319295
1938122029168934247
4067708116536939936
4313096524701331852
5552303216642471080
9103637165801145134
7861014157260808344
6099940971768948346
2788201335475671485
5715904141061089211
645842326727930568
535578982298929823
5625246089086119618
7487781189242965652
2724778788255355755
5285769134758966792
1404192677908884587
1804227239520552897
1446564081188969068
131010912297484529
3161947383511276286
3307441769780485259
6642414311029886629
7664213823418047302
4835334219731093017
20207091311864881
3814984137371788577
4578324045011876285
3953801051279236098
3032263114776943915
8908946663377991044
8658700120789162456
6802654842148550345
7274251511854933180
8465508078705157295
8400042588883131249
2464587376245760349
3001753699522635397
6055238232408501443
1466808725120540392
5082393385430594886
8481077748665930838
1481408073556431869
8118642748861974008
2429172628298624412
2277639764174452730
7258780550045706902
3729184553309039630
901665351690620066
6083121554823541283
8770843456913249196
6386420337794585220
2085660708291915427
4631799552479198625
873070677810427895
3257765597392635696
3441547576033788642
425475861575554210
4274820188502722981
5359306958209974231
7198270482670088665
6372980914496289000
5965123433940426433
751178303594072886
5417992600877587428
4316026189365832248
7674775340995559586
691485843556962075
4577522612439503729
392507363383039360
4590594335524266359
4575134515123271738
7688459748463093013
7012006639033695851
8016100652590517283
2618967721512864858
4519945677518495609
4418962256433096886
2787366448743085317
7922546452471105265
6968493326581633800
7065351986490313862
4483301865488984540
163322217006721255
3971471470790312651
8570272295346978507
6099012823976460564
5210905764899969974
8802354776226018898
7930504509411890649
3057801458250732372
4098251392074692606
6242995397462485230
1668198375746440295
5744681565169837675
5341327170203286011
441824204106690800
7484594759613884909
933355167501860517
6091679294980146149
151131872150578004
1261407996523979833
5620391751092238587
1740802621364290554
6658421237665938
5928795326785380228
9089133010224257179
5109018640769809161
343267786057215404
7270765332943200619
4009986928877461878
2064573473248708315
6784776401965875518
944623585450923649
2113164502695835447
1275922410305942822
5032944619173002527
7985360221263576119
6186169861352131532
2668691919588505609
4966697925485446277
1325796326855800450
3014404719516281693
1288960712743270133
4405065843696694167
5526180363387444620
1746729555269752123
8145175878754623709
8132862050797558431
8926001725048329990
5826583454233232046
1182454662246920980
5195281646117319525
2165325012882197380
2453200246050670426
8752456306066872809
4526977103653347770
7450120653377770396
9015678152668205734
7056312675282581141
7624717210131008478
7395018919561489837
6799821796914354529
6234123100382875626
7307562120516652283
3837738270677860341
5406489510340071258
2117062403790206040
5410647067911753350
6240749319994518181
1107476528845162899
7322523787166808837
3965055608480986366
8009817994701965103
781943995707177659
1581228835033136634
2092843846876343343
211321275834277091
2989748487320186067
8730261469153162184
1418935271291441946
6091370024293653706
4081344382246093198
5589807529241601259
3900944753674398555
313862037454720224
2528674857023592073
4206533844951109778
8700511208582857317
1594473359624433343
2020899594853235088
8706491646204464131
129381901753097964
7361612202994017620
6081480127354854984
3741174653915694351
4606157245457975472
508815972560117569
1411996893165251547
8410979154800187393
2352849046473072564
3522898758781661983
9092299168527285164
636390558305640804
6365876801995569408
2832779749865460243
3105046048302488621
3159808336245846113
7773764196832790708
243135501347521822
4621798165308599377
4607471834869264308
3082164850503885881
3958669480091711797
6026981316800369756
5467154137707879606
2618214201388644272
2943313919071527601
1328811396786090051
8835048683342125359
4490139589446789754
6087873873810830351
4223351298312338990
5831423473799052461
8294702844148748589
1769607554765939706
1892407213755841030
276747558578539339
394777783329920635
269024595733534886
2508592607231682003
1071971348662702279
2124559794677819677
7819962900826684638
173682727416929511
8151363330483106562
8844971555613466334
8205660094354959825
3300616567354519708
4871333272102506488
3939476433404327168
9094590037959359268
9187223058466968719
346363877393534434
1216175541839250488
7798169505699108921
2069603236886605800
2240106966266307735
2107959845563756592
3980976450299982748
7946415286315849322
6023841660154788437
4398589395948023217
2244443866248263164
6684639883693279223
6794992240572462660
3854218642259302159
7631526216592007674
5129899489646134569
4664911809849131481
5975763108941673931
802508452474702530
1812064969828440185
5855186295398251197
2236130679699680
4928968055151594991
3921339094854107179
8675969896574021014
6782047089470983330
1193149245149792566
1144615063545806746
2535163746224689208
3689268085902525739
6651368789045163241
3732518223674872215
5169525727192704920
3139194452074402316
9121055351344702975
8816242952040753199
628568000762531937
3211420936194037764
672392845894905371
2761244893265444361
5533163268925518984
7327341916042010539
5140007910321786086
5911841190303230545
3028884765400357872
4860702493728812171
8393948532697440200
1019744746105735567
9107669583092924946
7221327681882506371
746472053596975955
7537200358825422802
2410901220320000156
61331903736713424
1862025512590403658
9075180602270631076
725315467557066212
3640507927099571265
4135832299025954559
7821999909061513753
589362173176858082
4444552444529202720
6561286065046195566
6544558379490896422
9040166761674329757
3375262899834688998
549600224459263410
3616172141357953936
1287011685471648310
5167675444542740925
1490986254130548342
5049072835341731392
3840478124191863481
5139195688981462327
6888609839714759525
5069441657355026029
6416280259611176098
8166528793922401531
3828093951797298401
1275869630976725963
21481146560795973
5307451988854978767
9028681095659385604
7779887017917342119
7535089511036736567
6998797040832216135
4839987251251497913
8065995701931782573
6902598785572689215
2308381689739193192
2346989117274570756
1365942204415215958
3396310791812604330
5360438463265903008
1886627110994325831
4757670668114168608
4213306717272366585
7252763946897529874
6574259379778256709
7430979235779699084
4369932828304797903
4079435132923852427
2579308130750565333
4449224303434230394
4754298397364372802
8751801558159871628
3227234554174699075
773515339511349826
847847860976704194
2984114667229228897
8733303952041653298
2203449097086031464
8000104944338503008
5335708642028515896
3518088817008524478
7309928208923105933
973334405241033628
5068866900230935426
508517028885214717
204595326819199015
4244727028425540
2063847176359872802
7370293724907197830
942776166266351008
7518668237359740814
5101252851487237124
1906427106534461233
7968328845410132075
1700564319476506705
5174524602223415755
6132301043397492965
3715337242356068618
4238009771376875248
8984637322364437103
1620754568001336764
3510254002850928346
4295482009321758260
4354939246144029991
1575843679075706879
7180036448028722169
1039546325681422093
5918466852723225864
6797651362865482897
2555444800575656670
2061134435437221278
4133078315788494319
3966257110479368268
3688975578582640328
21958368596910699
4841784274021063763
5558148674396074550
7672541996002430491
553015830123512984
4402067689543094391
6748711879097456067
3827199990388843663
4797702236252206102
2618563622276543657
3342464058296531178
5488302309939997741
31497458886618071
6705791775302245689
1215920790694147329
6391562644528658680
774631387961591395
7277997886074075564
5272358271810004250
2172835024889164276
2775376127942173141
3662437524196990768
5318814910157832800
1384739601467325529
7433276515086364623
4400949559046246159
5381237307773920552
5632468320914386619
8434583828716187598
5720114440531978567
4599268156753048450
8262587292219042647
4448990973970637468
6278239841855128994
8949556593792355385
463672465231394232
8390565697510757901
8579595150101466359
4728283198934844738
7692429144674822584
4778851850823991763
7837718748265673675
8712412772997583726
5228334880196496828
3870908335545223935
5819381974520169356
3847177084779243834
1574556779655450424
630201390041810682
7905412183774790711
3443405932471944178
7380632976128551269
318617555389150688
8729887499323310572
7090201155504047501
3753518840264111503
362457325532160315
449637334872820099
5682808006722344040
2941506850135127102
7353682994948827435
5506955110184121874
4310154314655909355
2747961673333836502
3236716389995089768
242977153009551266
5310437998695606408
5781616536771041775
4470295773933148671
6414606017247708971
3788606821394283923
3477480097550407759
5907311594453075317
342007849111219573
5325106037828496864
3695695579074677473
2229657167266930787
5676396304890495837
6684920837164642352
5818437325254498949
6509710865243389402
731015239404290140
1462740442061610402
7966130245309533818
15684628588714683
1706709010383314249
3151443165307083562
6536864181018828741
3606781575118561465
7319004899943234260
8483551864701290655
8593135688608064365
344602557576893294
5323773238230974354
8150962005309630148
6956568814130109750
1351553404442755320
4676398946331276629
6970865864092241119
5790335006072393821
3417850995232977305
38931841153065178
6649810293956723181
3255559994679035675
2333730959607038465
7233874515962523193
6177571243033355801
6127631102065237957
3582949461727462249
4770478496175236395
9067816608211788599
1463632330027961508
7954448003756806931
4431946840690319984
4581147866343877969
5450941207763816434
2884007545569351919
1842710410740055384
3897337157337841185
7897647998531895330
9000865055446386753
33015831819954584
1726599760032343642
2525462803119076734
7297611051392851817
8513570335314094652
5075405650173404815
993965273945701340
1067655131901873594
5074926937329195655
8112850373613160169
4192041319664227580
2853355215175154482
2108369774938360916
7488175948786673119
4716051291580046511
2421837551395598402
6410589995329621953
7811818485008763757
8171743595414726119
7169674850724257307
248607149537048213
1665771962748267980
6914670787577609876
7274794894462443612
583637291473628882
2949966846489913035
8451957926586879235
5205777058003849368
6978541075362149958
4226232099473329774
3420030844799504304
1277172278751409675
6269874584909310319
5199673101838771348
7880185350683063706
3425149145544492326
8406912343072041055
9150389817347487605
7416471582906533619
4223718979005406271
2359003786333902460
4268849837253220168
906201540079477780
7716391398841074892
6422742730417247815
3009691260122907829
2580368669720853832
1049194940233220108
2784102594638711620
4348214608706467232
7727761842365973609
7634193117561826579
3130774917099571835
503958866175163450
3017407403041022502
5146527454496474383
2438731060119061221
8531622576793376981
9022894738047671340
8428389220553816459
5260076900159759200
697088480956457999
5265198448950562933
5386621581360203642
455474934983679890
1252945224175896306
5251997977886171243
2875907598315423445
949357159646000918
8841275448334624845
1702147821919416447
947238690349490395
1204547353629061895
7001332464800715134
3670386237515383800
4829180728962978978
638934888105268338
3171168954327881941
869971100665591131
2081636933950457710
4558869537796674538
1115822524890741104
3431701800856585225
3788801642226572839
3997173933990883664
6283355738143029395
84385319362799124
7050529951854946719
3745002719106526720
8528800416433961975
8244329153331519980
3433423860513621941
5841971461922979287
7599974123194841549
1240876735971592764
737285287196391570
7765328806001257637
5853788548697095585
6177240702773582267
5926138181245304134
8810322435874748737
777713685390283422
3790517610981192551
2805241289562649408
4557989882266931212
8201817422607353884
4825617410447438097
4258385873244346443
1276894243710106519
284137707918231607
1232424351303153685
4195257492629846648
1582838880099622035
5314299656365509759
5295195751649266552
4918021186963350759
714854936652661447
180044721710680024
7831185341709856330
3638859388710801205
853599534187402954
3706509020636967962
6608458000654163063
2992796662294870500
5720148868089514751
2709689503087803370
7905872707206127653
6568022255352470626
5783077389747930658
7826031639742592879
7192196241293428025
149149486464240854
3504791558997059602
6621088683412384823
6263311955694977494
6877284625867344904
7545451541157360507
6403679596539547924
61596354564608258
8345588222582021363
4315689100633623141
8169923383515818568
6154167724087583164
1910465462453182459
4071809440458366008
5604041479246441100
6232979446799869545
134727605869431207
112013910437378650
3375214357638875806
3142927662507723709
6153562954828400677
3023712068119546096
1673650469574789398
7024957399516614942
3531563344578249569
9034093578789443822
5883475763099526260
5643982591104654267
6256372618687468075
7075342000426658832
653972135467474751
7071648611605570808
6389967661630617807
6114619013710159354
6253263195360719077
7602341128488732549
8477223352820574107
5406430940440790020
8151068563884503459
8530123869202639946
5614382600922952918
3200851989517727351
7937257712699713749
1454749831513031223
8583010084137414194
4582885392727877815
1142700956131896784
6132415611367993438
1827088884937198239
3527237981227244038
4171517744672762345
5290754000310010525
3616737867803770568
4841498337353676828
1645462140524619545
4301319072060851315
8152132213694487245
6179200299689677944
7372323765837207834
7347250920447709596
2989002785338542385
9197814107257088649
1401713160153983184
7411587188613913183
2973456169923354820
1712888285180761989
1079311803154378088
4010499301785965089
5546028250445763075
9200473685388789189
4781052970896475467
8654311697371914152
6959615715499794359
8249122064801041337
2564316920719267136
1965080510723964299
773142200871820925
2030655701278600610
6194318900042657774
1800763140070854243
3383331054241817902
5614905717707936536
6440310277685982391
1178461572781279696
2899093545484414506
4498124386519069601
5863368904101789853
7051240620059896962
5788274958008707713
1175719063863753091
6280366990617190342
8897625462164093084
3820747883607623163
3954704890541500128
4351994777988681451
7389679511077205179
1257099944185777183
3174280752717854436
7789560807586331284
7960843247470585174
1628009907572725668
5271699049652189713
6917185100756421672
4131432361650116011
3709456133940204287
1341480955444515133
4721113729899595942
4440403878050353695
1718557987860747100
9132961938506006085
9065734455212986383
7405355706601138556
7502625702550846988
47232245770447476
1926984655609430592
110044630701775320
2928478423392653467
3516878417324952700
7129599192381947055
6499950133304338120
1093940072870965783
1644599611755971893
9054609993821270912
4482750932384528514
1656905167955268345
505377842313752494
4810324276022101914
3188322306561455619
4211821185727114432
7420687732405322590
953595969660531845
1961506975147218831
6874279397939714858
4971825286896549304
5539423369535482883
2680299616655910998
192624779390026992
1670453503416541214
2624654406447233043
5478565992370977819
767119808553462865
9212186331280663844
3022764319140140651
1233489192330730018
3944398074410518680
4165609038831729715
3371542680705412042
1441841142560230266
4894910027620099895
1381517169356593818
7603601794352787728
3096012181709494139
3669180491392309089
4447828574799587825
4129269369791596004
6971295558136361442
4845433193333144475
560077717534840214
3268698085829701129
2329621102069682300
3554528804017925783
7678490823284374876
1660604042702299760
853379080693679565
44147797195906632
1574321616389329787
452564423146138238
3586357404795553839
5594462691727672835
8038556807869309611
860215086809862771
7386040435719175887
1970423004777519204
1520307780098931497
1668300713363133888
583772899853259848
1738978164332173779
7383818625636204123
5210521623017635003
5394171918200591403
811313747440402083
7167032898076933872
3687815183119992511
3880526483740569719
5396341129526267534
4580893235797129435
1422721991874810997
8841114733921960290
1651699477014826613
2818802494999159814
4676509808394552650
4624962167285006571
8122539625695894244
7903217713295361465
5639367524331253838
1575930214837865729
5141967197718842179
3743118318468383213
2612413787535990732
7459613870421707735
8644494256806361866
7410677278054000476
8560693467514278908
5568421753058964487
9204674882354890101
5257839582464787102
419325956595872801
1599309101569430740
6468173519725421731
1450705067159756558
3018960396532606718
1858010377746156772
3810107667483173039
4928215140649473143
9150962639944911217
3801802088100727763
8068975633463407017
7073624595211242142
7323574771798547561
742789158045568793
4724189742924893290
489791113687689576
465396990588033299
5780734334739872585
184092872943483348
4591310094701275369
5809238903819323849
2915169996686504784
86621450042498804
2756125970151765902
7666341813960633899
7981398276153207181
5803004205947727502
4626573105663414507
6986586525468786033
911765832564754949
4930144821874118503
7388654076241554811
2274474992821354044
1799942239035024697
93063117993208775
5823821495735231301
8403193351060726128
1406281686152815359
7001938547175230315
3477634135457554779
7319234775532375573
4511608654678097060
2929587289634672828
175021746711356721
7188735434013337064
3313022473318589479
6093126845031965856
3365833988472511040
2602583626205357602
5198597202603658897
3293151396676997115
5664493240560326714
8252055295478084249
2590945942030680180
7892517245446569754
5500884901301204863
705408099603258222
4431824488194034174
1025593890898958520
7128628961320825059
4318776740296252696
3299051676264661452
3127053114880554565
3905936283543890384
3104263732384051272
7642826364562146828
1344087104273341215
698749710923504264
7120963700355013538
7908100368884033133
2207615363382942611
8368270879997893246
3371152339644316091
1020785683876635597
5200792043546070585
6010826025442005080
161758721133873362
5362831606272218858
5097324481155208887
5738559414250480860
5347679071435091971
5625522625807237073
2317059398800072504
9163408701528816811
7891900928354720769
1686931831820836565
918352666485164036
1770178169225122782
1866335733196552861
8576249255147478613
109967052401032326
5878552461852820325
1176663746349883972
56414518057354782
1781049017515781467
8142999729681793906
2609640631686051632
4867278852739841336
5101040521648324874
3740855004554098708
4322226212635082630
1399823986810741172
2458404224557809168
