2893215543084463088
4186778791147650936
8820667785040905570
8048139683957463939
3723681063288040145
6154932907636106177
5076710385925505692
924089227931574330
3576649997311955447
7795033025799214831
974822288015501726
4373716322140273590
8208583251964284434
6093590317502227344
3758847660329540947
4730291561053252637
1234627047448105903
6939395303366231840
4934855022869072850
4101928613436771104
2594594009147987427
2353725670844923168
2803792108432655353
5931320732436269636
3282495883802991497
2678816392638691087
562703573450080804
5045174007501828797
2054503536267977311
1150287533234842923
9112117318552523427
404755867261669426
6379577162808208841
2295092266886296426
941841191589984315
5559352838835064987
2250516221122396537
5799198033559289696
6035331994677610005
914414846897671397
4017262916220523602
8583584387891917078
1858148225349240768
7093092847603549415
18412090876766291
704732767735288337
7570878453110517385
8493745840760783072
8609358021359127398
8090573745442170014
2989793489943401993
721117749762096988
8884229690273858941
3694346006647250505
606162365804004422
4903954646794058609
8436991454020985229
5041685615263117915
6569149631964060989
1096802204566114362
6154116620518584440
3678233144252627262
2424687821394742178
4295581602015456379
553689925519169780
4339758153691945481
6678630876405340217
4970187682556896667
1427573619338917875
5486791734950186898
6825302319237324617
1408789545488543507
694933260560757063
1450242653845050975
5793006384206617000
5740165620199587733
8490293460718208440
5547351152115093014
3621193204294602974
7058758073662328129
3594372662154085406
3181437320593059023
5355026761968356038
2145484169207518589
1226257326808402210
1166904861198501784
177169038419179521
521274194333028283
3171045999227795190
4218878821318729057
7923674801407432360
81051937489765820
183091195647845356
8021104803947339335
896774776697562070
5571190783578205081
3239393251197422310
2054395028374535893
5086983076998425708
5072015733908926505
2948123460296122367
6374014428207582275
1832046158145404780
4267788041973828913
7049226153999534815
6303801055274056152
1009999380851085311
554758877372585406
6893650439335675023
6384364330351035830
6589667320956509180
4078640814713891072
7350148754165686048
2454807843314220723
1758370554180556644
6660111770542546003
1055235917832567239
2712934981415419290
4127347415123570541
1415705278777908377
3306885206887489573
1165301665832136276
3175301593620829811
8776423858559414477
2968684625696583723
5788963626165446627
4802538655513956611
2288031301965182687
4365542214526182976
8911861124846072934
3344570263014637906
7554332435689382901
7399684746209893506
8584151878681006417
3299346772956549286
987449588585597970
4009943737376903764
7243558460887074020
4959506157488489880
3924530414183144728
3924052385678863401
1027242305784332948
8280398502518811974
2992441881672934958
2828350035788327630
7569509081899930419
5714200820432255542
8326468701157184529
7535643601952533603
3151143697265755513
6236355560634802427
7901016048885898751
2498590537481063508
6685679099451409593
6510354689129454458
3279399478839167207
2017319017144593249
4550658845803522216
1398908768550726661
6409851346152091791
3030603976535887243
3382304886656267609
6170269875939946189
1125937262867696129
5462441459560970104
285493513531991827
775047957850817314
2596708115253737141
5316024938687380870
7997483938568329190
967493450926359130
7570333524653861196
441095601807075334
9074201898872005597
8708659918196339992
4621631179388047926
8739237037744765748
2178383703396629613
5744775622229459824
8766810673162274099
8756319133075759964
7537707713779860776
715836640510622540
3009795252871506983
1446828854711437188
4972155789295171665
841364667874859312
3456826355683783105
6646866896479344424
3956662779527016828
5536337072587530464
7453116384043139860
8583724350191301225
6170691101186823790
7617758779035063162
608668658170445551
1515920283168414913
3139494015910961661
7972041375730996932
6373150313064342698
1181832881856140194
3861579549345953234
393357591520757885
886092400136824109
3032166639127820667
1691572356377563088
4209292607110124635
4762735120648297923
8034079822361065461
3204318696856382443
1780490525640629134
762279720432222515
4077014397223573216
2832622654321783744
6431332843150233469
2845425306573159213
2278356584081848635
2613259682668902207
2057513331856148125
5810833053970616189
1282898182127017373
3243779884041484492
6254613623435401278
147455404573173775
7769172023858328830
8682563781675003631
2750360557661895792
5606349874863510253
7038755364221871206
397049558649541034
4081756996713711443
6816230463566724419
4982200461010085293
1640028679515026247
9068730860369933709
7640018153102714197
8280483654254085068
4064861950345878290
7757147721479261837
8021711486152613230
8179877311079492023
8169873290365354103
5149070141195175917
3126778933809621783
1661837743895393018
1320536671392828535
1121169442043435752
2890787241879188716
7747508683704555769
2647213230595992814
8836239065373716565
5948344526388444895
2826596735096507535
6390197399828698597
8830551037615130904
4259482894659998140
2415268604809994340
305800491667423078
4410985444347456348
3436968723716485903
2693267710611279702
2275107708168582349
2383890723741894244
3155387120443085229
5764865907873566368
613613808225423697
861776335031860069
1859207004802872898
3338932443126516174
901708069116254544
2600785564333747833
4388134265928971039
3344835337174309084
6302108041178956834
6655358928996997692
1214398552021204855
8399731100535116290
2015700767594468954
8143360586028695521
8625391110833511844
8424406850706390150
3749908788811741429
7343467805890646271
8870736464250078980
349392236264558402
5897468279784040634
5022428644836748131
3481818445692556843
6027721933982434850
3032285353532879657
4097344370355053403
1084735696192271328
7158330689256553283
60088495621988417
816479125773998890
2250864823927751797
6803114135123500980
7579613022059310159
7775527885307031986
249793546862190342
2580887368392654195
7342305065614077856
967269041686236532
8897496817622540148
3691407709330837155
237539124773657648
4579551967302649205
5666187904147873041
9120623573236895480
4326462237351261368
1490879189449306340
9165988571736698606
8378547227099740332
8348267761538346048
6658814316534292299
1137257384885852521
4923742000358697062
2995851279991588840
4223636343520104780
1001668444600207722
1420465303610504742
3103153753562964380
767612349090949542
8110812870445153398
4912254287607013591
5252414864310789403
7582120268935737796
7077493764011410160
6502664165079312139
2114278481386800074
8716388198187442330
8735639054094293594
3616956171885163327
2558510335941857449
3273755003245137019
4925718775160179957
4987452639176333801
1014832312867268663
5290245747545227530
6224410380326491775
6381013814842782259
6315863352408167359
4198689793841613420
4208836812463110427
1021454505210927729
8504283660963637351
5546022055923009992
7564904954438632140
857635429233331255
8971146975405477749
2586143491722837854
4775831145006551093
6621675071940884271
2058263433878280744
7941829082684018304
485580978253554978
9221007714325529143
5512407094700350706
3667632601079975724
8105605904119859031
3367600689485598072
2397271424883373313
5532163670956486235
458459798439590062
5077549520330317700
3593697495188195104
1231175491531891101
6725837959828053646
6969525117792559916
7553491445611812450
6792274091337546304
8806669231772903571
2220235391877162481
7602523705418096008
5247635014197058025
5847791486350475158
5251366544073045154
49883058711746553
451002095491771127
5048530882622355440
7656085223651623805
2513939177155949210
3695703624746691381
1124968495229838281
5647269055763791556
787197073178926499
831202655929499221
2315171673522342101
4281847019904349251
886611140175162916
1596915485918017428
2187822964989588794
7550469468247508246
5147245634470703677
2082265273340521583
1906625573708768121
7447946332688661468
3686232605795088056
7259071266388891773
1548254048519515266
3151783026971304634
8107013362763173498
7485536094666536453
7861642082155808675
3816259542148179835
4469006987088464290
8843351082058680505
7892645945778962148
6437497246811201645
2875668600456384543
7523704356760646953
1059962835667766761
8309655416912066783
2731160165760948282
7016453160305121436
5690006959903728986
5268562899256376565
7961171490123107024
7428650479906213564
7099664836346147416
548345231370279889
3442731754582249359
2865893238879479792
1914649308762651243
4414263193894494780
3483533461160592826
2235579220932455737
8855754060258020303
6866796042093200479
2926367021977286163
3562887713135636815
2832239667195555244
8120449909021673931
7486159364424267474
6264459563980901143
8384685635111496139
1796352376221780826
5546493862002866595
7983797595075446635
7760531631166490871
4203653338072528465
1932838380356546803
6348493723639358511
7480040386588062568
6281233402735770754
4721188335426549341
7900214036076569363
4054235758805378
4843884180760419444
8182399753144446138
5967411677335086908
6503080508181793941
2413176510468599665
2030878423135855906
7789229303929238316
2802334763544547660
8751321222392941386
5841756804914345272
475395254537244504
8471517783064106663
2245026735178010733
5489853933710526507
2879114762643308222
7063906956885063913
4636170636362801541
7701154630546110936
8915639143296613973
5798363446333066515
761784153846778952
7979060565426230984
3820970175516407329
58277489513234164
2277955556402545374
5981757923867964325
6709850582030806817
8630183165916526858
5198173837249279260
8134286657711617891
297040048707843670
304342764423817385
950979805832288922
1550495080661157382
5355849053354641671
3257911316259011819
6803472432679901043
7029646869013369887
9001542856015084952
6599397865932502646
1349413623037877091
6500521599315603746
3879031764710901219
8931773748074589087
2184834750174518198
761852858231712904
5002116751688759312
4886041015333362969
3234443003723718034
8156899576194066224
3073097031642245739
285611018132340242
3207878534345519715
6512309384476893810
8722732171204087240
4692808606336747086
2289684723510463145
5093105983414168211
6706291950519597122
5483209484185850526
974920159740885222
2522393072838320876
5676967106933798078
4793179504358757478
6873340032204193062
2208675762346517386
4826440144966785603
2490443638089718055
6130268963292818415
2701793743665885778
1977829976359161765
6609653175705422131
8556713515358910587
1798063438148387818
3243590891699303136
3636266693376701923
6845464518573288665
2229918462647363888
5715464562035740728
1894801549634663526
7899528392601760564
164439945787104565
5478535593529556
5867023199498388571
8520899427616658068
6941304045145696600
7351698476862517789
5689855580783300095
8515061828881390183
1026853328287675933
2581845306017467143
7397845649368867741
8351389402263860145
5669076901728025146
1942510194040084231
8305630266479535425
1625663050496502617
3427754969596384062
8857347947455045262
3965328518270841346
2424015008431923653
8856542504605853610
3178416453551799790
2525942623725223303
6976298198606221231
5891751937889341732
7522467160398878581
1074850033377359181
634681215274584514
7058256316710882421
2567252787583531693
1340673129605691462
3737178226313990109
7479644016175042837
2308122315835100095
5225196024911614895
1690845465603009895
2342675124729644151
1420132852802549486
7405787050728828277
743598816833501970
2168375539406957052
8895031942518002865
1131323266411420748
1304824203527572932
5394619729376444303
4290157600034634899
6836455575335168129
6352224149746287352
2790762646610819351
8926052441195984504
2235606698839886753
549316478938137059
153619799791232710
7500334862702857643
212174802154517674
8268669039500252000
7042758465237338625
1182304299738295845
3343525385531781449
4559317305380673326
664844572598444928
5201780750663410756
8534303731491535001
802010956743049581
3232820012092952369
5764060607669909895
8246027427582096759
3355700778077041357
7936793499369107616
3397037340664822090
5688716423069688060
7046054659298467787
7634297033292744011
3257510288129324369
2447670220452458124
6327176180366784231
6536995259742107309
780636095004592382
6166970546329600107
9112497566307830893
4584748387362463563
9062971996824732602
9013926810833267675
3155971251107822144
2234352163913512143
7239952580339741689
7775339791153568867
2780497801407549450
1996276793226429455
3654627946249135133
4531233271032518618
4435123235086083676
4616483089562872202
4478066499603954578
3820770539170943757
2491854411518007125
2333158057955181313
6160192047315051848
1313051054977229923
2839306649098478146
2801427785903408688
2220355790281844534
6950128484882967221
1561050259903774310
3930304262935678876
7442445432385202110
7586667207224463546
1608747331674432985
4966294802028065319
3998453362449864530
7610752654340099942
9020930226714350072
7911366309382544231
3889472247592101629
9042790312459942841
5382495228477417459
8255567386554772486
8516938552315767405
41525893562805819
5208003837387616428
7109514769422285922
7142975906315295968
469414186368537418
5753263650357643777
6003591639907365382
1784312981061956474
3081689609251042971
9215542240672008295
8637062545707193549
1508314822941023487
492060309348582354
6009517680169592606
4888009385708353673
5790565786969221525
810534903084226849
7229508580252706709
4896247063356793427
6244047839036818039
8236381893859106023
5584858717961395383
649262117228627838
7981814207810544435
7812761191908061553
5888012202211460747
607041866521869043
3853829008465294357
8913109714005454328
4125061780251219765
1418189824530728644
5877796532577007797
314912305764661760
119516562769237315
3007131594163042837
8615834220655972276
6790625780624079585
6607313987782859775
2707476584351893949
566546202568500603
1387453785604431034
8871444280496788009
1400217624369956795
883283622475849805
8654907806714615774
8266569697544649200
725514269789459410
3964005948915277642
6036939238107274982
6133528130081380300
3114565958447151332
3564585398650358646
2418670416580301093
7653486827350583830
7763570818790762549
8497557805555491244
6802280964333059125
4886634695570091137
3984060949165323831
3334803061478418171
9212583024277023510
5535328026464302606
3628398534367185606
590909867121919700
5809651712220205642
4840960649585771215
5213652718923613776
2487597257729132209
4018772126120257726
4641032680084322590
3647528686837504126
8799829150140440413
6026990753387479603
2458862079073026101
6602254734940976088
5619139486832216333
7022647595167654147
9216015489597213231
6540523925592170206
3446583701913764283
1872742473961952081
3967636429376683936
2703250779158995389
5394808626618983941
3444079880233828227
5037109372374777482
7047565390691967344
7777885235675709194
7244656977169491198
6752396044876361039
7980740899377439447
6032115029380718029
7091951852651731671
5159143288159297124
4061130926803328238
8966510154011828954
7830913912893311093
7301835950400308184
7237461713891035254
682916301196333245
1410530930854894410
434053434846083998
4255200302913315426
1903356502529777041
3125390084496171300
7873851846323747804
6665180626264544464
653591744963566103
3668120618452399466
6409055013524767332
3816455956459927662
5707290881044492830
2276761356641372652
4061704928529136431
7859768312167331549
556549041299995145
5896350781855494468
4259060557023335495
3583743518725244859
7171704204383804695
8032720728224646555
8268345901989630578
181340842808888415
59464802206986545
8535538491203215843
571104531664332069
3982926492196337029
9109017499730630951
4815385073036692302
3466920508050300468
3257178174436822275
3440067471213253599
7147387552326672456
5334039346203080315
460208041082449406
7144024252226368802
5192832107823788018
6971563207755387091
3394743617578877078
1752114398654015677
4359387241187769759
804779315014803023
6846105603803440955
5711588996537392761
3424658831070598953
2358436928145817988
174706146378994091
5254889793832170923
667085751323871752
7592929472903718751
3158429554306043321
459662809835727940
5075816875372266145
8065492650821487316
6293915134782047918
773108603957550116
1521398818761944469
9006517215409350232
7269568766492879192
4091082321355263490
8533531358718657983
328063093274477521
8908419420402148068
1912945728424500042
5614011945145287810
9089418005746430829
3337309972519208972
1208439985521547261
753217979546373884
2286576926481142060
3406153576137131751
4190034690028606577
3710990307823842670
6797951172592625090
8855347851582157122
2478595774324237015
5456773037633648425
5139202306394125510
9033811530462369356
2479212955005182113
8805365342525895954
4318629917418843673
6889294838709985792
7205711721284056196
1113052774587084715
799864874425919285
6487538783975885901
3862621854183777282
123505643202195493
5622245583561155929
5772602462316721338
9158905588296368570
6402333313812634779
9045815730243854524
588957640348659871
585021655654895441
7952143559917312125
5196185216757299038
9061971925006834769
4192959178674281725
3246662874259351114
5782956828845746424
2277922254086687461
5917541580420441134
1364518148236601714
3556143370232715288
1670485920981572811
3044407041670421426
6024471509552637604
2859388032750510488
7881536068019192757
3767730954771007712
4008901034834803380
510350748505704238
4166496306141028422
4924327467258443068
7617049355473405096
8840104223158958079
5212996401090505929
6669788735809438272
8457328318281189597
1297763098895903300
5739591501818935601
1868808582957417037
9161903248538388458
6302330231295111757
7907830994330327856
270132001240841101
6596442731255840543
3349378289568712668
8927961744700532064
1701757488816302540
4125471432178901466
3245706550653781133
6544484458450052777
5799146939383668418
8239331060505073084
1806255541572960821
2075959800281741857
1636371237892248179
6440987394191356031
2301876543110534488
900593570443419913
1643641220621732627
4004020182513693535
1205329513961783444
234179843068055999
8098301535255429045
1282416396731613620
6853055892703823414
6589198781873060528
3417893754147452641
4095150699716829323
1373139550599218340
3655785774872477036
5052292609831160485
9023469925405345514
5306369470087501572
113206108356030488
4180097809797869218
799960763923080497
5705600235983765594
2576016373360669517
4640419582795829659
7689861071780701685
7848291779113757590
4377110157162223469
4354182176675641464
3786723783974221301
4145880512956428401
6873374417926723799
8198183921436695284
7672113742560731929
8389793655101151867
2643446117067132919
8246772154308138443
2843345869819217222
3465265466360126258
753527957022972749
7005260084507573104
3204778284672461216
6184843362814007351
759782552908182029
7524503379297571139
6420569110548037078
5744475173659371757
4368265912250554594
2742131112864988025
3069857915193757856
2924813384471026923
6722524741585373231
4408514080596311213
637631974067205558
1571520192946187664
8858613721206532402
5574980892388807795
3745894810132102428
8827593504775330216
1954885912901912469
6831452246848360818
1011470786453300808
6005601029558845879
8323751574092833185
5627026636993839071
6899251037787935526
8819195966728299111
5665538618692247307
1348664511746899169
250097613034527723
6538400719174781526
9193457479505697629
7483307729358445042
7188221274509384874
3445717219482711778
7589901326326030505
1885798602623511773
880919299946603140
4943942864560190672
2710830261769849116
8831120173909318441
7331606638400875714
8434210662990648295
2442319764183090727
3573025756886741394
8642134918980676346
6012367911768496197
8884662318882474931
5266036741764040387
6243710886493275352
5132400373090095767
2455536750052861633
3567358144083451594
5555038453355580652
7591734692840343710
1559591003806584823
252817983862884956
5842276411194964854
5859534770931952195
5291962745077542342
1038811564691193408
920310444525980206
6532711303276206936
8336736304831013971
4772497182067342407
5223726169049456161
6814187826566406102
3290064735002525322
8917426408463318189
677614469881789776
7909258735342817063
1589558938660454851
8728346890581759000
1773681133306496721
