1769024677760421727
1312022961395975925
244480517835729623
3531799630949535104
3083283886049864867
7884732865900296056
1213592239284768042
8442973245866887557
7317805131068722839
9198285428066959849
2692157259094020937
3571033934212822708
4777727476545368335
5073259032394848705
5503633133087558269
8947714431865537921
5072887996230095564
1366021132687068231
8237855958772636593
3221263160887544421
75595203481778973
4287369283298756551
2460890392974423133
7706071589308955094
462428844228018696
251689942574496103
981061451571355835
6307236727739415907
6338507484314630439
1031167924198862099
8102373742750097757
2436547397780680356
2325193665800186530
2823788152139957552
3363666504766947376
5688986061921831349
7178671327625252953
2984568590716727423
6452869570102277815
1582690058392515023
7467740557568613788
5601546490418443632
8206259454688860112
6415829590632449089
6051509614728342082
624762572460912246
4230428793964883417
2341580708919014366
3260815607963370841
7539666866125966751
1951969012428398081
4295069831764190237
3030823521181360202
3087690779291798584
3938592057953728947
1194207544061710786
5685476621986830105
8566763898090512420
3718827191181689992
3801376779265050795
2428220270213161550
1471653142432178455
8617611377200900522
7562842543362252248
6879928764801608270
9055675979735051353
8162642146683163005
4588970575587351623
4279661470613857327
1278923275026324998
5401632614993830948
5653575848690345057
839228655785734079
7921963926744190803
8678475884603863883
1868664429802139683
8495838105532768397
8365117553457775331
8452686048920379265
3833846505669818064
7288485580138841306
4787702961083001621
4670351269792616015
3093015605899989242
7364233986489045563
3958101794244208875
1121782916620805272
1193325926406146519
2164647564211910507
8554774595915941360
4891239190689225230
9031946929036553073
2393968854831348218
5738992289142343967
7024764846314497649
403888064883121355
5341181233724336997
3171572127417642926
2250429742649453050
5321386998283929006
6244643175658834801
1101154578008823611
674225002117336464
7004922264245938030
2080975290060834027
2748442696893266316
684212384661872232
5016541819090221111
3933136383099434912
8284164601291689185
5313249971903102047
1710334990804579668
768135356540753567
194597301295547750
3325032307569991288
3384131546489388296
947820913490630246
8208964304364628886
3835334878539644234
4385634953686710316
8122144565993810921
4488455079263278719
3345330741154318081
2848710426119178671
6863582117138279874
2686365713369553770
7224789352443335494
2269855687250366213
2697218233851082523
7521075799959366268
1829269996397307743
5292648165881575023
7992659953064652534
1124058836526820153
8244203984855944773
1483805890621881146
7033379521811039014
5224905002002713218
195506102176287502
8713175863339781043
7557704712810565249
5657990298627847792
6122448017462909232
267329016597083819
9141466501790731210
1137760025068673773
8167005122540897544
3829825489068900456
253160778499978092
7158513310722129556
5972681049974311861
8895958518673204505
975910500602652513
8578012650742460046
433550471720648097
4244136701270634479
5880506146448870237
3338644888612042667
6904141509726594740
7586724750268158352
2457950202444284622
2530959481052067035
905178860071796086
1388188422982333692
4076674004101152599
4647602830536267343
4983742368524174752
8934257452221658486
5997757868695930958
4531548016370305883
2402979751269851665
2813740711117271322
7590416597586130194
1493720752563871922
2358416903692945952
6015967427321451128
5010424453366098172
3366917685895430400
4175263814631983625
3036659926099110927
7072386509763296962
3242024421848931582
537425331250918144
2637765393034422049
5447102601851802540
5616360267364408631
5876890935704604420
4421381799687526008
3507135296568843893
9125831544812302772
8626585762706530559
4921353545009673985
1363329368562826413
887920305998859252
6483927098006741601
2595346886081563678
1230646753526748822
6849221423685049699
7624774639184797247
8146520703413280490
8922357487913045363
2431955384204816191
2165061346546925856
2559864816302464712
8667524567338931567
8009643753361646182
4577233294384360644
7869545096409691637
2932894062393875761
894581812802332187
7828529167595276550
7121819209981127573
3442426887449052696
7298984855409901503
3033368087320629989
7483969224610387065
9170300719890546095
444056291579779916
5869981629348831693
1388564590939911254
5129519246296255854
3109103270971529108
4727674145538522553
3844255088897686697
2510930439424617954
2565358072539230203
7849547485134317600
2687011020531217048
7385798896431732141
7303724163810357933
7264494039379185821
1820366315665577137
3470423894524332286
7993912702612920599
6357488476138002403
8334084918606329562
6310664952786752822
2463977952805234101
6724355916193740468
5304387993997801551
8723699229759861998
1679412495358191061
7258854283660341846
8235264248017916570
3546280351411892053
161252573256472474
1910801139884572257
8490296884627999059
8202241868909281594
3620807989432170150
1934577788068263320
2471050823220074524
4637362672959949126
8575220861806725359
8396394048208565466
3041129750490102476
8051855446322751841
6466026850228646062
3935872926908808540
8743938812186223369
8986756117987992064
1934593676317735482
9169720667362359664
3038497311301550233
2295929318717101473
582627040376730522
281773168500042037
9208619380683792161
2687536350088326153
6311442555984748776
6179154158959248049
1634032238045753624
4349944402320569908
8923313735797506103
4014239555624080238
6679796199996159928
4520293013831705845
7117286333354393304
1173985569885297318
2065984651746338071
945916558096174497
3293442626616459152
7324500452691502431
3951613346837623145
8731368811921422878
3466015186985909011
3852589230027633722
1317774762543026568
3445963019543482400
6343054287481347354
4972405444869409899
5039344682747605508
6123106057702263723
6052600594687393943
8752611142349415476
3653088038162271239
3460963602955510163
7335285271328954807
8818978412091517897
3270146459792417911
9065997044561647022
7808946231363138061
1998484268062309070
7232120429217602193
7364850010053627467
1095105601408186360
8914885263711967534
8968784338513018798
325525671339710958
8741730315587176703
7368240323739126185
8128672358997087505
7493478537693862938
5704532380049083176
7686612770989885144
4563596392866969968
3410347561973444610
186417999476323823
5034122216780100819
3912456524372386322
9042009251627469770
6647950108091710519
5055334524570884168
5227690871088827961
6526341994981492014
2276141627991313874
3514753723537261027
4121023652179621168
222333401843661711
8387070149037829608
755556996855954755
2526005608278438238
3431213601568490397
4656671976295265175
6210372911811841413
6527964513040588032
3791323327052199442
493242534151008587
4393812948430319310
4724056089230512720
5977968715598112957
165930388257944635
7066153971692571532
4571634161014150821
7946012273873666998
7764729255403381014
9152301609446132310
7976163346746063699
8893742660657016887
6346667040056861621
4828507177485300344
2944856861916992027
4909583468182297696
816169481723415945
2921941245690370951
4895776671019414894
9011953232129836894
4332744750601759858
1068137992374116875
2972792708314730805
4771083221939889833
4405023841124900673
1003784054297226325
174591473773877679
6770726683606737361
7164213990927136582
784125203713082434
1699356681020810595
8463539718636135125
8748213559596914158
2112549593940352670
4576994028324772925
4904829612452728940
1598109435705387906
1432414503891599960
394606823166574161
8261564653966395392
7697318595950098864
4846485368265727114
1706818453834040600
5663676799263036616
3453061912173091368
1382346471918659695
6406372260338617986
1538911316163762690
6182599581152268497
3875293943923484416
112403054893834681
8145326365332315881
8433484038391737656
2806319711150976217
3822569415612030557
5011520541744331481
3698982801457236847
8921671930485174781
6950252491364089039
548327534885943925
1441074056277225228
4163100915119094325
1875650687417859837
2655446187436826683
6099652395973699462
6389433706481054658
6253926310370394482
4250044413002936275
9207945704471792443
5473608855530973433
2272614040258321058
6622428428959960478
6607800562022721243
3581803550011637968
2807283017660672991
7852717344532663633
4267383242294470393
5410044478355594896
5320758565796715460
985869292040373318
7322750385872185573
1019538644684416664
1019461229511075237
7645998338573975083
3182914880415384338
4539448683540817924
5030908680280731121
8175310838750339186
7946347162704703391
6835653581606229407
5440385847103814099
7766739007221501829
2548892319140950799
8976251363637015361
8666568154305698598
7990158000564374761
1917682005530638495
1722209938953020465
7148584228068985863
6306466308186587757
8060912030054406390
3510575025595288244
5565324031641518723
5657721296961966684
5909581107086256723
1772489163813900348
1618307420354883245
7261362124791093273
3212827297532013503
2814279794474015639
5044525788954785426
8461900703024297101
7805398391087441693
3312260439638323314
5519754602948896090
800016723328599927
6728029890980218169
298291169231757165
4498955965780753896
7822463811315462791
411962462912561431
6349817769038868261
4772332495935945692
7058420053342501876
1784686310381495445
2911987591758198131
7604246136394383981
7364879937326878866
3276059443457860399
6594448531333957014
5572746505485699076
8617091159174447808
4947268906804374956
3734410108351638701
5102952468675285216
4166619217137166715
2681437235296319232
5426993811677162152
1693901703737558119
4377898128067196142
7151545452013855547
7375222505139222609
3214410683850683325
5656967629127499386
3504198309500235022
1156864237608859930
3474447145515756206
6689474022692848545
2219218101103481862
4944601306479563577
7956039012196223251
6367539695184331100
4120232863497432924
1383039136261093857
4640228426469554207
3640287213663342966
3024894051590657733
930874615183675093
2488655878726205552
5833240190127432319
5207721207795708301
7650162264418190768
2606667501490321938
8372725862112529432
3402005210168782927
5584577715970374209
2825521048514002407
7999725900397453351
2203522730148305298
5532610126529840927
1457998593942862515
7042547654687926922
1461030115015845353
4166655092227123298
8067436257331700385
6974009092808434974
4895377261478282158
4538289873054469922
793150829779955456
1618515148906637138
5739033720724130802
6779342543901356107
1874300538135493605
7495863577824856976
8155691540326481133
5032215315846729392
8366587697560007347
2445569292459967601
5636469749661914092
8436285338156387324
6666614249187685114
6046538909400878742
9059133752746795365
357057335215504555
7360858341939695125
8194470712484157972
78560057555364730
6050287687874712712
4818399825749153467
3204704924426758452
6799414795451386088
1747600669902881360
5763796665171930051
8255963490847877371
3234088836076133351
8040328921937644649
2858089964698688685
8953104581322100134
1785030701488337658
6148002848607675410
6062655068431688412
2432461901409244274
2253788758575504072
8394545086541017884
5911588072117531022
8852673921666285219
7474862527259376724
7177088067035843868
2111385277108501117
5243668290993975647
3460036912258295603
2824850361575439587
4484346647658186856
8693734632440645426
7173470939558704411
6688757473643546901
2032948494946535534
7054016984257703922
8173456402648900023
6454916735323707217
7728826585895283123
3290737143869237788
3917522455395009939
7516997103770731008
624419090512370312
8305748687917492674
7378029266964066261
3770913567219040913
5846251146115478667
9139709252858365016
4715366351365674835
6278827716515645139
2443803760220251311
7960569250337818862
5050879005417917310
6305076775487372336
6653010067456882460
3124665795013730190
555060427651750835
6994755542711515138
9180498592042752289
4131089360499341093
2023148979551464423
6309660772582437987
9145501727719905622
8736462210130955590
5935274908997168787
8244170602804693848
7552527514330035941
3198604141701524536
2446521344585684587
7149787494963194343
5823144226444398350
7166113653833830492
1951801325833055305
2303356615384782277
7741062506007296166
8284103122429611544
4376135653238643023
5796894646215064006
7979397589572263140
7839987474436563957
4035803844887929065
4025042165100543691
7477096834480184177
3385416918276032968
7191560954882880999
8608903634124832192
5160587065906518563
4546547552226334862
1414797496112912127
2112391152761427914
4706657049136724837
3826050342286136596
5174003756889799348
6071009435067623734
678023136860620100
4310877994604060258
3924067390100158481
4037432642610960366
2997536449172149924
9183145954318171445
2249471588249484219
2815444303055939144
1530566836602135571
3224482650889226908
5752144673511245668
1488888532009540772
7342291538611856764
1205759397972739778
5649728389502059310
377389351853041130
3109318869513268964
4523144833160768147
2603834186548306693
5213827584663969699
67848884710829815
7561562619041500348
2134327145700230947
3180799494097902929
8900155061460213748
5996153313585017793
7244452071800479696
4889776149727772145
1674622946139293388
2331581026294952846
670733556373144225
5794642621092105734
4643162079882030536
4722667089609808929
3490880328592160771
1254297376061682926
6906117465104844618
3200093834185633265
2860546386431269020
404319545598672634
8491796333137806322
3165961276847767169
8730347732926021473
7500359580722287642
2126520163843560523
8421905633796267494
9165938912086844447
9003916599639477476
1819657643065926787
1707954630298135382
1594716297265213880
1465250934706275277
1445723140240136177
7532849585396719480
428304991141991415
5638149516307361692
6312837511316707512
971205930147736053
6077532276709048553
8476464991824860926
2854269618689630557
1949028534263672514
7082031356598267090
8101229747964288457
3475158021639660394
885089490024941273
5656220561832989333
1192393954917399007
8383772631173462227
4977563023755284112
8767781255194780355
4376240806821530857
6704096247752728431
4362311239341896673
3843177992584788608
7754922054886480656
6250399582801817
1956006099391382258
5568131816681223670
2952780384024072154
5094060560506576550
2614768244868565716
1017215706359052003
7239069003814567501
7966853114611855266
8249738806077809474
6980691310303924221
5842462257445568612
5591550315656122271
8313766728534785039
6341933681623838916
1702750889321702026
5705625546913335260
679099984791796622
3351240059839419512
4923162288336593171
3582415151014769206
5239123090250333176
2563560973739512581
1966157900722054181
4260081353128953560
4505346870458749168
4635351601868244161
1890292807812152677
8420435735225568086
8987411045044032615
1944422515615005064
3260672889031740102
3990027849322372327
7458698209305499462
5059837368931061562
4054541997631861658
5609205825609280654
5901949899498974441
9194149933724186609
8568707609339435422
5363736447543833740
6696805342012519229
7637923107175616773
6431074797426256102
1544417593307901907
1104485433823222626
4362125319313454217
2171241061781324467
3761326487632951593
7351892002365405911
1276974108675329566
7418874468610939366
7293316970075178011
4352170708919357098
4600600714813621122
7334023798569135478
1410025016108838022
1409588419383109954
3438783035812384598
1891804582921910559
5920511807082216090
7310679626083907489
6801090166904979197
8364369564768067403
7263545282709964094
7978873315081596874
1321056686535161898
1388246765004040277
3388824817627959715
5019615359778272587
6738419050199228405
6595909630778041993
2503464231664567559
7254270332026589281
4133096193781928376
3112890625535665605
2358963547811529359
7357069064884308290
1179333614812529208
5017263441265576620
3899654687261195313
2951719346506734437
177592521526097066
7476997542337296481
9177079545593221470
2210981906372354977
1925900870585642791
7932037187577393085
2387304345962991076
4035175251628887038
2155940480157555282
8376799113758552851
3003073108898382839
7490660805499902236
4149382476674685588
3353701303159231333
8539350612415573285
8269047205517534311
1848783018311722352
1334451257816812269
576242669864437929
7554534555186544366
3307093970552844535
2431108601973583235
1587704088742253377
4986707728769969016
6595873314814179411
8225080760968645220
5749273138932982267
7250355209953969658
5369766270973684308
135907574899074992
1191753200387037119
4550068381678800425
3609824748377462207
1880261895631049180
1749850947476744602
3752671777501020872
7558261712062600876
8906849911469465231
367057699201952298
4138267886986814107
5465829988729874263
514385946331115329
8341473769576788171
6355644363697310938
5499283514160341104
8863427118199287978
3083235276477323914
5220488548080030225
747970399677722392
7304292001155982300
5335780801000057541
7049704720197417059
7319910080720187218
637109923235145651
4851184333220503234
113300621902117659
5095138986782113935
770450681459701352
701968592993263695
6499367251653427914
424853583152464383
3028235337146563693
4604290019702708022
3088397043317604413
5806732567256457334
3459045224107092004
3271240760124127103
7525663641473669728
7175191499663931054
3727258562528815597
601736031072761384
2605056333476723785
647998353367615311
4317803853191140561
5283946607541878122
1050446020034276802
5059243583081993510
3026111250871825359
2408746178816688456
8532347416994701840
3304111371853130751
5064278730041566899
5138144182050414020
6388156541093775876
3448963100184988322
5455841684328616348
8007554683937910104
263749153792995615
3144952772209108392
5485018655887234820
222344776825520008
6405771266821128872
7447886822333872529
1937048669662071658
4990892965473108430
4829133025137269134
5239885244534083785
6010167891284396647
923467011680858106
7679339288514993435
2630854993205868387
1492228008029313185
8545335178932249536
5371011130979801673
4559402488161330286
34173569774443262
331448155366230881
8454029692522977715
2647675968063061485
5366410842950535272
1620387927828074984
8172672236122633848
7678639572313770318
6491778519432825916
293600417756330326
7021077424341967454
59911402618694349
8963412072847763989
937166663458448281
9050137043859543867
8712385059812811113
5902559626411755458
6276407906011449307
8865852107931090378
2820089026125968997
9022291133303663579
1331513539716411986
5927865733120219017
3204243666035048848
3658476781864885695
7742239361906668597
4204424470921455324
4214658060017959873
2349246488206549683
5539353256003680657
8809579200298006518
5706430905925850725
1039627467842542644
1450905994936990059
5381315404654521116
4459394047720127129
2584676427812673856
8300123711701216755
1861040945615617211
7365703243075053665
4583190080745530547
5613279835864799696
2067740151118965247
554629577325917289
8718571199680988732
7780639371043174940
9182259093096158492
6714847557722894292
6981570038610890188
626652947442334345
7655494445320860122
3921518273703721924
2032981304349683903
1708201145436002231
6783192140138825698
5408906508753333099
6470531388272656671
3571867889836901110
2312900177216935374
6101767578728454692
6318772386495726600
7443219650304388234
1611653528498080812
5375631520234515204
4999939152156142236
4360789753326252882
4854194729865312718
900135502739092555
4830323586600336444
8146835615627102005
9200936658746492178
6777535711748972858
803516181660483309
3787441179291810345
4291327503363076339
3807030735715312224
1328625195997628419
980975150192460093
3493145344920446277
6045701016129400987
2517201926654735352
9147324028761420690
1885748052022853296
5366095293639122998
4017769466358666287
5302276701638442209
7170464390509938399
2740131303104464692
7267488497702034265
2192948065805431471
4618902083248714900
4727317838808918386
5594209734683824928
2920526579412520633
341590513462467364
458781273114633626
7375298133470498382
4880654874557188196
4065496874751445327
3936880059945736345
8048752135457879516
7366427688584738642
9158687459086426628
2061446456710456317
534240283323261690
6462073604500355861
541642695312261895
9114417034173817592
2675964028633347262
888112229199594254
3470193354665915408
7311666581609725385
8457921017480274718
6901813349556484158
