1302993857560913282
7934348739016927787
5684035090498119761
685350505555066280
5947654146596051493
1533542882874746609
7283733910251954441
1189943892757595167
5998796479412869186
1268549446109844298
5906695295986812557
7002304819080239704
849713284259012949
8365625748235659829
3058776307761417113
4263141901977887560
4960189738960519198
432715807379674298
7640433056072200799
1663179237131247162
3582309824454600041
5995298388412591598
6470536444869547398
7407615508314421324
4012016646118476795
2399862179775383762
8380600066336706279
2860004811011669275
3089606557018615614
482490125537373273
1149680982431247979
2750733320237311264
4978572030437938656
2446934330029354028
8844092845835301057
4647378857906534333
42772186500921715
6115576150070395935
939840446285878100
5630241782756358964
7851442889971143334
2256564574385863681
8689554721194873497
8005444853605271093
2473726869429328644
8879914454319656480
3580788241552619975
5087155874564988259
7119072688462100359
8020074064020714016
8603870277343262896
1019567492532830866
129320550557139053
5830246038318486877
3242108480153481383
8340691482864775016
3832673098271614346
1346331181957900760
3761558764890082307
4419917187073406854
2395535044178611335
4797075989101923861
902820640002396374
8797727417272473988
2637613587525737557
5631355391212891568
5250468583616130157
1390802684567698171
5695779165192129237
342292870936037639
784916754892043598
5869142724472840085
7262700269196976486
518389563337818339
2646587430890341557
8006895971076486845
2179999556463799156
7368341179436725965
894979198155536579
7376736581740987574
3724963686579853512
6577688178983013082
188850172067848586
4522106601920865863
8785295931857537055
9064122238952088168
5397930107444367269
6722928466788024672
3361600847626733028
510484361773585228
4149548590792613145
3329101375416349553
704837429263469628
489023130313240858
3608327887620003233
2406080286938079361
5467510550546858978
8387024371964328106
4355977637813979383
2900398627346894850
4630054750811312101
3245860031417196500
1806678134684044270
3819826777859749131
8425345343122773302
2209183642991956832
7291826402798919743
1233962817862441690
6884159684159954271
3021438428777073364
7845191655967665869
5395559319148932750
3510530434151115819
6881869163902243173
599205371595069257
8836793499921486134
8647895280494872150
2125157950069552882
5543203128152113071
3811404693349536527
8678327661571398132
5309862056118059900
1752352734875725997
965805259099719569
282634636276443572
4460109207280753389
4229918113573109915
4358516591761329771
6345654271790309972
2853853992201116504
8839171618220824768
4280571925783992166
8078740049779613277
2263058071025404500
5377710734227045001
2384462742013101766
1344340549670156855
8772022983046794524
5679751785444403985
4068488985492994303
3754622233735782361
2389998874824518301
9065608518367962475
7082992336269230193
8314029543239851397
8019364517047531162
587784705754813027
4675426710174709423
6577791759766580905
1587302818841926265
4881018738597491380
2305857043491215841
8617737091748436667
5564170427804157981
911354722712000779
600500511551461011
5881832607527812863
3040400870820657193
4071994566257300824
1318926675648716323
3520706656769196656
2652339133617824267
500251171147996888
1194616574238330587
2218083001882597385
3098544106151456099
9173240271195135470
847421828560870704
3160543680621899893
5328465093415675876
6765894996308436099
5008830786197028069
9661447744113656
1502121181774562533
8447493700726503719
5095915203950351836
3372150215511232423
923173746686006360
6829605654234422945
6531490151228281295
3545535172720314822
2811967821331676540
8354804979106380850
5310070376210537418
87166269587023020
436037033210883187
4254377949589539846
4942022577618972309
8531700002755163104
7894179339546414259
4486516051546359778
3208790003596584340
9216760114777662931
1699657777179577041
6366911954505224525
2248337869334465040
7692834924964976895
1492539343488737282
68574702999060119
7301973055213317470
1967249606877581945
4548000782668813683
1220503777675656686
7083273588093312487
6816143891155289098
5537074398206873537
2755426927566603118
437475360867450947
4538973283672007277
3448104658753096089
6246208522670597212
9169018933520344431
981700382894541581
1776377753943760613
7025835528798148618
3315930358323386264
5359270390200806790
6217178782670419089
6362767502742903381
7235253420521128897
1514055322664440670
7905913951540536613
5216187166390776127
2019278868805369177
7145285770555778948
4673800864444364592
8698960859062863266
600027175377659049
3890776487075649054
4468230231981799078
677337335207912866
7960302266912024919
6947735810049940564
4034291402415747594
4611659176843622729
8064793447349877686
2228710870003301426
7487141446452769376
5665732727862442674
5317589499845380576
3278420008522174543
3919817929440513863
6290008251336175068
8890938394553594594
4698458661891508697
8051798103848802279
4425017200622176870
7229163799154497330
3485361464523642428
5060345348175295147
6312723268073558675
1814208220597129812
1344566536761738950
4065693058164640128
3375293457519639438
6864941775718576359
8538185248532045514
4315972522923866346
8395134558271325830
2896000932313017726
4868362352622682513
8886422633880495909
4248670049915679414
6599204270609847032
7586096783348149240
7757723934117509381
5588127808616440174
563403024157136257
6103593464664239733
2315212163249068905
5638197578277491818
8573985844403579541
4250576684945959103
2729822578957055347
2515316437291163131
223324572412877784
8240383118834964864
8631639183388742506
8542088011261909649
4832266203659265826
7827694450329612102
5159519212965310884
4620704577485648922
9049827791314750138
8718928152529329935
2578907863374534730
6118128419917545459
4983642522988531225
8105199887759586714
6071462099091288469
9054911858227016054
6894344551521151992
238356150895506126
7424440252040799833
6271038797041503994
5293449798040968562
7536365832873639476
1248829300167376722
6475778438124856346
7753303589826353247
9160939958288247024
106457440633992245
5069415192899961020
4365453871350292849
4423621639830464524
2722166615495838924
1247676268792057932
8454774184737533967
5947702924941529469
7361559441069535171
3114351221019198225
890516651740839295
92566015634552864
474812531964137130
4076668145460252545
2265069243546298799
1779118965013576048
1267751169703314073
5757177854881546091
188928658943905665
7760355642106496637
2112617953790978864
3503121583799850747
2423965825615933106
5663839505199756255
775011414097403645
3235591271398580563
5208246726762539849
325070332015239580
367892058600629233
8807067580258472270
6355847553973938450
2951879676443937873
4595729638824011702
6119974811970210249
6241320640306669616
5940190208479063
5866556645077232014
770585771440377246
3832654341261339309
6279933584342394088
82956892777740329
8687836067322936973
6884512217961336318
5592817450948196417
6763612954898109105
9009272768307629876
3622274399252759202
2560199532556069997
7712507872593003652
327048530058293203
3367022684606969901
4851364648347027866
7089646943612139102
112920659034518484
1155412091897330825
1194369684151393911
4952717243750973
2961385604770296137
8711147461739169645
2306752126940912320
7820718404311369263
7953441655866331528
1247931291024888245
2133552882416689468
5330944439081443288
5899961030071059630
3270127793651488017
1255349930407720490
8912832997551255803
4045759615915029871
732405844024844076
7905292011206782714
2977578172520437713
8962592188299847533
1364730428177453561
1976284213113875664
3250365724676159933
8252608406630610616
8336895529504704118
4798813237914141111
6960111111496177073
2054199491381312555
6797371195249218840
8962973284735251040
1352066683162078050
5855032145418247077
2010688219447360386
8808494420261468799
8250285062684713355
6219626275867035747
848976339097817147
2461758132836020608
2898931704027923814
2298758310715920995
8619688861705956212
2807226560071402770
7347335598033281348
2055511066171658130
5663766645577882955
4141733678741598854
9070530930022322186
3115822843068486670
5475949037221219539
3927809855079424420
4752145309304018681
4110734788745739689
374555911832021094
582354225305516670
2087880159382390204
5985022694599494910
1976856117693278241
1282997318949677715
5798743975275057883
2058725857968633015
2610219310046381778
2350357018918080068
5922174510252361848
3819828980661710243
4237377473638347489
2575382564605295467
5866999306197975733
916585260563654876
4987072142860191347
2737512404070117967
3458958583185183899
6793908759334824866
8196133292590044328
8983931911357202456
6677378536597604541
5213059081565577887
250392500992903210
7959719332069760288
6216012826112262689
4378360139121603824
1603824322995377546
2928922271861632180
3590019697521660744
4964724361970599955
576740563759866585
1826873577015987372
6428187191217674726
1279685190445234849
8564251098869762435
2839865156293264417
5104049792747444384
4091226973922594809
1410852091421168309
8991507478521294905
6792384249846692377
2599037866932666549
6570783160790499905
8555343155117295644
2077704135271226823
2481377269641733371
2194736027430788162
167011627562143183
8892566414574524675
5635884908425353418
443688776006130941
6210867028499674983
6418051556894328309
5620797239990737693
2285628544989790943
1071297532601341945
7757170179132329023
8825681190748290202
6481562397469898423
441962896183399830
6684809853352049334
3472986687742440621
219844310986779791
6272109855622524870
7137730440353806540
1389274321844871885
1231597861656111415
160731893258585929
8375142552748185346
8594056259941937520
784738966681062515
8986083543345496761
1817893602387113815
4843479783219291988
3144256318255117777
2486730998996404999
4238235265976253033
1310596455018469826
4312221211208622593
8010965448196011087
3579446587618669609
8742682301042590441
7262265618365172524
589951820713706687
7716209542806577409
2253628493300753063
4573080292756395912
9120771529124769389
6206884157268781007
2184578932475552001
4859866770889555983
7472812992285911275
6811306941562530898
1706730939476822139
8631280251528673654
2292358781560797603
8785268428416031614
3743894829381197451
4977424207778822276
4245332668701751268
4428198634097746205
9015577509637503218
7685751025312461126
3886368847954285400
2422166961454725950
6415762321373221883
5108752719888641676
3957002099193668782
3307025274484230215
3660799630664900364
3596733683286331940
1843206114899862837
8027890767305640005
4033625348486422816
5692455342048117091
1471068182549254385
2382712369255146103
7228347650666142385
603360267905386465
8427497583881232818
8744701404020630191
8998756213836493106
3919112631134597927
5116451372884000563
6265860823768047800
8257517498305451014
4385149028427920577
7666991781160125949
2718504519868687653
3340036518040200824
8752781588566650569
5118112662957422382
1736776550791599636
4580163152801886630
8772359641129863122
5372553536454795334
7345920560117886475
4553604144706547753
7042507066701760099
1592510980557620848
5570294272372022684
1851811468519308866
4326070010517064456
209692498367060139
8971712400176951182
3055544725755403511
4250069295953185237
2575712587431960109
2801074270139432534
1981086841006449991
712536512713615224
7750909931913587300
2394760626591779448
2400485867945653058
2567453625342530023
9208516889686191409
164123457752111546
3979224149654184452
5127025857561377019
3478780358329274545
1939653147905308356
98266114588042999
8161646082053533221
5978942955603470321
2114778623985372642
5554473479753329864
4578694855537363950
4099646485509803633
5366544057116780760
6374130273364345483
2831950516888113032
5583901489192824519
343005368657491639
6042114032769670844
2980675819277468994
2859361211786252900
5484208972263585803
1936046625411818713
8120189458326820273
8864175498769365148
2361615396093183425
1564135406539775623
8938908844412522526
553638739559049995
5486546344274814663
6884515351870538068
3426797315301110597
8035333471565501458
1776185171683252851
6485678444598725076
8974549562562431675
601687703260067683
5339142053546280377
4076807961025751199
8647442726664572248
7146907219313842443
5089974196687395007
2910804705649314777
7422968669531123531
4952297342468821595
5689975280706598824
6551907150632298294
6718239918036428739
5366197224136085918
4340295457739572721
1272900785535335496
5463260509881030351
8153061664071180616
2276140710080233166
4542545737123573001
635614015711867017
2764528110633643223
5618975840317487110
2752277737716115404
5287238269018812401
3799738491986644199
3268425667564452857
8752826180743386264
3695230483489118525
7150710480309922423
7664906129020941309
7412568225558172297
6973402250888772932
1887637604659777599
1463980156422842791
1457351178468262730
1819676176030171334
1730421416562261518
3283233864847937447
8081677759318754552
1655161023654222478
5717062123680842045
876070739388245739
4336839818603014328
4088531802415951586
6847981994095240011
8845132457492660814
8607819955276796677
7590663041416215059
3621295002563317242
1442466897453973353
2032438541426655218
1502963239205163452
7993437946969584790
8379601479466761086
2823894949206389524
9173272179843412914
5594073222415157048
8343471525223738128
2371634175694908916
5984352695975386130
7840934257765847263
2827230863560174374
7367604508694712563
828927337283874285
2195307521055717907
6223316897726102915
7318848891101330668
4694293354894532330
4193392813953104265
3710047200073799144
6921690978450979528
4693124653697395687
2071749999935998715
168830225502953203
1237961577735244549
8811602008260615907
5818241908157257178
4712726609971468018
1397915996922082958
2150063021087940367
892945475169839433
3228941656195858227
871404093604101241
8165022251063294066
121825260275228398
2177976517105214294
3952108520161269649
5783689544548486527
9187907489029394860
2539207190985928654
1220909075318451903
3381752875664471490
4078127675735659849
7973312672049662736
3366555736131224597
4278186108190387904
5497556504633776575
6887060994862731112
6788059958601533452
7498746188598294494
8685156422903285186
3368887762122429881
9083458823535683902
1457197595257661057
8637416872957231316
3092324933028963863
9116411453459157539
9008414889932915925
4849684354412574046
4735600406545676450
7409846475381409875
4166697668238597449
2785924206751823417
9118699979814907115
7662150009080116416
8163844874605189120
2362317490792059991
1461684775406154478
1276237075041601326
7601757408073710628
8292721255323411482
367340813261588354
6405805712913402703
2023561110572762891
8695941110860052787
4875174246414632907
5889108828620763350
1936332894358355695
7504598083548848062
1919364362437869180
634999636819468436
5918519544701796990
4903797983286884330
1217413105218009090
1553196111800882272
2743079474926271857
5139482537190907447
687097113967390905
2814370068061545381
7681049203673127671
8744620468495302923
5819673630410444831
9069272595365151100
4817327237412597476
8991867294033574315
2728489604212153047
1982847388992025035
5143896555580654246
3621596736480629716
2968374771772596
6234762852162639731
7684713766327013109
8804103483728593677
350496212245533980
6493320312561823238
2197899506131097085
4731559137097044042
7367749737593896379
6544092309467468874
704961509912130685
653019602158004766
8922320170908011866
4179947099170130620
5401142871715627496
1079294452331053909
4661946386971007511
9035136218455293732
5774335150069949719
7225419426374220179
397650663417990469
7401500731507111594
4402661934358149386
7958410877041012082
7422681226626270937
7658728770123401602
4867274620098722032
4736373308089573722
9058253777869233702
4570727177758283875
3753556277125311107
6479545389553384809
3469454332573479179
300741801193322233
3164355688293959833
8608924771998467486
1492602465333932537
8953657112683007245
737925457238760897
7920720541220318216
3088435041445273824
8617095650694767633
3747965900251923384
4032770716497215127
6097584064489402683
3746541308069836506
3341953314386810112
4363262644739755542
5957584234095614163
5591502372851730443
7221735728589029508
2303018045084963506
5571037501531681535
1769667236500319423
7468219101946694193
5411651974623335209
5185026075883060682
4344461842126589462
1001395068328257151
8933149811096734260
8887495558835782635
578406071107224332
932808372340714114
5066483949918748298
7873539590524025500
2174251911659050583
9119136436473893907
2997092263028183403
2395390022270616738
7291567456783455098
5535304527601089334
8818884820645520712
8618346509355769466
8886224630695408948
7211081858720115656
1319876756332707737
6572460001109963520
6983593783843304271
4569600048419844181
2932611210638946042
7791899753822736236
4820353138944801711
9126372611562228939
5386337377157979816
7226498754121674758
2994787801969438497
6291262355021302112
7035683857324329101
662482188039328467
8124425724664136465
1703587922849349208
9161317259977124613
8090439535172897274
781074558400410234
2326976984591344425
6425415491651526789
2421303646611137187
7432368123830753218
8832893488275504407
8498512784977877813
1166282699991202893
5034110414815599546
1849216898401078372
1660376583882139503
785546652960225581
7572169167811988969
304103460438537464
8041021167452764141
9172084479859811575
7298417192860715615
3280613162173557663
2962510479636684593
3016096919434228778
3185134956983976
878948618217045329
4031509330481613064
8948773297830375825
8382547276587832389
2529505667638444773
3089847912326830698
3060631484626405064
8375389442293099883
4848403191092098508
7508901459825165248
6189815511876507857
5902545077703416634
957029388835215124
1739282853058865345
3561732760736558453
4440588004236198740
7161381390595273880
929419211633403070
7467613779759984726
5913299853119476608
5568918232612487350
6126507064570395437
4684913198543219759
9172561661398838547
9100595235864947598
1399407685991565427
3550394204702053730
2102596464540207496
4038101852798127128
3214521879086401747
8882656530551188682
1379246326451242527
1634105588620926310
2135328331255325062
3631278313358884445
939398182230829041
8991182331638892390
1896298698675142550
4198377240496650609
3734983890207134063
5725562021577035965
8222231551056149654
8363416042784633945
9217283746249196038
1394919099901733946
1926133616664163579
6799836609462222538
7648687736198230296
3281927362294443268
4377327639150061402
6964738392472899977
107472887271003898
1061170706689767989
2226719206630710949
738961178259662428
512277072378724301
8700385970911349541
8065475573380352189
7697963148023569787
3707536141000272152
3811557506440231266
2770714408908477525
4527243764996355073
8568530138410666751
1360878554458110353
2062518096779615970
9097194806215007795
1544065313984895426
8035473680894665171
6759364110072789775
1853153492309652018
8035477590322714223
7692674840709952143
1196819395884503518
1779003064459414369
3355792414845265557
1047356530690492733
66650956863768224
1089995589068538706
727995803525692952
6927631168659458591
1336309261919851893
2842335771376375961
4001484566764292512
7517895162077638637
8894558901038356236
5282705938625418343
2373866791078028528
6990733447870279375
8913675975986049472
678846206622693501
6851216055448617429
3431603626160171238
6654158086801521910
448873790333521601
5544999201712184195
8803473168508297515
3649964451305849821
77456111209137536
3694619282883259479
2415278759469845814
3386705592908222463
7039513280505955986
7461088096934056573
5673307863072136917
2875532475646981359
4227626123645332295
8134992285887619357
8921612841018222920
3606318590824961974
5361745416119569008
6639015555773917898
1115436717088628584
1146658555954141052
3459804452017485379
3824730777053807939
7798331427811164445
2762621025598577830
4588904505857645771
6100330834723130011
162758651640509731
7417063392914757382
1815160576527658225
8232223472464835425
3237591210139481719
5900583949246590385
4416516982173372546
8259055970655373318
1015838322922076558
8953824091235788678
4924381363886882751
2378029032708948740
5990928096320095694
1050474136402700438
5692195349872312726
5724150585512450054
8350866961456783958
