1001517492768736432
7108825537045435798
1965512434212154017
3767583216768623583
2282897101123982159
5282190811357332575
3361221004324138110
6048616750786796040
5345111455747906130
7560654471212059868
4956521705741606059
381675999515767219
2383774819308900895
6752079032625662895
5216677458857958776
5351584653101394147
6784584883168401994
5277932349466834889
4061236546019033258
8776706055939083268
6244578598852847595
2097497735102127568
144822793228519340
1687567901885889761
2307069500819772500
4740135246848576434
4731598131629335640
5390023849508038221
6434827261223510567
8457832961849649803
4194680069833547008
5675310534460690169
5379003833430179705
7228876986099199466
3542403782430352704
6728317095993695924
8838305662789348986
7414665698834097214
2270879944344430244
2475045687543527387
5982232623746408484
8026419837178398376
3515087375082368358
3156898920633630393
481058876499833669
4344297705548585427
5483976631692929831
958038086169288820
2168668799719374676
1202268755087598207
2145223305209988526
7706421977989210512
491616442018672602
4199467508432043018
5457715068352089293
8837432507496675285
2548150394540800443
6549654691649558178
6248995174443199751
9073519114257333523
2798340260141905162
2839104355546077103
7801016174187264773
2339236092678570454
365044292351960829
5463539445234019064
4059527867097184248
31698591488199451
5849869391543872742
1556854295501077394
3244420959363558983
836204830108653217
7535125578549840808
6500872388493612998
2374246180784556720
8621611043332282847
802236360025192920
7672938947881616821
1319848762636936833
2013828115366072816
8357702877224439883
1278955359262487759
2563136112591924680
4108236958219778373
218590633519734644
8479743221207310981
3801181918048841994
8541602681656276837
4151042108203622538
2109143092308794965
5953519096173300472
1333901626390570294
5898053384756760672
4434758992730853743
3614967666517799257
4628955775904254067
5452226038233319163
6198275477962101494
6448430478489990840
1504356187263223861
4968249213269133267
519527610295239086
7181091886595789123
427582045141478361
504087109347917162
4783167878457695509
91638616215687231
8083380324030240929
6641711544920631557
6527495396537854780
2763012737301469527
819765531363831301
6929973117519826582
7716955230157855305
1430150351880373457
6616968899734829565
5543686583880582550
8142684959060442823
2753891304957395073
6649574343164399477
5308618045332435747
7877935219334250761
5093664604710062525
8525147438300161433
5195828531260534467
6972692359006573102
3760022410297711582
2761285541859655097
7309387257019786210
4137481171061054288
2508477493692864270
3219366205198168971
7110632574681886432
1483987118616360928
3102017439824963711
2033635379927201344
432401510777204702
8642267859736774735
7047475836506449057
7259017229176082192
1938814773769552287
5880218517710915222
9029461243104360755
2071892689944674512
6520419045244751242
9185852113389533398
3973668841598271740
9168370929007455789
1346342900155155516
5220216116142801312
7568458343910677580
5904062667014749830
2509606187544075755
32351325512405507
6265305587445762814
5586151605782111760
109389653223300679
7130730605877980544
3210344869654406733
2154290815663928977
1852199972418354341
815832456219701457
8578492656720205529
3274993616912384675
3726174088574835922
569797971512913794
512728533297803673
6239648047279156116
5309125913451722684
1468280009666393883
1921281947588449411
4299481485485013024
3578834804178770432
4520925126265539799
147523293796462417
6172215933321768359
2605305787583703365
4580601814374772623
4767876978619527931
5777514521650359923
2738745648582817017
373823269177433701
731632269971104682
4104837713251730138
6941166334522980951
5124502332949915239
6132157469903145867
5106731073879451136
1924302785113474978
8571996402542738761
8432071054231596679
489341684081035870
5135757786450004926
2903466621186737966
8027259218683862150
5374855078035481775
4381863878017916864
2026982725681433340
8554013439543156821
6523697610709801506
7044387042816431284
5417966852100592899
5971488537406754858
2558060149699425616
2726317770040934453
1116079029006253047
6240073296713395760
1501800106185315289
4326544788566988253
6286456266236894503
9208026721088921294
3851149223070790049
550344333811843214
2400128324631984364
3296938907323066235
7815572336923739964
8498139402451343720
1784088111915483693
6417260747031514791
827565228731359312
5696641155325207954
8889758262849931066
436442271259516252
6785086852260742137
5791330383565953616
5931777369172024550
6162685839544942258
8932176661842233292
6355271912984073909
4376619822080662761
630727045250179592
8575757251010483807
3126420994671600240
2443390846418822244
8092629365360510131
4372493291551343605
3093967705839857974
7275432767004601746
2643559107332168574
5171478445153538821
7006540651122906628
8584803541296615694
8878365859434432860
3722929294047933431
7378173605623744138
4867587525887968846
7789906923601640047
7723333442512717087
7782043939387470412
4269401988270727043
1549815376118575244
7877869933534796524
1128731937373771006
571029012121593013
2285411994050785892
3930272941387213124
3313907194473579369
8721600072463161830
7306616960288836340
1537776556623551838
6024773911823088762
5047419377654719339
7409441279005489130
6827441196171612543
6374576757131260873
967002018041067807
4110123299013392014
5996175186419796112
2090960766054269627
5062753934960378565
5460684810601757242
1662781915033129544
6668788641297055899
2858807956088857428
900943079692805265
1335221348772826809
5923777642923017324
712328047939122242
2347138502783388814
7271079211943782868
6082631523143549458
6126860886608262443
7713417676237731452
1864962062188648522
4399267074782020522
35209993123018634
8306266681454727873
480214324414744524
393112385733550957
8527113683646639638
5471594006674322721
6735515489391549979
4900749003226209461
7832951872469741994
3218532442414256202
1107819899008408096
2675338423282755573
541493241267204546
5055841973646195259
5728347462917266618
930612726190197156
5104680924145029591
2952102031113359151
8417450646766638013
1372948105370337020
2006983857334812020
1348884776133354075
1286617115929062417
4869032811289734320
4165552358640740783
8766088805009186234
9015898520344304835
528378409286206315
2750724438342684395
1991562157322329947
2100679418676669480
813086617227727481
7437049289050761476
2896247921045537033
8020316670379900937
509419365056658193
7757261816479137233
1936454404386390312
2550265119211071605
2103830523912699943
4842739254199470443
4632046031291350032
4948328930882307065
2742221442077843634
4122909907632951680
8493866046931005333
1964951560775869180
903728958068250157
5401133148526028926
880970567108257883
5221038971957198798
7835664938080147086
5211665190967065354
8516708352688935215
4439139496287073746
2734490228420041203
2209517716989918211
7014272829355904637
4475171323838748960
3586031054281917782
7615160045884275064
4203391090358922589
1806602392108067699
1952954571516519751
3637768535194594836
5868808813413664388
3838316783281320051
286845487088651096
4209249542153438811
6525770455856588877
4062662653482530073
3523569457805923481
2188715943949373944
1179745036116903430
6141706212443881328
5486877903529077339
421101417326165027
4524427622140245772
1279040798118427124
1328595766208959916
8931186743502422036
1105909085872358956
5395930947529220644
6594785047398728243
7588769000225592512
29716442489707095
917217771582225393
5867882294761092298
8049550794439092256
9070880349065250073
3709113491415671867
7539780718561416842
1376615346840869531
3006092122203680030
1033197688065893455
6647822421912267436
5134072156500926410
8202980610382523483
6223144161992303922
7057509889235157930
5065453087757656709
6914271398612408633
6157986572191784816
8251618996112211680
9191320903875556957
3623595886330461130
3963500310237787942
4494617839211337738
2659021787700990053
4224223812592832347
6194223423543418046
6410876695865708604
17566284733067548
3964684078939573549
7796569070409664703
3740929332326809738
2240299543479242497
5583020539016100812
8232511619529763223
4882621607482035057
2304141509636850314
6619182729506157887
4373204640259815786
4886439134457730483
7612002451920589371
5659087778011978406
8702844856497276242
5976131506895228056
8046918034083578473
6571513562156036887
4404825731301022461
5188034522162097699
4433779649924163682
955469507271582104
3159853150574529770
7206080559383035783
3732286741476972382
1689371034610390076
1622131823837262233
7654925669144721320
8764399527970459075
9143158643411263566
3407451411323689103
8328384178540460331
1760827793695564943
3099013533843214870
678013646189566025
5844865293933968438
5700529783046714733
2886588660981617456
1880736296461531762
2804566013714139480
5674440284469391812
7984963737941602602
4944311882705697174
6662477016821634915
1450418389708180971
8525514642192324473
189810976186876255
7245571750256828146
4011889624357853371
7919922989483608839
5738329693338903465
4969337605744522080
3237781066178521505
4618305159128368665
7878245423046791569
7490141613070870514
2087808569384980216
8269103633890521184
1657057102113711533
863650520380071993
3212487420872214458
6825307067173832215
5547289705469655096
7557034358763601726
7480358038148690706
8463501554265222504
6542763092110652078
72543839843799761
1245431789027736209
8363602145029733185
7364068918095658929
1021273579660854216
105518977769543492
7323649130782126702
4901817668963561566
5304267048556180479
3235456177258962840
2398308446228938695
7660744245520765679
2343522614646261529
3747856486294482025
1499436979571505
6426354155557206662
1559740223957642584
1711713737335696922
4143457024902608350
2563544333025648408
3243468876860834326
7403279157928192023
3717418431597190575
3737385258340008089
5024399175126445146
7417108546435241621
6823374802164812568
7058037281792607561
186496212912994760
8122776760761732785
5140098881734836818
4473020040182982028
6687681524052434134
3869518392142450365
8592177279580077279
4683521301206127561
2531584455046446764
1052222881385082424
1462294425996672756
956626833443445837
6131058552047083269
1663199701945986850
4444558911174324588
9172946808297514473
8877710675612345147
4766795655844324687
1752805261396626856
5050193747299902158
9080210273024690373
7065258899236609830
8229746994577845742
2280255278994506534
278922260428129446
6453351629952520381
2818842819251521206
2269653746550257903
1268905922713093637
6280714350913729489
128911856716581348
1226934589321647927
8331981107878242046
2165112419528991818
7397073825703942794
7816853240182485622
2605939167472600052
4485274445809018510
348595070318699107
8693259265227324328
6448193016728440454
7590586283442390883
6354196464867188200
5367271425464852254
3757284379831124126
3286478094583582534
196029471814149579
4336062471477476656
8658578847602441696
4512999942163994678
9193801920681335444
2713050489453940314
2911886692464063485
7271499892988550739
667296024638753224
5801232925217622383
8922643734412265430
3194308612424861236
1210994067072737994
1890799567674438940
3603540941165637782
4412073930059608628
3766169432498630642
7500121604782238735
3237270387783767951
6193783450708464988
47535967907410384
2974922031021225495
8866832957372249985
6168245891157921487
628392159639091113
1854884397136905386
3879397932260671842
6926164865854072467
1535384794950035639
4214385222845939350
6863152743374482446
8353404225696495637
1692747535767943358
6749819230804408413
1440001142216732621
4405400686988701547
9173777133317196394
6930979399494906372
4310413105205118572
3178139752118459913
6715147691649813699
2564277557034939346
7014071633450307535
7806007139936288388
8503682460961611657
6814093286851248052
1640620046597918434
6488865183642777324
1812419977249691070
4303774040474159560
8233216803978100986
1600447188350901575
1041975845758250762
2164113223388785139
6002753043945977427
8440068360902745271
1956140535554270093
1324703284667140789
6289093948382225471
8022765531242113530
468266927248164629
2042154576747654963
3569008852823693788
7855828359725615551
1779751122292060094
4514600859214963146
521858435551601597
914529787126043663
6047765527925934632
1882488059876994315
3106492472147858788
577805335437525295
8979248407735688937
1576233416958141566
497958270789630513
6095711232744179313
8258134467776714251
3136012248249034959
2812453758196033020
8542552760023523841
7996836045400042283
6587165909667823484
8558681424733730594
7169632030374478527
8989353188295988983
3430021659727290574
9116249132748154940
4348082033107684354
3762583561237746271
3546977017854660664
6160160388584657641
3668392251034442821
3876283845835263705
3486814536936675930
1658469422437681954
995103998303637171
5811125266834203248
1735882846508980531
513501723113301119
5523275836042506924
5383125241108336397
6484912919302538661
3401435896773644302
913816792974305139
5093714059364512628
8868022105279056081
8331883470416322607
8138762239105522542
1301224445127843835
5829740935956882749
2512161291739294435
1831496056789009392
4533514267474499924
3487150998703513699
5377495393614478882
2908427016750421459
6092110242670215230
1148277373247122351
7425412917079902129
9202733194445146456
3548503028892091413
7405887840631081235
1134082043769052026
4485962027609525165
8805381374517456434
6171746280871261573
1289782965032570312
1520240976799761681
2509168865103547768
7022564072734737509
9033327779089495149
4988520833198197569
2356802377411638002
4329728371291534378
4036736478788907959
7800457199423993986
2271998134967441948
2209517893705197746
565993878176064809
8127042566845594040
3140346339745503531
4930936271201222887
1650704991898652976
7260685315242287203
7010241458398096410
6461324138037171326
7152411767524117255
7295980269532164889
837374112594875481
5705844402525700962
5683781090563510220
7751170634754022379
8542016608143942055
1174060140791316748
2416224334927064943
1783890440577101969
3050517386278473411
5840413142814012614
3731274916146057198
4385072728463245984
874929117506253561
5817839991313248430
7842210404054542846
2719979808203483780
6389783569599819010
8551239572076534033
6876289124151667519
3069923735569183470
7204885970309938594
7854837874250750723
2400263906756770848
762285863455152795
6102022329610870173
8489050847289519764
504107724308616875
6754115633037322146
310426676883646092
5943854150258180222
6717306372724731035
785212450703521865
4831655155721684672
5626524070148659613
4231912886641982962
6399487957624895537
631377929058575262
938619706154175407
6797558345252458584
1020660881173489779
8737382912549379693
4354349642368181123
311620284593186486
5957315125090134518
2514262822317600083
2797763561579590874
3296610027621452390
2093684732206537500
1018271543153569995
6549516774430232906
1456872226316930558
2581021333536664031
4464797994225905180
6250862682856843809
8848056036712019857
4123291019485817927
2139154357696744836
7756050641559331404
4320713491845560493
3128370848207853728
1271101369580269224
4337123219998490982
4317590726376905093
2149611820895846476
5819749176239156537
6521918482224322747
6388834232091964252
5533409065555914324
1656712629488376903
5489799925057763866
7783760449168449720
1588555183916736098
4083969788088166045
6227024619141266330
3769736583852413596
2066332725717432152
3779888115362577573
6932764455388113247
4965395850815812297
3396841082567401493
1053695539570885954
6992298854153191159
5288852496402683485
6042802143917863855
7144512009054835040
3094979331300137393
5253319272719041355
3044312988344250437
7291870928664238540
6771420339448395440
2424906843109839720
8052340499635532680
5962681187430999874
8023393715353095020
4470499897708278464
9025233969408807564
1715639552311317238
4358111048980330221
407423524819898973
4624715214789442496
3619401384032193945
1745120606305886951
2654078548171940235
1010554530399234128
1334817306349474711
536637116919726349
7394156079500173142
7401063392616239504
2164073387938404817
2053214641830056326
575558955009610880
7540680125255062917
2654454103610027688
3309459575299171912
1496947824514447780
1409826349301686394
636757486989724477
4730458948336615971
1496869954053981860
5778834419416821467
4890911857297416581
4175211470828843676
1561866240710669345
505400880383103176
5844538244283008150
2922347241855084032
5452141500483729703
5675280107461061648
6014800048349309967
4296974672393547889
8999506755690834817
2896541376698208971
1899277079204564980
1217640358450596438
8201361249849606747
2996210604880555857
1786508912493825392
485761432669305906
3674887679589922633
797429651342376765
5239639158790967940
239438550969062788
7166507830777393993
3673712659043284203
3755498266114431317
5838866351473364000
8906699400193250045
5806146760062416435
5877050516145378971
6983664072623165022
6231504219217568147
4510124977510851434
6278550080009780466
4661805789621635879
6657776069264761594
5732410071880216769
3502525480393063434
4786715241607801332
4801879960954234351
4083560249548901195
353507095287464560
6956945747585327214
6292410903936746258
3965406927784775624
6901069046166393344
4869949260418782029
7431865082922908192
5580606520197171774
6305968545594229667
7062354363494306261
1860123238267199287
3190435422716493678
5143363080322798040
2941151914623462076
4874803052595752573
1295256761174111070
5530720129738114699
4355883040231830131
1662341258997171161
4085997967380037959
754472880671521301
7980914447377358855
6372122662321860128
4475163190532938793
5626834690558950265
6842843684379425502
3009156594788722770
7679132151837085802
4628631509290635855
3870711888346329721
353982757320565903
5982543246153358839
2577311702159173207
3493182132368214723
4741296015965851743
4007435551840664053
1913026684210352104
5679654013803930453
2288561464897263808
2845096773573019327
4143418407833186373
5117393954065487901
39501098002521594
1302499397578988664
1184142785357396555
3172731083327286997
6622375902790842118
7641576069333682659
7649846354789223051
159093537174764132
2733763306519154404
5364471102567701853
1860225485644458525
8663332564463955732
2156556853469626850
155320794144138035
4776212150042850917
6551622269118019278
4028307778203880476
6714311396083877213
6723451461220903789
6741737993024400404
6840563770654010122
3465603754226660270
4717354445954369129
6756073346478673417
8491896776637350681
4750320672906998377
2200433908903367556
739374833799471140
3810202427065021056
7874600238570733033
7931288722595051569
1829602854414050150
8580465374299567144
4503723449061624382
3932175475465678872
5346600884702227405
1700828250899499367
8273743314660015915
1705371650275546588
6601529607726873423
8905539189726259584
138495284611516633
2529626276801442253
5652333552804791356
3025255057975775870
5766128075060402058
210918921637056422
2324230779740524260
1071284151649437445
560276975108799837
3485192537575630861
3412897823171797925
3200325184405990627
690926309342977224
986187768300620559
969095278637009280
318021525403823924
3330072794623067366
3016224658856291924
5006488363387483151
4419035610695115957
7580266707531969446
3378841853829567192
6726377394027421313
3322724280230722143
5854096082257575565
9067287707350354902
8963196029914616161
875720636376990354
3797848544083005835
1910925015958709132
1124219599683526577
691721907824363965
2986179509565323289
2590461251381776644
2842214029095089728
3362776084740690692
3595969371043968373
7925596653020983297
8537395289807550750
6261514560140177641
8255702538286302970
5664113526581673108
2203524883715213477
5525654697960894658
8948119489926901802
8115910755732704424
3761196580143771445
6916636535447350737
6906005566641374614
3987141507151408863
3849396228216255084
6681016631835067171
2247772218967245113
4471399354870824662
4418431011317511207
642294157275613487
3510199846512296905
7787313321103215601
6958249098795913528
1854554269904330824
5696914946252478710
7008356612695825787
2665793008102066794
1468605121051540514
1922812248399615787
3334102492961904545
8882996925170786942
906568573174956556
1197782194728143906
4984161191411277721
4008628714905941623
