6167605915632008320
5460448200668123668
4267600862105104006
3367706387522902638
5557810881442109811
5691313292024844542
337552812218352618
3520873646825593671
2900303832226748247
6969883716761827181
7630471147300663034
2587834526394878218
5558637564531517674
1829997868072778612
9194813985425481491
5122737267005729189
402366026115627913
7092759696249771532
7845998417442986360
8797158355185051744
2878243813497463577
129984616854263871
7207311894303700727
4134405160581244925
686336135847402652
1445436629155091151
3153008337692093870
6887996198561559738
163812588795925515
1702692469282842849
1873174907474468324
4213539115497802615
3159354707268532971
1489235529334944719
230596851665880918
5482137856178398152
1520206199708646151
4718931552428105861
555710458265283965
62298491403772761
4734926665735970416
8179263060882382302
5963517393661179359
3218804062119395865
4423917601645466371
3467890970329203614
6837682525919189260
3933897415389905399
1190595507261564469
7479300801308182356
7646771641178387683
7166875404757054972
3902640555789548713
5148340980544925428
2544219694471241531
2465944115220291682
2639121383436290393
8562559077405651951
9163127115990411829
938624036389629753
6342301728957677628
2230901776401819902
327917766518642687
127914626294407031
1737810742882261105
7493842358179714912
1630258595382380639
6866516263561376232
7663044695322322750
1215321448182154262
989388119225228110
3427232638403989524
3929721676301782763
4356071164113833119
8561278409080484298
6040028950499823676
5187903221432176123
7199033942122195954
795888453672204416
3220183082695595412
6867299816240487267
4530259694034322482
5093483046764902461
1093034818369597076
1601989287220485877
5097039128487285946
1383528280217171194
7322201457336601082
412073698431230319
7929722249188693546
4537531888095664412
3256138031630815825
6607319360336114883
1301454973885379145
26023832781808641
9188520399775619828
3278914366771230739
4778466525209831695
5598083346910609293
409964505246339464
6570722790077530454
1941770987356982388
3793037818563053968
1537135389367880316
5447799375454462260
2962738314918464194
4063156128146483489
8280773297782775149
7709936421493453654
2736723869335013371
8277658060081926458
7835849752612590759
258769142340661792
1661320590807636513
7194114232739951223
1594136950943661649
6152724388079527875
3248540925452452286
5370299880197484273
3677544131899218864
7495030957570845339
3364519972058888751
7285947484446813321
809394463555146754
2794854231414985106
3687248357583311297
4043704093708723076
7391613935181751535
1621165909964296886
4293008820079815120
8441778655513785850
7931328067362393668
6748949693587675399
2617635079060114298
4212799591357119044
5905849573009490250
5725899054194068443
4558423242172526480
6149616440149272607
5619346651377574296
1417010185566666081
6473817944741771354
2229432174369847221
1671913900705258976
1763633963822496017
7151914772209566492
6877027356123375572
171775266166591733
7687911670473776417
6724037073822810290
8199504959390593342
8358071064299164926
5007313204952114970
4351457239030302957
6359138855629794938
2362222767438373308
3110953138245166156
7454768991125610997
993885426360722045
2423448743843694564
6101665140655674997
8804891849491540669
1992591672192614734
243027885615234220
8779779929822403223
4333334984234064122
6321536193684817471
2409933938424848764
6197069862415142505
6021404399259895185
8827259698235723524
4934944413600620497
149424765612551467
4215713217055041265
1847570969268680564
8526272468404820743
3170440528261308645
8863831743953688520
9144651277741695543
2632179335195804248
5021714659645912296
5279324503275804205
4013578622443523559
2369884798023280426
2388916622003609243
6991515563316833842
1847726122050933734
2336944757537009880
5542379236893344480
2397388609536043699
8348972976623088259
723219461466342699
3279177501438103059
6646926783591197797
1126628085115307261
8901346357712899165
3790029009884536377
3794255999441959435
6446795057228640530
7090821598758462656
6993601167405485045
2093632685566958915
4163071850152409635
7377368354997056392
4289687580386828817
7625292097672114282
1635333872161787276
5879205496431994813
1323152562150445741
2472969161149142286
3356680158819327194
3844369995627504621
1947393399314906769
2480046620272867813
5469893393437288934
4557179349192629587
2787697595113156063
5964895637438975061
6386204218170212347
5636527913294311965
590298665696103840
5064714760289410801
6446368976609199620
2595629658077521141
1541609350224059984
7420131864808504433
4122052406832043775
6764508081704878612
3725676377533471012
1020898568424915166
4891285776685584251
7418290828487188740
4183563234611276787
2532248034156036856
2228519161468084787
5370179441979749974
3659071044134205204
1520357633836775012
4166938508835914010
2232173372670184950
9009722322377114058
5195096033944089354
753988789316953908
4440673591715228177
7520453990364159468
2827936654937792820
6015200057824645182
5981045869309496636
1389812864797815251
3146552830183699230
4153979183645132232
4700317676273881604
3501842198003924297
7464991008907061549
6670979235439195698
1682381522059519118
7166192642517391897
7569690564533103143
664144690155658683
3220488931510125827
4820198973780060685
8398995748436147351
7580482249103785808
7609098035273883272
8457785107222558135
5427640408825324901
7225921962333684044
2217430919370687250
3408357093348985267
8901189228053316365
7521833653936524037
8187766523128009301
3077363976428100392
7030546604070363450
3214642929386291214
688730773050998364
6346684790913360672
790054267621991825
1295053225756459687
8485974402869399352
7388606100344067705
1377134348974062449
3862751714906485319
5558410728596108365
370975834036494392
2894421162468659777
337799086067810953
2703104899286813191
1727135828474767932
7337445901413820113
8731907229361439619
7988153653227820429
4640200124582491366
3423725958383603659
4275540714163244199
950764159230588627
2527639855546663171
4677574083727277481
8476126560883336836
1088929001375094195
2018687990591475015
8400380654505774404
6845792561009948616
1808503792854581949
792975997681602567
913465707144881082
2714420820843321701
5985219800860624819
3372644297417895279
7585419827491665321
1178510679141529955
6047921772640981777
2019363110466837300
4253518081829326568
179534495913134265
8426066492654030462
7556239314389192942
1280269791362700350
8342004941748551408
7448346728382185841
750337689942725283
1314271177283290924
99442092446390943
829355560132446299
8995386742629107416
5862839172079157372
4671338857864463956
1726788103489208262
7642097619796962751
297944568875642971
5856867976321078651
5884693959524954952
5529639202758105682
273841437926842518
2090261319093637242
1048559983726553069
6475845869568464017
7503300411597906142
315640185911018481
7612982196930295502
4659437627969970342
1300929126538538337
9041750434619833353
6537866592837707803
4779524088263303511
2768569552458163101
5825668735979738244
9085238459223049817
1702709157948996624
5272129861496451753
4825170566059012894
8798932499589550183
850157782040175322
6334199295328942950
5258654443402272690
3162508637425530534
5494343844691729425
4117214050719518308
1113076535333027912
2975347365644301002
6508935257715179102
293931959218291098
2176102949135309275
8009442557528612955
8751771589815869797
5041153434327002953
671560668832868529
6213535461888071524
2040557605275018632
3423311228396807890
3868727286451869609
5700096147564206327
3804876904278171334
1902149720069106866
5813724397622323236
7442833277425427496
8967458090140052044
8783834540449855168
6254699785004642127
4313002948452963608
6469909158192726267
7428357964884411629
5125723593093428880
8883141714052718886
3612526504846317961
8648424711219906331
5579117513258805177
5570829810645804731
5069465217386176072
6439115928955588711
404204984592873404
462778600836736697
5847174268918073274
4075293791994631184
7956246620218714238
6084465453002690458
6529102291824748577
3670798724715231620
4574861827720378155
1353811793035134748
4367366068817048788
4088574769091799826
8494991403709354076
6134758006113302457
352437794452196699
1184365445040971194
2241855697982055906
7048401840989002559
2768499227464186666
635555373891354033
7807412354427300263
3544797586804113099
3177418641119744082
7272458452779927578
994076604404051021
8819107677861217941
1773180880137393457
5608160371883936611
369427632796551545
6968345414589727272
3943568908190118808
1649920194741577005
1261905743934751102
425373151643796184
8110935140436703349
2301564155779918698
7839503659356971407
3060863898093232009
117876884523134195
407601097466400151
4747871925106058891
789466964107835908
7087356654203128296
1302824719028140681
6481078750148206146
2620323550877575118
4819074140353678341
8782302554676543835
6859159931612972517
5644311517904135728
315588892849566264
2979944173642753320
8542729055077611024
3406554583176968154
2956120751359112862
1267870800604056720
3623387379415126139
3656591059413114404
1753104465499268367
6925867480927296225
214137009238350241
3658655910015326002
5159803103042493033
3479449148718697379
8458521829679741985
6463836352574784767
8295259670696722760
7842638231734724855
8692281949636997701
259299570185400352
6308930921784598578
7352712575600266106
204523103864184067
7850710501384497891
6306120029280362985
4102144249145219776
2489690613732052220
3378826976823749536
8911569608612667307
3404890204404352994
5370765070505543980
2257778229288782159
469907127523533647
2134064743012325753
3130687416168877208
5350648142740566115
7184890852637006981
4902002054793164769
4510288313451745529
1211483980184386586
8242153014465918928
9185310010105894496
8062144579936576754
2207216362626710773
4302826396141806389
8463126403645943237
1689816186093316758
1290315676632618332
7804072344994092663
5039595980466324793
5734989115059881243
4001467949939317763
7588554882182915752
6395940987959938098
8253669779133265423
2372247225142362362
7787110901057185617
8671405132818267184
8739689103268719457
392867008720792912
31507240491268325
6623846877874856687
7357993550352841295
7322331631972594291
7338493042454365470
3406750738603726214
1045086350842969394
4974151832989119088
1876918319834360188
1678085340360601676
6158996493515292899
2921674156191921610
5006060475489428840
8624708605612051143
2075082527574755230
5624089965401101246
3032702333270494514
2165932492131458926
1631954221692811637
1352144634581068555
1419123035480568343
1874155504448759715
4155019303505127985
5513893960535867183
9149082025276265665
5557806912703938297
585937758195897791
4338024478160072720
7799637340685377295
6485955103535736141
4464546423704656450
6209896403320350268
8050042790445688039
4759103657554188256
7974518553935531470
5079206495076970104
6575237461634179820
5724636710750791448
2215353858541842739
7530074587391271058
3841283898767517836
199922541004453008
1879764042106926635
8791187599000532522
7182617811423819438
8035214862282603873
5047365296415822464
3058036442681346235
4969911838292722793
4549349560605017815
1921885852083207383
1415076530903312463
4076379029295367358
4702083992902166150
1897993270527128642
5002077740782390788
6296707937402047121
2825609982704878839
8439537420136756478
5908309982320143152
6002516127704031508
5869133202803619535
5888273435952122047
6495495950910736843
3140920518796535490
6820060039188041570
2922027332445023744
5998301855150484566
70380269529901740
5348810507643396823
5867382665535819433
4204330183890988395
3790452058218902473
3630268837081994032
51221216184261117
5965804765167061219
8259604550460209022
7678261329801763246
772885170890119335
8444635811140339719
2630363202946683650
3380829343094535783
6750539893570775163
5866688597770015862
2089396824648695421
8827647419628545705
3633580914997233029
6732145588562279631
7360697055345222509
4176973190145487233
7757080783453258088
8143536947441476127
5972428472294372180
5573278384907316825
297267746996950059
36804169365599464
712329267131304787
7042555315056186458
1824375216981318897
4120969822719522588
4890067175040716919
8403269070677887302
5636732624381841127
3816603234377807028
2280998113554986464
3134781281533420936
7896125555019090995
8257867234725645562
6509008184394676737
1520074694818792215
1647634762266032972
5873451067353128292
4080923452100364236
4996990440188322960
4821802773364132008
2718682229991805792
4284378272744759176
3186623198709190737
5356404078853041319
2160934263656480110
1691864290441052621
1674151106519702307
1171495091647405134
5227536592174640807
6668320158984545907
8696156199483161682
5907985613659218886
8136898256899736267
3292493254279794405
3478283702140654344
8251619211300763233
1799412671180430564
4420783994799392153
438571558552497164
7181928157779850836
2339915537931234790
488762989956679996
1401574460435562313
31320512970029760
3830915376101401500
7702770991223016243
2271154456940899550
8905449084575206042
5388933486160515760
1195655663137536380
4360587362543455299
1964448211472879627
1325279026503517844
6398724301453033990
5707603446946455595
2779266565714475225
1455245349795332690
7780893918782167222
4084219647257139719
2138883343419541220
6316319100354993349
7139070478506125434
2035926109169929836
6591928079122185495
258386032193578082
1495798754335954351
7613684911857417603
8905060044175880393
3043326368029163797
9025337678242388648
5786929348053709295
5013917828384260937
5075176312321616058
8315367229404510360
6857020058343391264
3798713351009638651
6312672570602639260
8847654151214849660
5997624664199429427
1731718995798400250
6934664062176901018
7350079454295456719
1341825913677424809
4611598083444960718
6171577374283838669
2181100968248059870
2106405599689895156
6675584324391177709
3771943539004700578
1520459492071533245
3973307094791948498
1269269498620747182
7861376420644538288
4125995335040764615
6866663926902295918
6701195190253533687
1971416920017037422
2842012506222237410
5327097188407290002
8972121652078178087
1673979442365981421
8355095400832489730
3425094991677591953
5557702187410734523
5223450982838310482
4362318871978611154
143900717304942836
372749460387244171
8026786291877289630
5567933489317667603
3462067964258961781
1712789224274480145
3828429503370960792
4562094538234557506
8612111958916732309
1096065907189648343
3083587270212658969
8607049832822599922
4378745020996049753
2037345434570752661
7029293439716288870
6143278452511981525
2010406774586263512
9103720553216647479
3882156521755787931
5317911650220750917
8947218698239219590
8520004431870957874
6366861397317878116
6907196835467778288
1306730946385201498
7156993280617916243
6730180750395811516
604984287778897710
6357835118288760273
8652032695289871609
2263764144197206999
3946547927768711649
1129262978638545846
5520954473927241833
1825689013828480953
2920347284609537203
5524526647939373027
2810100279652837636
15268270464951811
5996462055883863834
3900997163115010543
87367740559067436
1873292087844836615
6816201471461308639
6619523567672806254
7753411394389900049
4547697601735543289
2601094050627561661
190950990152078394
6573915955498423745
6273922277274241546
8363398752393953078
5895808333734518692
133713239417710421
6526684213555577363
8931253436449521063
3278959318677623923
7597825431090332355
6697129391045431728
5641772915662921289
4939839163769111793
7401818747904698101
8845942253305047399
2232864904210152952
8582440308543637797
8819389731803632662
5131962882934164612
1953767037779127223
556330536395024543
8914433018433501404
8296096996236346872
4726201992954857034
6353043434176085796
9033780816299705451
4331691375913207992
4120363994377713668
6942380703835313186
8341695152204346711
1194511116455520861
9189865050044160353
3724489289103040752
980985771910646611
106064984921825736
2562133863290834322
4927339716376348575
2033515903953079583
7096797187220667526
1680042431822129643
7046280955714018073
4535817290154739352
4020870843696420880
8343660197897902397
3266849157531502077
4211100261985769595
474026503543696657
7911282570071910882
8274682965044578116
6281026374170280996
3865115259634000850
1761579224896494709
8926265425800684556
6163929424393859498
8254575433589192827
780780365907533895
5273465810819552761
2626553219457875104
5744747684486240707
7172839180643929019
1514937274931813647
3878633028893072032
6505041438928671556
5931994648208609532
5476617770929305112
6079128037436447821
3202916604257372376
2040784723294899000
1315925933388370824
2656212821055332686
6994758695730729233
5538083062954214048
1216433194875235919
9106528909797647402
4709583447196363446
7379972168342287524
1239211210610803897
1115239869341702307
2488291936223232482
843420464217025781
3519704877156470933
5421239640782399980
757774733506040654
4105069810273871777
901196497681299475
3410269247653722339
390577776630817251
7516394519335652009
8032206295482119741
5014978830820454502
7105590567056300531
8530549889306521422
2298899430997986527
1495617912768370989
303081672815248829
5724687817727763407
7957390567054816483
5862442209752178982
9060943538561375175
1937528762256374765
9013593339777162930
2895562884662215615
8293339161254278803
2049200429223356731
8645563260771328832
138503175549256611
8140352758368590414
9013241427953715092
6243376008293827653
4304593059047651501
7135423113001157326
4973764560614565372
4808304253929642399
5859354712205006351
5699901389115874177
6489855475119803462
6636573162450030863
8793767316417442652
5117466720777010744
8435799917801746815
8292811516235090595
5428281313475293922
1058788287349101224
325238194690071681
2892617100519625155
1397327953193798744
9045089717730826394
3494420425576347585
579459730636734693
2099175767806654429
1750117494592415579
6065041801941233204
500279076926192143
2208805467869790579
7994319553179393644
6663505334975120117
5375976677856823923
4259592806202946504
2987036836853423905
4095816578965868241
8147129987651244495
8745033927305299102
5727379912889535711
5055355426125139887
2029663376508863574
4377256005806515498
2898630920122173066
3341610456733685112
6176855351491209718
7460937815856206303
1324813701386934444
2337252178428564118
7568033968443038604
4429047861371242971
1555887029992650596
6476986754907708045
3673538518827953181
1527500559927591359
9200616148371325851
1516924155582233386
7334555550966628612
3210078253290144262
824296510651632327
4744381083246282582
1193819775211562136
8256374257801524369
3054721345138325513
3750981276797405273
2374166342279066335
1185137098329661268
3983811321939716927
5578797108332844412
6578258797366168255
4910297902745710249
1112133843248892359
2735515141158033040
6899526823675942822
2309194338784549752
2889221033362266503
7630590277638284273
7238512570952516377
2865281669302376135
6363942784896517103
6121225204272735454
6167137612200418307
117100978491850057
7323785627118067336
3341270936904806768
5658833617708691491
2448251270723888439
1320184994287590811
5349017750248458576
1182256511643371794
7905580042069944333
1051187183723326860
4592600945345769594
9163294337125868141
4387234824274949121
6391156623768370592
8235593188715439355
7168457852060514264
7879692506515132612
167750134853488421
8940146926742001770
8006769704227798114
1968272022058169165
8378293482340174333
9044073400501152331
6345630058130546139
3548867557526722873
2119427280660922504
4972203679118705430
161277741588261497
805800527473050644
2972166998090487304
6088630970736555730
3955089041555265322
8302444554051591004
6257684872938581381
1967911401584272519
1307826313113023197
2211165512351429100
5086101740371828512
1041232380310537627
5033879540811479683
6357436179193014360
2413307065662262803
2226725483419321712
213288738914761404
9162164111823168108
5517666128552651479
5730579223440067658
1152446899002104934
6831573199487383997
840151960474924579
2644049773807738329
5638377580972466241
8691747969449013361
8507254592763478928
5234279367745924691
2045630008750634597
1670176451784206590
3492875021208189632
3307209196120918454
1673657126624780286
5294676472030248513
4366097612402358138
3582605289418691019
7311401820060651692
1769509547221938195
3780795512681213709
