8327110781381788969
6254006358724990318
5076683940832676073
2662457075998724231
2385174255562198447
6582037116989078604
2031586231889694130
592661854654888684
7494642810481896569
1915178320562453558
325331058744952282
6734417548311095593
7209573787198707510
6283151103163864148
4131849562451582529
6441826964262872138
4660822364004810534
3098865895505251852
3120958855513301775
8865672470145761446
5654275638182267596
6791340097332910454
7205755158282939108
7933884498475689847
1343782087480978337
4625201719990754232
3398094069830421446
5797944260592509466
6231893662105205957
2786374468059518049
7136325457142996503
6112856451797163268
5729102946769197243
5010994505733124401
8966787933457982844
9164470233706752560
206882691991786213
1437754695021778294
6617704088182483503
4971299429010999141
2035169071247694320
7576828665807817317
8672406921597464235
4628907657858980885
2340585540874405917
7276830167539832762
4203937048687529341
9219699122086077686
6121370677963706467
1520010023843197436
5336321897126562795
7918888255324108858
5523729137641659306
6722721456759950124
6797906108153939063
3624549738126737941
9180786929345326089
4099909107628471399
340477396790058264
7885374904758084397
1586697245648153137
8978806914356277349
3633902825074997627
2697441602644016774
8173837119190370230
3852317406834382527
2271559620144663294
1918514474997911948
7050782041385710978
7581447875336499896
543338832923176863
2705465826422375766
156655564431074507
5509684911008029212
7948194370783734089
2950598818939749953
4512717168891328882
1679076172939389514
3967734314677409391
743432528810840468
1557081539271064598
245313149307005015
30353690551409301
7932863755050432746
6236667759373894544
2948891866020143621
6614978168483551314
8290754368335950927
2853998747793780954
2431172523681720647
5203666949533820824
4855721715243918285
259691439208273777
3817606195501739219
6876991272837028632
9003893484409087862
193251525056336831
6612179930923171903
5516988214778422340
1555358787224026394
7973814260273242277
1536721838404359181
2990062919565535477
1731142971299727073
3280568887480536833
2978528234825871963
7709817833125234504
6024282751891364758
4028296330375945577
3419415259082275987
6510439021325624144
169070799386857112
2568116057438800022
3785910945425677797
3869991514217106249
7302068247683060732
994037738126270131
6893550818772829609
9109336848301131950
182451150815993935
2542766501155383315
5486119261565252553
780289674108372472
3374214070301565489
6792440287346908375
5999739951257425595
5340462885513181725
7274481023718708512
7110700651866939755
5856316042478652534
5551748000559808989
4135856238408883260
6929301543562503205
8430467713633634493
6384842529984260861
4978498113859622585
7220788883169499586
4243467791726927303
3085715037272086680
6090544090635810860
3261134040197840234
7896543063122124045
345856771743349517
494058391072802834
695936732266789431
1092302833669398735
2096145124722430130
6976959461177807653
1771037271379038036
9056806593656285811
7633026672435335837
8869116293127334964
4715027761252062492
7183615975849410763
6943995875067810438
8597106072775016389
6228527179241423007
383512509772642847
8819948814146793882
2838132244236881727
7798073757109414648
2464052050760062942
8799344362978123322
7993471709035081583
7623372172789248436
11440765919165212
4318075505673576736
4230545723628592401
5954850356819722508
8818643188596794629
1469826908414150219
3080499210339059158
2754736706016490325
6592215040780595498
8515695111788113216
4887733707716702379
3468552774571498912
4888516081028185197
3738662612793745663
8673142664966988509
6372873605479561338
8220573382243724789
8080339771980217401
6938233870657735048
938890572113886160
8539816179989822737
7457909321404703120
3551916631650001341
8744847142897299381
8673610176994897552
1136171286717044464
7241678385452798922
9115439450561476069
5860014637205465976
8081867881381282413
6799736793508245362
2945133212189145152
7076025954110376159
2104076979590475686
6691793238012241121
2493830479739260913
9097088433077367488
2960215805642916081
6657682747901189057
6393183260067576623
1795031704201866289
3800241729982200973
8110168203308942889
1031363966720390927
9091565841063300038
231445918106804423
1908126025171563743
55324625667458108
8454579582750675078
4221588734025951067
8000261032583883749
5971008905502595586
2710234278949473201
8199287479771706479
7557695490520585721
5766662729122749574
6334966749938668253
3728000129256172109
3907572629522037759
247195374271006887
8594624896888078375
788302092709680064
947952943945353075
8838500716333176355
6474219610472053298
1915804366199243414
5938842917905954357
916247089336076230
5360376426310028614
6002773027681691024
2568498817794788527
335332007129998550
8291883480125524269
3776055188782307989
5739390428273346179
3908790564051907872
999788402225544784
7915760686200931331
4041394424070236480
8284794538698024399
8101465660828925484
7785369002541610736
8399840517174642103
4390906480021017213
6304843943252003731
8847825970430107124
7540482711525899462
8426832270947731473
2884475972408595811
8294713114120091421
7479452766712183055
2325463342593505954
154107432165986015
6322172644001918970
529927169963201641
6207674739789463557
5248586365838988724
3821572028106567856
5953375471439874902
5159592254985994373
1761332917541353963
4512205880894221502
2542254402674375604
1410315230494240123
2560632583009043192
3432852414018935000
3016094429500116908
1545784645729801469
7261773641618563348
61770260960270807
446875865606361229
5506534111441141077
3913535631690825980
3431874180358280463
1051520523313033512
3487054261669007954
7923117244751113685
1054232040914454569
7771065819457566202
5713422959131441233
90105258596642690
610301290665276228
4383368603795667348
1678956631312374902
2146607475884072694
8466554335123356337
4849971607674452972
1063927344770887549
211090567157556384
3448368220761212465
745617819354396554
6585207026958052741
3299770356411633026
7751058609641053035
4920214909904270579
2921927289794054906
3202894636228532148
6526733900295257009
8013268743867724392
2333457431167216578
7903897413845299579
8336255005563274520
8463564803123474634
2972378972325923523
5165138093740075693
1706298035850001933
7264598875532305041
4781820697203557238
6412680321280648083
6452707892139655339
7244621120221016755
892086543225362031
5394471271149293143
6844410241916389329
1856547792095152424
4484517822770330253
7447766434342805349
4953412150870601766
1676842717934245647
3435443578960203366
3107183494083363753
144737466675492874
7152652553286984548
4250423715638134858
533142983870794545
3959884076543591392
7013465357691122009
8958332027257461697
75573008383641696
13559205663650016
337788165319833882
1976746168301920095
1055532082360310386
78486782333703131
5371229120603965341
8991729089864752026
1331801406580513516
4767608116593457225
642143131271512163
6612616887394882364
611708494220962281
5649800543212150676
2099993929279642125
8679139226049666564
3158240343220236297
7857215225423498924
5286228053780811095
8365892958432433361
2171987840137065573
712923126152259263
5428169374693752343
6497870514223966223
4283503122396977957
1760575845151803525
3568551774315929874
4672024545075219060
3715313416111077368
6210234734660304226
1560632181167608173
8360594242685973950
3698822334600561210
7415685292587591313
2073310920430657727
7672500921546746571
7488536418768775137
1288143687613396552
5945803325247845923
175867968109012390
633695811186513693
6730109164400484924
7336431471354583400
655855473919995382
8747869611702836022
6771418171320588616
4823635771260618213
3246843892356715825
2182232834382722320
8678928124966798026
6902670730673573425
8692381766799517303
6280015282211987695
8443022073026889543
2103213119315315312
6645871592958805785
8904757613534780190
4278973992788481663
2702135742642359278
5780074346446208284
8268009144443324117
5789143806371856415
2557121393249496393
3418390938415172619
3818277475281913513
8460291247721210240
1192597450409965631
1240701118302420160
8578566970684171009
7993821759523898686
6826330863143338973
57727612858688972
2972335339736225571
2829189045742072885
1947590799710063466
8456667757810959367
1066724641830892605
2830557308217735131
355470881537233433
6271357909347795077
6651062466151113589
4405900932979411473
5733886808920139722
323664241800016014
3444762113845030465
2271514536883965833
838372256054757954
3854630242328435931
6804983759047490962
8995980220164253862
3547536488925672463
8753388465432612140
267260599778289200
2157211236374537749
8032913373747781077
1463564434518507140
5516968975747220888
3132861883638668670
6720494514843491929
4695093653704008537
1228418357777559837
6256187479251337283
2553246724006328017
6796163002604140283
250361526664739410
9157450537829146203
4251897712815043891
8812045878305136462
3193019552767261513
4899991953211091773
6523994058637291290
4197656091669603611
4388990714811210517
4204943979818910360
3105584389920250396
1660158472107412763
2166087871940103468
3397178170873615080
5472228735588991018
8722434505038179639
3713779911496632660
9032490275246328776
7850044362531608326
4909747491864368246
2629667839125765862
1248825780752377066
2685546151248470997
1733071797619364786
5877537810543188623
1293886992400527988
7171026373624015324
5601022029212988400
3935545352337696198
6537582677644011396
8643646818704198171
2912819920082820293
8675078396095705230
5622815826261340087
7562000119738508509
2132634407944733164
8303904873610961715
6890016456268787816
748361984068588064
8999741776999644923
5766236161165051482
1763905702627567186
3785322803022765668
4181892749208960005
6768542963210371731
7296273413244620771
6761274278429943533
4043814823640836534
2496137001926635472
8228410070610714167
5390206236449266244
7053741324981473566
7341223422945242013
5690872134010639241
8226437411985622897
1953841601900987489
6452024222101859613
465248434896251596
6523554969092354374
583275569892192215
1217522159949698902
3931485062129548881
693583475579725984
5758013887792037159
3363508969018043954
7789945071580258233
5574812640004187734
1654257525595461735
4232933581540978896
570958977320604296
1591898033456886318
7656350605472548912
2990676301659032291
8218211900988158153
4289357034506942454
7056549596028233515
675839575038940526
5680209328531635664
8536704975416724564
8805670418430987093
5781594663674635624
871823110229897344
4461946922073769519
1725014789883460229
445950676358000304
4966386561312615654
4319641101130371276
5128597747308074681
6031644835352907082
3834673767175273265
2116481822771506695
2435819302758937034
4414414856755264196
5949304055621918786
4301493280273532452
8854583172523948618
8921312317997019293
5846123434314921919
2501988246369367342
4291341169941731800
447792734664425171
4042621508279224004
236499773329028741
1845261145402934148
1552999326877606353
773306294558303447
5202415561057337501
5984921367913816937
7042081368217841069
2293920718439602898
6243702333454755771
4955671977340100654
5628817461234425015
8766879033290643495
7456062214452995530
7817547535421503751
4138531017240604889
4285483588777327930
7234551947088881745
3930523873927877389
8294767993451517570
1539811417701484844
5149985277712606230
1120863357285547166
2877175898131863103
474895282446529889
2805999261934868446
249195361363002892
531275970257903565
1414728496987948038
2134423123241767884
7692992894063189912
4805781635924783949
5127233366304476778
5740521089011938616
5342603515224370984
1230436936379439533
3578189317258406510
7119753976921208528
8603617368003197639
1355793755803493623
1328005521327374044
282000661610050426
7403113640530711139
3909371739192520643
8527549996596539407
3303409940165765222
3706860067270039736
3762562473127175159
6661963987113675904
8097652813125254891
5749161716273459342
7453922868527555837
1432267281849220328
2604285924559953738
3085135475668582534
3506339911619627455
338154703985484140
7699879027818371797
7090242287461673417
7894360848606198553
8831891576459176784
955967885822648124
5255032815102813648
1533530100918108119
6623877240732182898
5133426435952663040
7674446020473486002
1657172608311570926
6242655648649250182
8340669987045438985
6591794524044824200
7053430109134596168
3717989158359034617
2463661037895901578
2729894200738268137
1799943284899670348
1924463261235402200
3038878890220577986
2557321451833965721
6937947946139834646
7346126042532057874
3636002293556082378
8383145032443506273
3587616751646473285
376695270628332627
3294665552573533650
8385093949286062947
2263479777090959328
1814288273428051211
6367198764334526859
2996137435171886989
4480253635652129523
2994015584017891996
3104357932632781862
8193753494306684106
8070118614905640506
289885639848811026
3218756359910734375
4347006649227126222
6273547662974194645
588306749542948670
3921416202502012748
7084305426163782128
7415916818149953607
7429634615620751889
1495026379605182765
7383558020269624217
6793572056291495893
5604995240197512834
8765278235648179244
5689888100307624909
104890358662683809
4153405232707041099
9112003712194994533
2877093901945675167
7450780941044245166
2178559919614024198
5576926766075728685
8422680754516770861
4805331627071304290
4975531500681320745
4743379173813773041
8825934576075265436
4220405664257969040
3305935314806742323
4236388885279031944
6802044850270830677
6120551743236266548
6930012012346632706
7375841052020009552
2312556270750997934
7052293763490170246
6515719077925930287
7410756330056804662
5044914857244348158
3512260738447083454
1273709408827307149
5821231764054833856
5184406701625063061
601066445781865835
5677801166158601337
2985844610173147392
7457275710718092678
7181490091739917648
4017323460770642558
7343274477109064013
2034547054476622947
1015720187170428660
7394494994961954057
5962982472250476071
5979199958227144737
354017932351425315
2154253832040687403
8508182296257860377
3787264122074901575
1246236373957211437
5872366090528666081
2626606931103259008
5978709012607393110
4733683378111657156
5122982315022207485
2416902675582811526
2627147532394744488
8340555707355535772
5297490423301532942
3326113408695005501
4109302408911888024
988709831627655069
2783777145001586231
5006629702669803752
4089968562410687198
562853885314899952
1981504497964466483
3214647388454907228
7230425947640915854
7298491674575595158
9217302304658626271
8928288283587037350
720037280864791469
1484723076140451947
4558061514198067629
6773060037257710382
6891495335345928193
5530149986324519012
244784082768388392
4391215908999885211
3142407517507044819
8608399316484535781
3896231062312626595
2351884739546936283
4112791587242085071
5690037165972740718
6003881909427331351
8041266068099285441
8685286102505896592
7073534683132546511
3928646797407121327
8404587644267467743
3803970379247892050
1929397992918021581
8071401590746579458
4243512184351738793
7850742495483056856
74290413212305346
4430204473100552007
3620232672576063865
2582095874610660004
5218349445216819844
5171076927391996767
927778459611852242
8644905047190712109
122226511888218632
6260294552237854316
2459842434894356617
4877625636692164403
6278037873931390135
4522130387533403576
9067310684623658807
6594708835231453536
2453469459221396563
2141881258199194628
3720065795008000851
3350450175443901199
4774365163194508196
6714957458865482594
2696027276397286440
8609949921758265744
1550418379193005563
66784429483965532
8263322192005666244
8987607019852417316
159247896015539729
9210993868984780485
2331485198064021509
705024241498891196
852717356610838087
7594054692646636355
4521423391545204933
5170083791746206555
3124084434009611954
7313432791880038054
3325695683337094621
8184113074237481816
6948673680405886320
7878410009375734670
2463392638704881257
9177873115535127651
1571840171967203370
125610203151153227
2829710897156421194
7533906320805673545
7662638153556428686
3496456497477594864
1810713682343783504
3778391065208816448
9182924111288163349
3997867308008001645
4487861667355139227
3769879241270493020
6264769034025119145
4049951183950930196
3726741180881973526
7976496459976972671
1294315147285443639
1990779613408733750
8894437267811063938
2154147197529132803
1735288115259648496
6389733519154484606
8339953914054182832
2375704642591959022
7251556975584647881
7105475482565614228
1212432731492024819
2031531477530895030
5645502875385135121
439795493331773434
1804670261278694374
5070609365265861731
6216367286020621360
8950207393389404812
2349245344107061006
5474909879350655041
9177260711366051721
4405706456963532956
5514515901938463273
942924456547692923
6793462978338434422
2472854470906414802
828774281045301696
4346146660172774190
7658524003184049498
2978968586118779521
1787006791972491731
4521238137745908797
1909165449995227230
3825128842077216178
90023961924930436
56846835552145936
2164999727562246306
6470118888163857922
2330975586324024268
7494799549551796498
4472393884890105128
7374280453719572476
5462565373434475328
4809032532282687077
9118658704006678973
6969827364652785712
7486979881310314382
8119542379146753312
7296006017349353162
5397188179873730103
389428023170622635
8383466322438975910
5965110606217546067
3085840219512386938
3695084439762780812
384881846562993145
3331314000845371052
2079673147798298813
5865424221206631569
1758756748679074894
4820502793538774955
5710003598384963084
3757730624442726282
2758393356725939753
183936082815725696
4036267081582829096
6545829443774947697
3725093356802584713
1688442278713465465
4624364283191297647
4768111794590395349
2717300803364002087
543866659142259342
4075784503592483723
8034192471226423021
7694059018961706232
1883926397637645194
4673267037811687834
7788440294379051651
6379071591809226525
6653564785005095007
7500305974740957397
1151232945399886
6377196669586727558
6161768381096548600
2851463808212703860
5411517522904410154
1738624098116915863
3611553492748420290
5485641728742625040
3836176964808723299
3726107552152725068
8993446323108782501
7970985355442140633
2055651901940707529
5441273028457606344
7628276247554643476
7113451384765412300
2878215618198938760
6578289331492083243
6444505655933099454
5225871455006526077
355850574121168929
6404128289044414888
6721440067092961333
3766961487955135277
3211812929642865932
6421650996139266523
1650368512667607423
5063444369987143229
2921764180710165248
2601941579492536519
6197188394872280840
6656109584418652433
1178641551091899604
6660164473345258458
9089856056119626150
4834798894969025126
1163443900546294264
5954586520074051519
2919223955592504440
7349511478883700564
5045491775932403130
5283102946489511868
498132107007288688
83956696284621782
6663077742384354451
3801321163563758226
4152720868532596819
6482174345005549937
8410975079641524111
7850562667897136794
8970672042750758310
2149686180690177780
7556359030444877181
4769531869149826489
1538556889959646261
3910645064072612749
6664972002749318595
7451414060403651248
2326115476414647950
7390081928810004128
8492465246227850382
8466288412417115048
5123401639578051289
8883489859051048795
1042066461837283367
7153033170635347372
728642781363744478
1243209577053377998
3067046016698707893
3597553104394109673
3883704217075467546
58111984164783965
3473090649965533314
1278142783474524502
668390243045346063
6301948240951239755
6537015916539611610
8134970312387541644
6692123084379404000
5782187307045177658
8652124346264653626
3568313381800062526
5547839967226705100
4814788148273141311
1321018598749109333
6341920347214336376
2965571710412921528
6294315559279265329
4260204520853405627
6115725010183372736
819460788127559993
1190494590931417691
3746619307993503705
1591277790609004830
5397446096525284576
6934513156875500992
2959645113110598621
5640325513856317445
1596705689956396314
7899285356669483352
2637359971884461865
2739144963302967442
4778472082106728662
2898755408981437563
3240774160160566288
1887149081114983862
175593368976813687
8387393806814025372
4027071244142809124
3829703282614922269
6111145371518041928
7633363105639834324
6890655675727194177
4072601485679889593
7421381510295526482
2087163022272119251
452933371904059071
