6789465546179351381
3061997392318634893
1078456094349314639
6455731558620253513
4471171390139156423
5236210207916011974
5111808397521323997
1062975679395436889
7148743099079295830
2165424835259732549
7966831489441842094
2301331386216837490
1159266447281578853
6989981716350377835
4504479876245020148
1256301964531857152
848010417978552367
8615274388317734672
7382852695820022703
2990006697747639596
2801574346576970550
8989144049782321714
4850738254412206056
2444239638963773638
1017395966546014407
6173028963998163062
2344278253812067151
8890609533171995743
3455785616613712307
2649714637305657228
747704093529570474
4564877916292364678
211900946212073579
9052205959745864136
4469564904689594609
1144037576924679515
7195360534043822294
179260123775928668
8916968280014140850
1167982912961618806
7555006998730988438
1635712172661992385
3165835721944827663
1855316971200555076
2750474262659249278
7191855075748177205
2331934751842279351
5671788211366946490
629859369619802368
4777611722317565145
5259045474120557097
6302475728285536423
1769270986261223781
3428399495563623982
7193701666545868134
2622445388446978728
8536851239571840100
2616926480467939586
2552387388153931327
5975476425975493752
754455061312659228
4374068931911996643
1575826177768615764
882650808520632755
6488365011738388476
3418687345253137336
4905995435886793057
4872920449896735868
7415960886707572567
4550907001724025087
660748180142142925
2975065676935015694
345553575307250590
5361399693602484391
7942140248874856988
3769347055791363817
7987186179818304771
7185666870282610392
5743600524627207451
5009140100011815823
3309828292489558837
6977839817300379702
3244849864468778113
7803421253345633487
3790072055617888442
3192068650354939877
3249650391235201365
2737110859730610197
1305490372799741188
5175262283167614426
6523091831387560522
7410522822124205204
4015800197173108083
968771337590492470
2131851708203004779
5386735766599998962
7185380014254141107
551849634560715153
3017633890776477073
8476652979400526678
2063223187108436009
117652613455479701
7689371170281337615
6868339121309365719
7899998102856764745
1292617239741663972
6043628933132516192
7872653545685509946
8735987015996698196
5171785329182618389
2489879255947560772
6996589366358316273
4106167956301932055
1562047388663881769
8214870491363577699
635317994706316218
7720249853886583229
1021839134843353606
4909829746657958354
3307514910493764817
5555190607143823872
956363694436218629
7659219540848109894
1064781570300219534
5119735613474297333
8601553120902617250
5376439057445593717
6233910088578309278
6076127001812392417
3159255745162998612
907397958055759163
4446370613694132457
1469859086062959028
5340435441288123516
33281709979693740
3284490051482061822
3798161454093215218
6253538832004212267
4531863674057679431
5615559359097243519
7343848595018978675
2424655894399892593
856069937132654592
4077732261655278115
8203033573258287776
5111493130865077672
8019994865027488779
6806913893415794722
7891268632095370964
7687619136878790422
3687681966230557938
7102623591562571195
5469457939818743271
4603518592659580833
3941925189662266122
8700615079909654851
1090870984207050105
6226446369750289932
9148918788665419627
7408971679555229593
1260419443032684001
5007687389832569595
2883097055028714879
6591792904575255797
3543228293479772121
6468712478186913319
1276922905397346669
1218378654378583865
280163407257456440
8712680180420838976
3582767827435471820
834406863591854324
4332350410860722572
6916218831662691519
7656318062175192733
5531788108135548223
7272798899267103489
6095778578056402852
3876815540049118968
6015630016502078050
5753625200692909623
6600856333500663584
7918304116141015599
8645615444154113631
427837052884938586
6375507782311967259
5138166705311021792
3837925410933608000
3258706967730690796
2704219753258039774
273379150576517864
6917554538799373780
796695209078100776
6323067561013737969
1561783547340946806
5968706712560327337
1496039069027069163
8853517525700723621
4752737986407719684
8432282330497489068
1551757403071349874
5147540078682949524
2343520155218614100
4734850150337642066
2875252487974252543
2336049496409050951
3949256358389171150
6703138588619243925
8040517348999127321
7685121876554018947
7984855143786690333
7499315548481627541
5673510086961439648
6954982866107756503
4433409111498041230
1873624653166606884
7836662084674144610
2489830977108398775
8861496936236356998
659347630096638805
7224996215994845769
4789176242491626808
31117740314775946
2699872301670892399
4229116752831929526
5201009648587835807
1952684855074682329
7486558219662796902
6350504979328791241
4123352412504634449
3499822652852774048
2681752231724193115
1624540797786187611
6829698424148129315
5114244188995894778
3594872151017380662
1604374732298235593
4404393910840492256
984160096990398431
7012185292905563563
4382848765680047342
3427634036932022771
8020487435559522466
552528744248945534
2938647163581024254
1839038168537857268
6606744937355885156
5114110014417770872
5555551167164231995
5875738902219305091
8707094937658719384
1666322163231243599
4182939880153494004
5299293380812731137
8025210786041284752
1245139904130730010
322304613162392781
138409204245293521
6841903654548796439
1319005905029038352
6781870863234861802
3705156173282304951
6024373337309215985
8768238968349813793
3585054617369514060
7486272392997789018
1935591317934466010
6209518077006351631
8631015566219670440
1027479036765867227
6275114450537235444
227033375481774834
8181676031560193391
1040476175070287134
8614727454991691547
4032010246605790900
5286762749797133151
7760439258791391266
1227417932523086105
3689805913096346477
6770245400518452522
3710377279587002347
6678275444562173898
6047306299153105279
8273041624362880165
5727320713929107013
8216328677631659554
6285276138573645481
752419683595636333
1855641539553645444
668882543015422045
7289963735355542037
7116784036982134783
6177857833134471606
3891180012907647791
5791270997582664065
1741606461598519531
1271733697944688947
4126174802901788647
5996030010332943146
2119667844667892133
212495188955968189
6699170445001552930
6070323093474647592
7590582988418325084
7895641107014916347
7413153594256912015
1786511035743390597
6357709119199778155
7542072326053360832
1382879630176865467
120911147299565562
2197515798883903250
5133097860818894300
4671393650639819473
6122917881216362462
4911987570573330911
5754711392883118661
696348680402893396
803214284846046114
1242911408950109872
8855303990830932361
3204870055158863845
8219478490874013543
2819589469248167162
207795474363976851
9191085927511903845
1887514912865372048
3900451193924858586
3807389983765735877
517424458130949055
720827360582431145
318840654231707011
5977174966497083159
5756648191531896368
6050267368528548094
6338603535896840581
5900948650308293830
6361379563705097534
385733116554692957
8130068949443038136
1766881516606515147
9093379053805132111
2036058369435206571
4894586718699926373
7854229710473283002
4640089234011121405
3435594319640188316
3767377411159673609
5094162322648662731
249780400760667666
5949914851716715930
8593230696299099127
7431784081048097631
8969025778322336679
909216157570982952
2301973069593404500
7444431360250766717
6544918165262948915
3829053276700608336
3612990404876437883
8824249975251248545
6875427567829896160
3172334389364893449
2236126754913031657
1437784595655473532
6988796454196618618
4621237302782630652
6814067668685317342
1759600027283856090
7254177223876654993
3246757300951389045
7385655123541693213
8637643725227445353
5886294821295439860
4858159437882438745
6792996064672017827
683280358629316328
6138678853840751047
1507298561029556923
402965275462950962
2033757778211369202
6640410681325053654
2013208271447039758
1700741795813012956
5277004507932440892
9099001149915723664
1891150861492371523
5223826330231511815
120935499434354168
8831338657808455633
7097601266983965185
3936738724543867281
8013717996209857350
526449054705849731
2270057041817923406
4023995321090565181
9008544956659604735
8933937881563386796
5898377804331590516
1238133075021104063
748391765014410705
2955758843684493050
42982405709621811
8805502903280580917
5349926540091133509
8021050229671587077
1009109321649143019
2386389020595319192
3778342959610578344
1766961028970524802
1427747979492010321
7460392994487403250
9079422041920964009
1534812080308077381
169820495287346720
1039874797075571502
1806976199938564602
1861764658570074341
570156093086283784
4139728213015548397
2415726861571877243
8093473181020762939
3937157327527455699
178139580943395125
5912601493549681248
3225687163924417863
8529410771496956374
1793380158056752653
1408375707326449511
7463883784333655277
2056774827827303901
286466674915161280
9190594452141765248
8595354555541505162
127141170812844193
6488109283194192531
2348039903983587819
6675860624557467583
1645001607790477430
5305658715221222210
707804020719294728
3243933165795972128
8528161643395462396
3708838011521188433
2527074050871444004
7956410872764675680
5819225057644952071
152952868887306002
5078505765651487646
5298594346657423512
6996310076308747636
6539757289709134595
1135037049508046290
503781862518593800
1689200452551690595
8541854551866461329
7681179586158584153
3644340352992395292
6807142233913324346
2350652451697350604
7238095069131024527
3784555484917993969
7937519671421890794
2044442320686016402
1945826471926760147
558798072821586390
5648628244494028527
9034490425312904421
1683229883057327066
5615764713932276366
1370079344561650949
7352416795058949420
8377890588279522034
3485824099763171752
2662806219638585557
1742306128604516437
918763023457642545
1287584203342676459
3524410028967870360
7813526940080478359
3997017051973947848
8310231813276849634
5322835820481229123
7074623802275907059
7936510887785440764
5321111586653891459
483511253118016835
2554767498884738770
8744515251988380117
884178379373013256
396697230448316281
5873240335736736963
2000144159669245413
71769717465943310
6083529731434034027
1022801455252479431
2169227730855936063
5889855483035214041
2009787826889660706
2792479660089522710
8186692964671654867
7082051652789164985
8683241015124248096
353305908723523072
2355080970314541691
3946769084326574238
4882723863330933959
2260042136014233725
6766674588934597583
6685560739710205949
7159576120434002295
6151943827108186788
1671715540236394774
7998876067285965975
6386803507582513411
6234993023336291606
5715498003883585712
8183865381902207829
3305716425754609249
404952300696383907
8141201006364823517
3244176186058316266
1536527513455321191
6506616243563185837
1060503817783225989
5768826921831108309
6344444643437046504
2308608525621401851
5800604856159276579
8600291560746396719
1299834667219534527
5280263661802569909
197225947699342748
8754440964449202914
937489255318216651
5953623966597025813
7382346001686566476
5540477833714546791
3287279192846088742
906386393072225780
3517377445011750584
3810923900471671795
2148478194571439490
4037539920721870462
515612999647470260
7884547075765678134
8712982352905474400
360827576585233341
4668227605886361592
4846531530054181582
2745528966769359187
6361693034151541393
8334302361787201128
5206119504223412833
1172286860628112563
2440558635030443954
8839282437078269359
474373088902738912
4825515184979481424
3488094844964017518
6416402946982340303
7982120612368773521
2599076444438720437
2935028002911629473
2988300794187751823
113031689728390159
2797485927726572813
1857936137178492737
3111805105076064060
4884296343190904111
6148025967288099846
9092594553961294282
2072399244518039012
6165595825454610823
6558650542157212320
127022169611367423
5555953002774922820
1195313894260584515
4314530127587783478
3124562568589470373
495733452437989339
7590263919948714509
8122351963981951898
1125418183971546339
540175712643244761
4096412112331405778
6462534953355773540
8634954984565545944
910584755385994109
475568759089232373
7736214764510338565
4008317105338505597
3123390830338187772
5569895150271713553
3666549723581773967
4051100591267430101
2464656690951889950
2606839229019242343
3246649466174467256
3136482428302088591
6558944104170823848
1931246435525005538
5887605740994417135
618366314733992555
1438526223967902370
307071205107858799
3322741700856471941
9112264760847182987
7417059630246155220
3133308172073771535
1609178916989478149
5621943324470704931
4018505310109586325
2829857196001952036
7018750116029652133
4201483204694939120
3638046171286992659
932189059835344684
5799355681292700258
1202203999135790343
8271857287404693757
6350464287180519883
1097790818739220033
5341817203179674794
6752711355264346022
1198418741940961419
2547228088044531421
674988170498528858
7152711324005610556
665298962359764547
7562314131808963322
778710203843995590
5957268658688505034
8491487471568468480
1107841147588832659
5822049026670550677
2983830848442602131
6002662511947838210
7200697400408692197
4450071225673718980
2060260536520136143
2903637604208535605
5226165721065701479
3426017424727317713
7079251366701058255
582254601334288351
4217929783171652490
6493871610544431130
735459749762069682
2538597329829871404
8889153116500000325
8699153636777734128
2734900027305230313
7705545989578315692
7270270050944856022
6790819993764604903
6959787269933570053
2356108199363201507
1644900099322171637
5319550357055995505
3194155959922604141
2743380887881332896
8144817860525519925
491155710597128963
6489126112697798608
4765822385330575294
1280904116018508959
6644125973729920049
5599821498859180945
667823728325461682
6198930856446999464
93693112729952044
6144128510907897120
5621312214911146573
1148347693537289809
4593889407433646898
242879046567948034
8324992217026149203
8366603804978837667
6370509015251627410
1105157232615400372
7547690015401942161
530775171934053765
8613414849774620713
3980621482259834893
4865190105078004024
4844640372797636218
7147660312587726422
4284724661544349615
387025416429422281
5651836714187962783
3762224743441223661
7389378604250749762
5152837721302487440
175591516965728319
9112419610695070125
6701231412330955647
4099752278819110644
7241487361097525946
274810072232673036
3925231866259757432
6795111473926448473
5425891761733020576
2608624462388019054
3304100565691638353
8443875394687516118
1435205705795165363
244793784268323894
4954108416620754338
9216379025292953538
5352486690559456520
2937618847532141402
2125915611498962594
8580457566404804674
2756548144937894516
4476574935723304977
6198717267468749205
300291380374984469
2839206792211831927
7381272446308833840
8367823360250883701
5713823760357803864
3795472163689230933
8018149211152101242
2226214999512317141
4442551960001811107
6058972469662417672
2645564146987909224
6977702055859795415
8745961156458803687
8764075966466692625
6185323317961165788
7727091509142944321
4248633120854557997
637310449875610578
1873403379730113598
2951840278741775565
6392197085620892604
2028657158884545418
1765691648927376235
9067772135292598161
4967719934539388888
190554131170715776
7623618176565863216
2660908432261853043
4770077910521989745
1606300657927374619
5087462114038478150
2598376065737171029
4996495285112920660
267245739746188427
8635903159832948032
6610149768253191330
1580558908534966762
6978128408517444790
3787082920505243737
1538933731651689189
5815762442493236151
1567197489617858922
5087029845777597668
6496692688547004892
8221758295043259160
1975049363580063361
6623143600198606213
5798787087547380782
185743802369699198
1332189160498627311
1867845084411827814
3905898510281194310
8761020635431191860
209711739660210354
8478500305076574025
4069402565486869379
181699582195462924
7362215060046621425
8172549158690311264
3936073736158994892
3189487833906396015
8279119495187296810
2575570658138849670
692988161334650650
3075090660215369998
4734987602122533630
4031982661635629339
805387330302529948
7687345556738472824
4529129231124099790
3764287804228401187
4929925102622531397
5137741411182923535
8611702434787146415
457852171211800700
5543119006007405699
2755754380443655709
6502883153789007062
4240747266713360965
6779995394139703701
7978058356582599769
6565522130909209085
3444140167596008665
3870392072962348657
2545939531864828108
872958592918690074
929980156065482340
809629611355513785
8629508278196831816
1082826330665776980
6085029334001166175
8297144121815639913
2893824115169432734
8415730321688799334
5623328689255139693
4855642751461396930
997143996776218701
2628069212616023308
610228034270682629
2799023027653784987
8014928548129097801
4334685125872341974
6444593182158455095
4794236688083274571
6541852259052968476
3459821577873550384
5235359943877757962
5999817933533122583
8993649991883839933
3207743683363482794
5961463103119739371
2471676375345219900
2315782701894385950
4703489841734668438
803152796712541423
5440779700038699847
4679589129790361397
5109253554842788954
6722428856943354886
6434850655764403521
5670053025911944938
1737572487514577770
403812315019926320
6972180326174387515
6706677256093444722
6488671075489139704
1329047841273816294
853382614096916905
9084584537423602575
1325072554279882357
762912542234459283
8147509605170889889
6108481747023868354
4133961057841608769
6153568296125640746
507935469090579721
5609843466855760211
3922443050258170696
4774718829346481181
609141084775489915
2206497875874488360
8279351992484899782
2538456297313728869
7436793733752054888
2155724659516724119
797873372251625154
7874623968755632086
1626848723032526228
4442396735367226124
3128393976651799547
7371705896864078918
852101891721870278
2009523622446927935
6191893846388756403
1509549822317480466
5072073746236554601
3545090144322399671
1338889964889900170
6915084777760284362
6893480765271227999
1665559599449677204
8488747236668052190
4363217875926759075
8503620178984098726
2225697839997170312
8420070921870904686
146246138926093607
6849361256993791036
7708311223205932802
376730559665628750
1505755358761878672
1656386612402337210
461980433585322130
9205230684198224849
2303304358367031463
195160639912674089
5333761389123563430
7102883970776156216
2953432358292865477
6010699746195096839
4819303053765112251
8315202778923096202
8725085921179003027
4566168183406176649
3720610284733498813
2406905423958284078
8834047829753652269
4904885006745784237
2729926632166672372
1387783279381584805
1320336336544800848
3297847434817327799
9054153941917249723
4369873463511387486
5872966470568832736
2639852783075855187
3846771572263526740
37974686553537952
3544866010264286503
4808897054904183180
7200162514000623817
2779770400218191601
127655607135770982
1941893224329474795
6858377630978432144
7450584900403202315
5420492472528343178
172130280325851716
3538114312151276427
8948457398528425564
6902202004921012575
772318012068692940
5955893723952807788
5175697668611368669
1852695573686148488
5287264247713123542
5081670872787976189
6643832081806191482
2728835807436479994
1008580168728078018
7209953473280229753
5084663039562282305
7258079082515592118
3177402128407040609
2426716830532953231
7006427264222302263
2876507469900517486
6455072676435049578
6529861627462590077
4528009127499408901
2915229210143804956
4463896424384003201
2278937416003154605
3996206898871299768
6997461478597344861
1787226212407973007
4540751552255588688
2091695389706839962
5624937494582716496
8863195250535288379
707164297121775015
4235048764522327343
3053052416990958041
6893314054055287293
5193940819115332567
2688998486022826781
3872896037583953692
1083770871849396768
1995059844096582290
8765828126178925323
8999841492216976864
6764475141670190477
650193764841073288
6335879033732142301
8679271956752999478
7263606526429291654
8546469169042388084
4385807105756990007
7185491789016876666
639429649409898239
6550857866643027398
6606158481374433523
849477394167834908
6131088605563763754
588895817648417275
6786003053110195557
6035767049188772848
9076297701372892449
3633214172528519517
8983422841867755636
4790305923149263718
1893613580193582823
8211925538915788963
2001033176187997425
8116211300144272819
7256901559369781696
1035602184888479416
1714278053734539871
3916407663123585101
7626115832105781067
100444229641506518
8379290684545678388
