2624207869552638051
5262768605289271529
8563455295240417667
5588449793197378503
4692283246509512266
9061729745876555689
5284683842643361166
2776245425115504426
804682378259507704
6026885036522402765
3460665336599029697
6200793263579586752
6318018921931004255
7329687053516808217
6510860351456572328
7944540981698450239
4671151673396457920
6418255979920663977
5332819434308985660
5492438388991045375
3204246044949712926
4103369647717963682
2152188324215844751
863201462299040613
6259803328766017893
7036924158035460240
6988720294812518782
2129034297153641045
4311675276951383457
2266011929850956498
6414728113239914750
8640882754723613856
7504012842320207496
7035385459031232551
3887846974773871397
6400374481664339489
6372048260949630925
6518875468885244901
7711227760605650003
5419225663932769637
7472288773854396737
4897598082495609033
1388070916501938656
1032673549479284985
8126063914184609482
6374973233231227583
3587427555509182413
5039628983598146611
1205643136471820765
1600161505427835154
33944411108532332
3712003340295511155
6574125410317602640
2680577634880613597
5097232327864791756
7335524719518050182
1169680974121780798
2977973899348481653
7692576242303713307
699391404201450353
4519996257648786157
6592469255676606206
8200511163642352158
4646845206637036548
552251699063454072
1998248331856723958
7962855914969876544
1621024015248352200
7085592605889565390
3869986310205346269
3385625234960323996
4174006867541218920
3554442046775738640
3874721295896572460
3221792014512881945
6884692047053297020
5935563664458395412
1190689088483606076
3012670245898929058
3806939749553143618
5125076303107250179
4661625035552210944
8810137856724457244
114457246962820110
6863567676434037321
8225819400712047741
7795024345992950977
7630951798635019245
1052039530786183244
2740748273797835004
6976791753638017699
6791958746930955442
3755200013274112967
2208358776998429031
3770764942388729563
6869780796703374869
781807723666821262
6503019858516282239
5779214809099963884
4797502259174958642
4777880116931631921
4165865080392802193
4210228907572810562
81687263524562617
7256359110390127621
6586062173102846867
7959248383347675042
4665562869518908373
3749354284318427100
4959574619813360488
4994172998734400252
2173848611776807828
9056655085088940716
4365244501692535849
8181408818153336197
7656196205650614892
1065691824730830541
960425344698704373
2090424319483005867
2440281143834170806
8896849486606680528
3680364724135935346
2018940223131767822
215814098987004106
8496937261100270525
2315355671724952232
906563058670286148
6365611169216895773
7017089666218096726
4376519245182847548
6397528020649826384
6850112683672963936
391524017562393577
7550254778954964984
5698549974806676067
2768105506020313467
8154110816105872181
8619365681371943472
1356897017824116261
439442600045349870
3064002190893712889
4785705219670565004
3956327906716605411
4423157120671695527
6006632985103492945
1240683728132220657
2793282449181168863
7956651991324951403
6412140066170512361
2577944306557235395
6922530710686470405
8237802442417149068
1738023374161138749
4816708951562445208
2975529789124860336
371345192386157082
7751936483740467772
145307093653369562
6582438532614785705
7093430791808559629
8541375598118666847
4861108561590144259
2669929930775965143
1851436050660451457
5875977051790916350
1068251408881028206
7224050711379487951
3163202069896326404
6799588154137332237
8921140600090851948
1098180042645570700
8156118198827879771
9201949713729308374
2370545827349493421
4198648274766445386
2919280505151299029
2694249755352260700
5285128111747742503
6462881407948024181
414103806289576309
2106505920418099483
2725507164800502352
7834663708088669941
8086885235805660715
7115789124756386440
2491044429026341361
3466777128349166161
2402324046423555565
4823007581003869922
8161886519142025901
398908110888398949
4970408074300044123
3255842271650422966
5171528554398109351
4932287125551907660
784506571517677887
717974566534461952
7513896749162001708
719969903533662922
3843462258336749942
635411721287035041
4448341196388031604
4188131067445357333
3915790904100311234
5645038733873455472
8049453952869001853
210961134025676961
2212264703546995292
2238664760943427633
6198414408224008752
6489644068678827006
6909720435361510446
1899985283977920320
1978479749748717658
198451372628280231
6922073939524378298
6065640485005601715
6262177070626191055
5029740048039644458
7226182078930204242
5321361910560589706
4645007776715494838
4557693974308464799
6372020494007018930
4984043157178984518
8562753823621073237
3342508585174054946
990150173860918719
7065969182106941316
3280895532542385471
3514293116380909600
4931342653372598526
3127660437309122112
8077231318637510342
2419872076457730360
4897985730395276212
6846773539630589565
187380571517516573
2529224450716760836
2614275155017308314
954973770148387447
23529053776013809
512641817092095333
4011616651496006789
7743177167821624953
1247982871283839573
2269818391799404287
7377946641124799697
8826617634879716415
8623587329132029395
1388877241982896506
4666505242475578808
1439441106894181048
1134632583191360327
5716922024006016105
7320322307552988526
6740563554287940681
1163116378967385638
6190195859463656614
8251920214843270727
4026927824102635445
219243897859443669
4537231244971154120
2403094533325829097
1046630952248135944
4980557578201712075
4219588810361039054
93648156071970673
782403465361019030
366201843563534547
2919193033639946712
7519995586994100872
6005833708759636486
6744122759467126579
203283535799492595
2430649891894119997
5117926799378284891
6810813387483217375
3838557158734783408
6953932303952172606
3080026830223694796
1875547051484169702
3691277667537516075
6042181992165051692
245923216240194660
7886822821500092131
7280096270684529781
3925116401314567469
3408953394445086019
62863269324974349
1542069451669187207
2115849685507073632
8363705129641018328
8946654167684728126
4063122678164313923
7941450632581128799
1604047955543048202
5794417652673775869
7146750357300061397
4764881831778813114
14076553870336669
5916622156064046921
8573999330995209356
8600267866718809455
8832412737408627717
8793412896343554259
8215024315365839308
7211735124825588571
4727274751012840811
616181333528728945
571202354788235816
2173036330826081658
4655515468988656622
4506868814579348624
7616228160272820620
6663752180167960132
4205089045229269207
1588767946266731927
1976354989437627904
7774319019102699157
4322501690181759635
8529299950025530176
3084314839573518230
3264486789601618129
7584564747079467608
4566576472601160470
9168438438204513828
2429076993080277384
7518622611136677224
2051269266551313121
1854056427554305453
3749755525117485104
408535039241332544
5897121456488695813
1568743343312559664
4919047815845079535
3373765958621896268
6068097722333828746
7189355011107902225
2433279741994660251
7504740287353514068
628760835311185133
3609245200661110933
5018621120498292847
115903043236116171
2667891563827546614
6730453146671243421
1961608707492673589
4681873115765288306
6680911012433349909
7322030623970098155
1456187387270786838
8992286887051162591
9066842821690203938
3524132119709794908
5302627853612287364
5210264729839811745
7670927672705089777
7496975617081011144
4617623827942828320
3086973578816347047
9122810844026918320
2666835523446098067
8962880320887785873
1464812050051475097
6181988420024022539
9150613055691547986
8488919481962057403
8255204519627539930
4606884204600323501
9203573463133189248
832524126123708474
2064270179739332566
4903702343326285452
7464819041046234707
8840370138710975045
2171018790627367288
7899384777615422679
6044141855665053425
6693493252451226457
8731502014334585260
572001005841811276
8866444362529383949
981835133416205740
7008256349395955567
3471221575683393394
4794995084946126872
1734018070666135683
6401484194140901192
2487648381490848794
6948028533426776993
1651350453212120942
3791274702761040235
7355714594349295709
4758522563061611690
289822609094310311
6416016404428283798
3991641327041927210
7621627501647100505
3694342105338046168
3331235565451405227
8457325038716289259
3898515546724809613
32662306086927592
3378061451506949045
6865182476304274795
5724921059965870018
4307094537060792578
8192651684045893875
7673124715224310858
6660746535908993105
3935536655787148514
6179997744781509376
8176195027209410157
1307380487573540867
102796065615537389
4441118944905337547
5463127940314330218
5869883820064630540
331789287550364615
936770543193992000
5196088913229386155
369712886737432501
4633117437019968221
3210218315047637539
2338549034051726512
2540341314471801755
9048087652436473423
9191448295168356798
4881571163039817630
4992726685988128385
1404849532553654561
3715971534766326533
2183604714682534129
4988690752149266844
6265801539005002401
4307767430380910285
8750587498002392907
7807319432397422602
7627694187682986419
7774429173566907708
1079363348290799036
8924930609719658929
2628213925152434925
3421112298886923203
2829078713621855114
761945346959427800
2714517165566460412
6045713435873922974
6228911979363080289
1893305097047186814
2935045403060492558
306556183789745120
9179368707688293822
3899176459002429270
8724678372684438320
7610251687970588708
3257719349191671819
9042847202067085501
8109446980993082118
8992009637750471144
1035305373041279651
4513960078572792247
7383218938563232727
7067110753234219618
4197309545449278536
1641949793351782848
5922295076225558766
927016627993555121
756619036509455178
7822220217366550058
2748436720314644279
2854858801972321463
2534798513488709115
7977300108651688222
7040372731718954720
6679620334055868870
6417234645479694929
1761653924893722432
6277528212162807287
6544915313076368939
6980479842483097155
5450110061405333017
7238289401303866346
8763819443556595456
203652659031923563
2346805266706388588
4430237251468031198
8471956697148424163
8629518791347704270
5154131122146053593
5733432231411308800
1767149776242010559
8204960414015694009
8710328785109071812
8475584011693052368
6073475994151208767
7651416660444939220
3135810983747750962
7142047533400523019
6959936005655706005
8298723374482351349
4697424036263521459
9048256607383452382
6190498283222673680
1572140229382503686
1142251121995610330
1458012385872332184
5162402173463395260
5034115208009462812
4436555971876712218
3915170827188813657
2836958197469932209
4503437556266547214
3988829668427851701
4052081144632032585
4895023883536589237
7879809212588135690
5243879242640046938
150784922919710857
787097082881107876
2237485685609667216
8541366008120028782
3432809881510588756
4727321786120814258
6640013445800610688
8032669924891792380
5816646672427482736
5292997061608844517
2098674653715257813
4254572033817007868
9135556853752457944
5812001723812124806
3381153257385208628
7088164266590538741
1202488417752759160
7881481227546948630
159273881614300631
8434755605759295649
5162507562069384389
1475216651404800505
1283842997313699819
8264676098934265663
5127606340464053398
392971252762161934
3998330033713422805
2732312425064148705
4344888243861776144
7848596856571646836
7545426219547544023
7103871648744135897
4012514619310976369
6803541336414517801
5886904576517361539
8380964148716466094
1459909733114575063
8722216746395031343
5956442883416152887
2897293229485556440
5942211025882255021
122311254967449246
4862202219642653468
3949153172230976805
4747709523754629909
3479805131270978380
5762637426666120643
5841522604900772239
4495965079058834248
7575768797329862028
5039826335628428722
6474650776921423199
5543166550197095808
1212107471238517514
1222162104281297678
5544635261512521957
4739301798425340200
91822737287080317
759793747684852962
587373211900476349
2373495032544072177
8925637769256856672
6887551667679532146
1277523973006813142
2348990936878017004
4836024467593880876
2118942132758196204
355739754767807327
2917275441581249556
1004184672111915165
3957651309619036144
1603367038079944711
3724316448543734038
6546189653738885931
2551692134549299414
8888247831255240114
1468009301301459253
7710796479954420008
9221508159482496165
7070968145908006292
7636308452391855040
2541580971118355000
2470374884169880461
3176329754408174251
5556911688743623646
1455426893643497217
4883966068410520304
3096169944792540087
4192951212865197715
958444384279575256
2713849217007538127
2433175478676431441
2658266220762638683
2271637451016440132
3566052093142099426
3405006260426689559
4413927578920618637
1822134120165919804
3576568379835145868
8868684827407133366
3825100031747471868
67923724154705998
1969361430367084826
5402079957277024340
2769810260511780267
7874443367191450815
5101734284505372443
5335909173826473505
6728378164659507834
182625464475475238
7362453054055656496
8534129135004130390
4533406908992253229
2431175949123512752
852321836774090021
2028473104325783557
6978510800397481524
2005520213883966563
7879540163291389847
5599499137892860587
7431253861156979674
6300932904138514146
2919679457546635519
1783886649409887182
6352249687228044365
7351399595008953375
552125903490206761
1099555970404279281
5713735778045855636
4514596184351808270
3559089707129305944
8932058327094707664
4946833732994887099
3845094448827678232
3095557532988991865
5611629989439957887
848715462146428906
2581996638844040894
7042200760504487899
7183224915978904549
2145748458408953704
4414595705546749280
2275344485150917140
599801064154123168
8117709507548557791
4629324352560602595
2260478908209977734
8055105998550746062
55146783855622039
6882291864770916517
5393155531215860148
8638486533678963758
8173879200710554577
5692590437194770126
2070719443566505963
854977017109865651
1760736115759599195
3902648616292273861
6763686686467273041
1815817306990717907
55991069886832850
8181815832957365038
2191071661704000012
5334444725422832070
3372938163512612709
5126225744270754590
9192667990680438434
2759762739907777967
6432456790680791046
4764421101167748333
4027884764775018983
5577585187277150328
3510079459643892053
8557608688262412356
8731794889186942977
3603668675009629592
1421752417523615745
7373865710817803225
963638031830879430
9130507780982681954
6295541327745914722
2033074392580126646
3738841200702310553
2527979922888416691
5774534409654949647
7907869391069936800
271814307011514609
6981106973857492771
543198832226122957
1208294582543028786
8517996337953720847
8832274761526955524
5840306505932774415
4990384323931057478
6510305520059806942
5744926217809707409
3450912857183310221
7587788544965795413
8415285297621323455
5002927325398662942
595228395193592708
7079761667258996261
5003750217172483363
4661736148158919373
2958996921778017355
3895470747759196931
2396980503272750987
2396277814667688820
3572653908754333990
3181671059965597858
405819874247580722
3473533448178675925
8316412426312580218
1201430615863258542
675200659565981484
7400916542258175424
2307677707936113165
2536366146891304467
4241266737029270194
1824050192267466664
2033473810914176425
4249177818325747942
6625566602800231188
3524724542529768645
6752958996617646431
2144430364831811943
4211755819796437724
2974241113534058985
1817930262690625303
2602705914534743916
1412576203917698473
1617019729296614648
7768286909997215377
7518211940295027944
114825725402761994
5713759796953272750
2638878090721069570
592861671006325933
6462978117388290053
8441455101449072631
4084828640867527337
23574166175700598
2224114449418508691
9000863983733861352
3682695569031745557
5878739325064678362
8349588308856796264
6075019168969477830
8028332346372962851
4113320536428420819
8743405924927173910
279480674250614869
9011788035538667312
8210298942281551225
4960614680180418148
2238553407523901945
2273640153546077888
8746025170619528522
7288678325868244380
504886391355607649
1120828798870142896
3828558213221825605
137678411375064838
7953395713160761841
7130805727228972918
9200298938936556160
76467568563180582
4917541362556123523
6095335588845951184
6777588309432534937
3506315554770483370
6743322411539020597
3136296330541657570
2641829351946052218
4253874211230274037
4639809732033222781
4141001552269122896
2371324363797838849
5126229897009213207
2387049483245879003
2065140159687439538
1764803189970816279
1001912150305976369
2883181225232935700
4972546600351469820
7426081566059683844
6531971627345787728
7224615515721958570
7723575987877573782
5650829614140790764
2846240258137530155
4075064785714611865
4856422302777975313
3988589478083610434
1686177785430477466
3496107700860695111
1279968823022917488
2102648711833286342
6882615321440988940
1684678432220157443
4632297709042069025
6323367993610493802
8047048229199927067
5244128122217146513
3946140096894961804
1051319653082391616
2609909347599386451
3889714618592789973
4478954022422279992
6104917509830069901
4056538683848720334
3105091340568396009
7881336386664540958
5281592812648552450
3464819840141504192
5852352393503572187
1791750317483142313
8028605056297015380
6994098247651887980
1470608043183943361
8969183042209894351
3349824360841568782
772268836932816580
714440029168929126
4098052279697236956
5730547121714612381
3741331921955278350
3836437259298605992
6499609031660909404
4762830852201354009
604464554379175650
4771410399180859751
8330550379722101302
3621477903827911750
1972084124201485151
5042126271949556035
880769571031753749
1749206229155270591
6224901709576777382
6785447375233775012
1795180861661988375
4051908024772609883
6721106696117931270
2054601580317248862
8343930592367885392
4887432827511119676
3513013476347766737
1580240312537794333
3691803618503099751
1687253199160902922
3024655688070798320
2401230655953549454
8117599098156142236
3393493993738791307
6761169781479394054
2564023040241851134
3958733219769193281
5923113532307158193
4374619927283443929
3180589618549845368
9102003653552176573
1713701935477548486
1161727920079067851
5144499108901658124
7551102278054716332
245707571391080250
6110194609751223540
1296612360239496224
6485033090650384355
6289474630404788339
5513411787703435879
395378335145421752
9114608043647328026
2488550816392788191
7348019994839235779
5894477831681652295
8811033351722110359
2832673529836754616
193140782005862214
7217583970012446075
4476242266612716025
6451660295489460152
4245748142639789161
6080531649782009487
914805053692402784
1104452524811253290
354554269568798341
5617203668552903135
2042549658196120226
3671760919606752637
1356147508024400111
7256435993155423494
5208539838446712496
7001294720645758125
5292585182649577646
908042545517448282
6511161400422727993
6968431020756773310
7922601949797189191
2725162234316288419
5755071439392935903
997232555770428452
2907452307769853082
999469850442490268
3913775335469201063
6535601679261619026
5821449438265306136
1646504515236915214
710759642766941714
154643375317183274
5666311478417559124
1083315513251330220
5544417626203596349
6712324931010114174
4359662106896487300
4704421478231194524
8118423675290800392
945606737245095104
6483380780114908048
6010234433327462838
8463641037792078606
5952268240344317852
8451035208083476181
1088831310206163875
2788880455446084218
5018604886189607515
3658573411447896543
4503999185561166214
8359717304463379719
2389496951070784328
7511893816953384794
2558935770110790080
1931720350226834078
2723882633714379464
5688896942773832651
4152680369196673601
792945804333344568
830477139091186810
3224884331386076937
1425483341096449464
2528677590104164750
6275927575516219176
8288553220877543241
107140581532530539
1564477880262186265
1957635095494206022
6831212268488647692
4126046680274995489
6690642253825976639
1321191224695758257
817329197409125484
703146315863889495
1371947794179381243
3254157710915161453
1960315411416898824
3004388645809592148
1559812405661180813
1158046577400497340
7888070817348350240
1104338433135223083
9045377153596825337
5446901175552408409
8673113623589263493
8134994439809920084
1779921515299547004
4516319246693421286
1811154142741335095
3980426735656257591
5253056195289516861
4022913863025121497
7230860870640403554
173748394182753387
2787811637939842701
4066449970876986102
2651384715350347325
6737768287838619046
1839848305445044757
5446645303268866149
1620127244331198116
4048330956484871929
6187552517428729055
