8731822856742511820
5784551994193038494
3808057968275252717
4649140951357702594
717690978656374612
4993673017652439579
7353276204055715689
3910667690740427222
5060706776689944690
3212927349016341573
8036579394667307849
2246146667205461041
6845423472233609495
169308161425276992
8077554389496156161
6997190496897597993
1938217291361695442
3707517243067848543
443260689678908763
7111242255735831969
2669951593815422919
4289018228450397719
2675746108194171651
5365717329407695572
1952204064061191337
4416405756001581046
2596220676226032904
5879458164596754886
6172022039789622541
6379560512921067013
6760394153114112652
4707675665199965821
8296682621107630839
5701647839076641771
2705035404272853278
8411738468579290240
8754762672600775658
7457338481754403116
340533427616346415
8116103497344301958
180258460667500007
6932641697743570006
3690126194545245869
3307391975782300761
6511555171548042734
4978727269404250139
6549417650541897424
958709295920249960
8678745591639702336
8434976871768318131
8922021168653568439
2952078050915805327
8980684012801356054
7494776067543750932
4854419299977901558
8120757160367773374
8213310066720931333
3777949331449298672
8785530970252889693
2744689575259917403
8778531973030174182
7405269167045635665
8220762978248647896
5887830705926517302
8642578683951023696
4278159619910650118
1483119358934739515
5131075115810503964
6162906552016361788
2390718473974278069
3401980501534011738
1207421984072204187
6156091896622542310
9069924632695759227
4765758433884180206
326273895106579260
7173612410241909147
7144134074761561683
1016030734999498554
7186702240699672396
4452790183386996083
7864516026940710969
8055268766746964965
175327909659886605
5223398954281287994
8081584731588791460
9104041619267813714
2762959953794338683
4610998502818605170
5206608868649059328
1538918696695649641
4104169953623070038
5749496990994835328
3135407140314705126
8614545506856734709
5828252746372087734
5652530582721960509
66262495293609127
5871632955917248482
8082303138969920476
5017118969302491322
1206194554319604538
4566933495679528799
592414925847201298
7604941264385537918
6116667762334696375
7138163555600081670
799993769538967322
1791831055164500832
1092071724953497393
2390909030419498923
3113312430359498446
4530661080277258869
8542597939241589937
7691712346497480035
1248562393200997261
6279780939641815359
4153348805412578491
4796644497084359132
2956296335480911013
8095614111054968934
1293581540666033534
4172204720616558377
1730279953800388480
2755300931383245780
1202054230605799047
3189134397682847709
6803667665740132692
5712647211281693637
301885391497200274
6712476352678359261
3349487383624605319
1544104550859654763
7971170532436349801
3563332425354215751
4799317037865745772
4242760390693307473
393977466335699509
2619278776527589936
1167436835629568891
5539049984475575311
9161487032646582249
1494164348928392798
3568109505577535228
9213103284621651299
725766708322521795
4306492686150283514
4409587624564719158
6379719194412605339
2283621905488308790
8191936443551435426
9215616088066378149
8305440638540748628
3818660120681057687
516686179718208715
2879305246130249503
8518903080429551938
2650917629660136905
3310103918477668701
2009533432004488833
4661118854067481023
2817704137373951232
8752907463053944735
27768506369659516
1113150082737559695
933377368677337612
4289318689411188876
9151016676021100471
5845941561017960949
7884265383335137836
2881773329092065910
8894614311483809137
513710851434764182
8065574280436120656
3735552529157511386
4959487644436993800
537365669385779625
4194988008449854084
530251785848699944
1316212642885800610
1096663619230205737
2387256745029505658
8734851998355413814
4915867708376357204
5943666897974431023
8515603732890437529
6883800025209515825
1712898496494004116
6804368804484720647
8456791096506855657
7587658718206386636
5371356556277380386
5065164197680347904
5108499555967990334
1909004411020151504
7676329123014145240
1912507268765195821
1773915632979445939
3175251338074736706
4295106441810621813
9195875842378280399
3949428068149784049
171646912637599991
54373157055204556
1888923546756997213
1500315636691512436
1716858074484572427
2898406023008655055
565824004247183216
5055845325996604167
4525864968968802912
93380824187483875
1328943714416053740
3527944347215390708
2924788372386664024
6721239350395277734
1900254928204557986
1077210781828519605
5291809389927961798
2146029145611857124
4805201296891610761
1046526811607599886
5040599559192249306
6218947970610893396
2081326976429532279
3331449015621161702
2241751746548116590
4033728027097350694
8692270120959566235
1185293175264760689
2552804785748984987
7959462228482761099
5046739614181284839
4494647795443323670
5198016476880629844
3915680553995827900
7134321133773668273
3792115437078327070
8632642169614970631
593173265311280587
2028086787532557168
5998111269864288462
2185306154915739585
7360800959851819102
926165468354096706
24274121472064329
5469161427015351247
3385485173303491706
7349495142167903216
3385484625299331119
2113627905901076246
8427921895661698658
6003797979964966024
40977911556361402
1159005301663054962
4848120383631003759
7246437538058476270
8957190301210390440
1283983252036854948
5958887512703994470
8514452725320183963
2491047183465489799
7951997074812319799
7462995737338010015
2937944767098909808
1978744695569919296
4556650526562956229
780902271282746404
2236432267354873969
3020674689125289355
7082906493207891399
5949931792218800280
4183579542496335053
991119559394359857
4804991854943154860
2752932173112914160
8179283550025713807
2159640303423036210
6516723252052695251
8866889453687209528
5484164813035024443
6774784882679676926
7024879848399714551
8650001145873495818
234514024034384452
2807900185202670707
2038568133737313082
8000178034386643854
7128340100448667014
5104927292180445421
2392337668289900784
34689108855525789
2056975833595953148
8834475539858197550
5006969801934697337
5677067787647209947
3576032996242892676
6265291101083777168
138311128073778250
4927513114224871090
3467690945170886582
5599444121528114978
881784219548520767
5007258087533150719
4410079873379336804
779808588420015085
7664810520892884472
8174385318947498077
4529230819636602197
5112117134461822682
8848958183599495853
722973344539340246
1214185629907817631
1643214383114382135
6798824572335232995
8854123287193643415
1477443614618644458
2590786429850335836
1622847216362758547
4583201224836410613
434449383842374976
2125424142900599936
7207629439356765677
1438521771004984034
2344852475950119685
7491038630649402311
6929698999356070825
4692522118847695486
7605268019076018502
4940851649804261688
926491072181934687
2094970906718841212
4560909662111904777
89829730922175864
4029565974405392460
4383473204943713315
6747510169829354512
6309927688863060571
4594097534853180137
1673491440466851454
1791148440799983101
8924128822569635670
7985652790756319259
3517713971895748568
63494390341821124
4735806763413712604
631821741221952047
4577465727777704487
5698734024884861756
7224713568334106808
8094882199801532988
8187529308523245673
4038482104799072849
3653586579512855397
3034001831580520595
4568621824594359731
6772164807028248984
3866958706785517475
7695353633398110927
50664722384607687
5306684860130759893
2913185742433555937
6272865548322908032
1455202353649786668
1156449914421526698
2279573718293231964
6250825565843307946
5024289817442715732
7150105819648457374
6596486867163424751
5543670368089932512
8114717591737101131
1079472135766573840
284538341231630623
4193909814608669893
123609045003147825
5240585259536159272
3618947225788284853
6138178657196212331
2205837442108549777
6610897222546290801
8583458942132220360
7812056198959172821
6380287188401679123
2177799751549034865
7225716301320455418
6806955804854684538
1203580002237211638
7760151994950874856
270051420991140068
4822346490891564839
7556076313731487440
5071344440629451074
4266769998706036441
3829838090634915551
5098378003550264925
5958587582982939558
7490147544504958819
4148512689183360224
1056266085707001764
1735966616690150633
2685615984028121830
4804128627810135387
2130593482939333583
8392165684011512836
1987518223321175999
5234348739448659080
3142287132024899072
3487736237973855429
4037564765267439140
549262803606648623
7674528823920830600
6866866732078828752
8126559244021391459
1161332368675796624
2555690000920791472
2462254332251820828
420013394926081174
7464586463952521552
5119245573855524878
668284372409184942
3041142827466499185
6855971517027881602
3672423852872046435
3742493112004282179
6017701052177153496
4847496524535803375
6177806209274011247
8552999062791555427
6346031329090244937
2930655388340616273
8095225725190936705
3710313348913362391
3239006854442188196
4000463670974007020
8255073931391185902
2640499751026697360
2439792760045937212
5625559433671252973
5297202635738702952
8603336749690852871
1343530175841244569
8350270448684294948
3620804545739794559
8551961356414329151
5252533871070073907
4426654648854287877
5684212266049675717
659874640168987987
9154457889693348580
9145256085616639537
4287786154727314703
8153638349771863494
9097490129141231268
3094202800645744072
5555471160241274106
93462416314568722
777265323227532979
5088734005598464542
1794585785750981295
7604530664674751640
1253128975423037233
9169907833999567607
1964119880824565567
4781355455371080135
1541244785106904025
6158268023913856922
8411563230584769431
1998111899045927308
4810622942842387677
1075639430081678371
6152188235776572230
6908349949561474161
4988952383763004106
1902351205862858010
8367795843985960269
4456531319684815485
3069577390689398990
7461876182499351353
7714889402726478766
8350385230081914179
3790744674872480591
4125774075384787563
797796467876258434
6132376035377960993
3845883917767968326
5151415650975762529
9191534093912575305
1071520962722640074
8731636296861710967
5937688942634494398
8990514805277309186
9176730658457748433
5560176727765259765
5863793162817193172
2714755970305546210
8025265117152051968
9202400960109086537
3514602249067166956
4764319884683521613
8221545007906665252
2004540074436659927
2577708764023164384
5004120757393294493
1240139298831742252
652717364284711389
8114671658626917141
1682524999365226128
7918913987806764345
7382686944631738626
3109018219404201053
9199875795431363725
6373290309785529920
8175781581252800436
5774473520762166069
5830863185497226301
4984202126791831821
6472295755736395258
7302753723538504764
6914398268818993844
8296892522413575164
1682061152469874391
3566925301142666968
8862892606116496562
9180625334261502295
1344092679715766213
1616133633795454811
6266289032672763141
7647772538899901242
7292371647728843347
8311182826154841602
932452775096255730
6092357244129617050
358528409713710948
7509468704674703451
1338967861406287075
5540447402899602444
686578936693128204
604163435886017029
2214989275810531343
7256488590955900161
7469332218697327415
2953892573909555764
380681192010731733
3839089475328964562
4916693098427880239
3978746688281128364
8437130020313922201
5869261705222521398
1194978552599594657
2377785483812940795
5568844624778919398
2658251884374403303
2914650820991882802
7420743818189467921
1179414185560216789
5736756657572950435
5600237183909835302
3363670119637403657
1155921472428382447
326716847043829953
8278926201183676206
9045698285948674002
1829671991506871838
4049066524665103998
3715579257351076689
6110801887621094304
2901493552264732845
2394584387600023290
4734475791009798315
6307665694225873058
2646128392185755134
4652731025205043729
2373464509592420138
2989552071123506
792423034128931563
3608665422683006565
1311501444737730350
5951936013717657782
6941589716743125530
8820738175887643720
2098445436961316692
2500283104367339025
558314250738160026
7166354836421910735
3264313076611355280
7506431207170115180
6113974505229354842
8545180341087422431
8109179071969866453
7736044751760337593
674684841463589429
1561580234214902409
9163717265621145289
5231714284959830506
828367625969354356
5280882256663819471
3305202949892770199
6437685468345540780
8539332821211540281
3513767102422936698
1989263792381609787
5092628450178223230
1629484468293569480
8739857171792063523
5668860850113574828
7768296817087551550
3538016794293128472
944653162281976001
1332196101249831421
1735696603365987357
5311788513509554749
6667164458119291033
9144424644855698790
3611424476455287084
3822987530591488141
6730641320912090141
8100073785009128973
6981953430619173645
7477245213455561542
4746773889202981479
4552916377526242109
4998532028376928993
809727454308452622
2671674514736318408
4481742794477981612
1541456798393911558
5703953425395943514
8857640053044757450
224538878367644827
9303999338437239
424185660604526456
4467070478386188733
7902905536356792797
8792643907030310823
3221515551257754765
7834762866570853681
7916844067535639350
6987249383493197785
5324136150096162977
1502565619664581695
631769187066534844
5784853298887939183
5075061003835932362
6348684036636728439
1420005563382920255
8400641838575932581
4374168275276169900
7056250742746717831
8930711454081405141
6926339201570585614
3426361791889479257
7184564711512799916
3936942836233412417
318796201197694512
7267429753744099349
5591892023315221446
1876448883347827496
954422315381484937
6564267780801264784
8698356069780962570
3391199258074000606
8390808581358913442
3812284520757720364
2110653608326010304
4633503374027564959
7011459573965953844
3384998026810313925
3280275133741124782
4955978524376811646
4154606213576700313
3567719336279608112
5334425705617651882
3219085975624890148
7816691099838625794
1743663142971721367
4521311956913611652
2570774148690748766
3194940207393380186
2167068599216425582
2988839727865882491
8253494671858035635
4363838660374018400
7722875213848557770
5595290861827616475
7882897467078327306
6089889447866288047
5614122552062792707
1196833991006726633
1294151062144009985
595341304585967779
3464613381379033738
3977458268589540530
548953954822222848
5804102781260837868
2243597982991710964
8879032721521105763
5281411808699931820
898498968945447726
1373621478675862895
89841312733940565
7944172532793514328
2950912038607556863
8583185971062576782
8161488220484545832
358574267975835065
2097937956557332864
9017582640276498342
237896448856014632
7207433246706226159
3032207685893138510
4007128661202015083
2190498361218623519
6518128268436158733
2143523945380211891
918729466994019972
4712876270693291952
1719498349979052266
8365846301429572353
8957315729131546746
5003438168436489846
8351586986666468022
1179648246039570033
6201664988403679088
8441134960139893194
3726910810001446818
2830414427767366473
1966444874845937198
6849052700907307640
4265667136931127099
2507545277027921459
7844034936981710322
2996640016356780342
1570293025502823541
8056796641163169925
5659183008426485436
2266005272321765841
2270459771194663588
4890732168731509344
7702372574773511685
7159361726166343424
5561444324400143059
386567943853357641
5318399820774985844
6546165702112271739
304256689234288289
6156389219392572997
7441401190338433321
8305910839777766710
5950695668613208283
6637686896266934218
7451607430266226844
8440656111049000561
3433505879377421885
8200332299437199749
1282121232942617094
3081418373364567224
5100940442074620611
3838127968979570667
4233484252661735349
3786822177738857184
1588207142440848789
2387569506137184662
5233219986209270528
2418060398082670283
3263462540080641326
7569710159769748598
1301539980029898387
5532460107679497442
7554800543351220895
6797429623970245
4627752331804726651
5697697253360859225
3287491660463078320
1932184713602984590
8423650325041125333
3665014103873656521
4121912627923808162
323959638913744718
8628382510061681323
524727242946570976
2431094480109499923
3118802552213956618
3646383888789980678
4171491767026442001
6903542095634229864
268622187283825238
6871137139992371806
8218119930526731959
4495682088292469827
2164791427257976654
4023048584658159979
6206629964854655565
5957320510768315181
3394959648963878507
1147922068772611807
8096311665768576411
7544912015613113123
6715449235993146599
6681297831475802715
2151416551785977667
333404913065276938
5745328733888212779
1000318058065261615
2706368408075701669
44236545349577948
4653634851524332761
7481972510198208042
5288395929556071124
5712094315537202435
740952093748332760
2493086982643014242
3715304912502043779
8973346665440472588
1144366204851206662
3519716578156738980
5436526518007335900
8364954444297767474
5010073922615364114
5307690402697182104
2741702330674537101
8794050077609185422
7916217902994872391
4278040412017498781
6646055406607439003
7950061274302365101
5060679966603739926
3002573078226302874
2225940997167816675
1553984179910423933
2595813117665952890
5444997096066935936
4487370488049544149
2568468593591946543
3089282191426251092
8514596370053464429
3014965166771632527
6601871310414088985
2451669448979061980
1934169464947603335
7396141347708056515
7592600864480653134
8650156345005626215
4218614791144765523
6438243829264082204
4062001157965238552
2966637774903700725
2031076339603680674
6790534303993220025
5793971577598746150
8672302404589549452
6878101482071754488
6965863838215189859
5066527566048219159
5483930610264808398
626406209680466433
3943798876037491145
56610705468211173
2468862935418278130
4286857150280305396
6154952416785716244
480813605895701585
3733927418746094404
5759110252964038055
408503105819204061
2845563486251757357
5899232741470363951
4522794973425238661
3319414809434844155
4009507294621363462
1544826650376004406
152258198589674780
1294705479926683769
8070417628985892927
2770166063664356191
7329060717533097199
4650159157418858835
6599391628145179114
2395420605477599300
2728504322729110795
4529136353687488329
5749645017225130861
4085128274362745581
691608116536925356
7471428816932590959
3960515673317210476
8787942061688132510
9095589289490311527
1374400376416389259
4532149132457028884
7526702894027848983
7216467454653558097
1061773361803456441
6785342022940294561
3329722375058110155
2903500091970820199
5914654746488898043
5064012183026219192
4516431903333507401
3598432631989864706
5315056928399365256
4641237818124678979
5901606666014854774
3585336995581329915
6689476761688303624
4605381606459966983
3607046613726888079
3036962815346421597
8820959672785869743
8716547086119374448
3700730118214014261
2173957220017758781
6103944738516178062
9167376140557466167
8806154506014032921
1090712081669765572
963806101442979236
5974270183381448484
2142978907922260501
391455431628974404
6017382658390552035
4631703278227175018
8561462704420272748
8403782816189230072
6017148221739815093
8807411927875558463
8520144061069823030
753245585040069488
169481859789923477
3576149425817211315
3314970654352811530
3299274791331604622
4831934374595891287
6404683032282257587
8083721376921696092
6772704563580156136
8753136170561982052
3037144680507944991
6728474280746406171
2348997199223082813
3474827757732489789
7309841108146517242
116079692465749153
1678744346551279017
654274988287892875
705151203616056211
4892577416091741602
384467503783833087
1444419928686581229
3283592710815155103
6088488120586497334
3258434597735201310
6902875362630138186
3620661469087834538
3607588362780964314
839200648404104348
5724216745327888770
4466801024774373655
6847054738746797171
904999515810585088
44337094720872296
4230835822587247228
5862772886738369716
7367506111614216763
7331572088164551213
2449439865132875649
599618677206830535
1887415604536821953
5156783725425266901
5928526232989237987
6736614162349718488
2054948883366974424
3653195196969094859
6340666878577248511
3745090313381454252
877645821401238429
5956300801371225725
4481786551719702536
8473291859712936196
3177410092323906704
78748944653353157
4431806263464684525
7331042291709373984
8272792945429297782
7626075886990299936
8328677018414835850
8723965710544708510
8754421167926502692
278816372271464524
3301560432797688965
8099785538380731389
1320274016123831410
6959659993597226356
2587021936436398576
331794952048903852
8939800240990444889
6471716409394819156
4040109414176682225
2059615086878158450
7901758868396817547
