2167800033284715238
5432613714409631146
8044354314630267945
2130688007484230034
2642649501780786190
2007353439559868149
6881470102557524189
6259924383411014877
6065697739752546919
4070476481523562715
5530361005149275269
7632419351565477310
4010355963084786396
6372179665121661452
3488752896313236277
8623974163590584952
3602585121327340346
4255228619506852386
6909659765065384220
4700136604270903102
375747562979566984
3091231031300655878
5107603457992165266
4171429964437687826
4378117603238904785
2455125751852189411
494608390390674329
4493497120202287409
1464354328380666838
1911081522864173604
211442469399709813
3431931973653439252
9114320747294909983
1587150374854404568
4935559895984895861
5442990279634165560
9047342112900501800
6351454373235742382
2299868653403266701
7815017254881729253
7770629019994285924
6150748938842702444
2517644544951976387
943554132145634881
4068498962299609722
475886431198187680
3367939348057548976
5110273624596841544
9124366614047271241
3882060146574233460
8831159868668860632
2410358689381330598
5484648628301997737
2188932109395527862
1739079839040031497
5009994883994066837
5159067901160586441
9167363311886584388
3306026424333052779
1629863716451206136
1596827158477528447
3495799132257329506
6611373310456881082
5069951612843382895
6659641091752200186
7765165711840470631
3930521255974506766
6144107063418564987
483202548397070626
1531805101610044118
3994291166206738510
1727686598583281430
8762969842360713106
7038214475829483598
828429210986769303
7357487865472925301
1316025138819838666
3698168340103783679
7326636959567562312
1271468502282547964
1519127185380078467
937292972025161844
1448766206551957674
1083820183394092416
6056934943626593658
5747866032237812241
7504349332018672078
5423259818155145663
5433023469396222521
4076894341157385783
2792821358640411107
551473962961790548
5982054999141583286
8576157692906186993
118236343349238065
935369113101666145
3119126158730614513
2516631565006858736
3397005285893576308
2244882573491687537
5484640332565021345
7045264719528508370
3149648547716556382
9167803382007914454
3506146719333937101
1321659646604803352
5983570777326746873
821212812859913552
5683768504335989933
592425899150437579
2127051309897892929
7791021618024144658
1197336459950041984
523966910370348262
5316408417157604631
4519911373901289784
407468089924211569
6501060792802833141
7151378770178883878
3282013589649427196
4656250719239107953
5997373452190113529
174498859025515647
1297474881586798462
9185552131882090764
6960845217443973707
4008086982728079976
5113155626421012530
7278640623383565172
5114455766716374353
1724333322212649916
1682088001367377231
7359026714240969641
1437144946672904883
4943859249379868087
6850778899885272276
7002658505832156440
8547889764804241622
3763427692050630315
8173490542045926238
152109686634866944
1947386039055824100
1764490197592956204
5017858740844768647
3866974725147798959
8390198797419291333
5676060913955639999
8898813784888266471
8565153984617400005
482033538428746554
8390324166685051924
6641199070001618805
3773147870322092046
2411013281479366253
6704970397661270408
4076177300766508202
6377656448668411391
7674091371955772508
4201884207618793712
6952309049718043031
4776826516191308642
5391407755717110983
1117435915440608703
1927268760038364193
6681197153144961634
6016139661284807069
2422716192770116210
7051027070427325738
1299527488522133838
8833914157879258412
8225688385653776409
1124885537425181403
3740584531328042184
1118039681433325525
413449346320180995
3250073837975839822
5523833115394968207
8241184916823892003
7822184331798156466
7232277055573037592
6940546809657290345
4842842079089700414
8400283028036746627
7635291742714468683
2424248370609502729
4356877897693628555
1229064490101874065
6832239033145836248
7052148025328572640
5540817751628415579
7650004229319934161
2156388315534060765
1356666483805949122
1036361562453561147
2949749914187079970
3041735706594677415
6097296032481377535
1096229996401815724
4504907131393768300
3851539791140893008
5695006035694698891
6766804351550132694
7215778885859624558
4291155744751900500
6212328256313239215
346501295633956875
8570204227950840093
8670788745601703483
4617650549917242904
2552014084880390892
4687137526249329188
1879409711092576800
6246026712380015892
8159429522893868955
519048641575644773
2789213298308125031
6533652324750944838
5708869703850329925
2056226794979440616
6667037424543142965
4626757398369403665
3905035580625183981
8127145464518950041
3589797707657552611
5235967172287498118
6800742840006266140
5542682656185827789
8505369412863734809
7867195622406717393
7889240410603706541
4772955691985987464
1305856619637112020
1393561127136180556
4806591824032527829
4529731629901679121
5505474346885976933
2791264928388191736
5816457423419650571
2482562545765453160
7230448075775170338
5950324845832295987
8340204378601645524
4738770604418021456
6245776063255108133
1595096600795229957
3446085450565284726
3249839902416617601
1621668973534000672
8863236608936893327
5232814217892684464
4026962966988738255
559548681707583384
1621055809804837878
421055214137041035
7350553227975134047
8063705099709077269
6864621495639847991
1320029941756213709
2892604811750281401
9123594187407014378
6697461215310020989
7796927570809552654
1161747589139255821
5853509309567032322
4986583129501506204
2412732150880440288
4452015827240963221
5255305710329701990
3385865421157403464
3830208171049835984
7990609618364032381
7166970455588432298
6594014974643694840
8602442372404679434
5755239109352754659
8569620296591485188
6587178449068045529
8825434414990864819
3568836684666946556
6112329957033866573
4747191585933225267
2561828596783637891
4899077401518215996
1765275208197329068
3493871007659166869
1630740907800667419
6406472828879251700
7386589658274086570
7778283979458883328
7866736380839930290
1944297814704133046
569609387806928276
2133101481467924882
2647047368525993458
6650832844646021586
6246967929836628984
3956220985779413380
6238804611465566604
5608510276546137758
7174398718833628751
6491250972360786770
1985737363465391974
2885616691329064983
2272182764190412074
1144675036179467430
4955568628689895938
5673745290098196387
7740229704741177891
485043916638490851
1006221257211218526
1138110685665552782
5784652222209847922
5816586890422330649
1667058959352771004
6356501438700954181
4707144813282121542
5231181212966317552
7613221834768949276
6870663207615831504
8884599548471603593
9199492831888952725
972542573395933516
14764621937041392
7664297908267679878
8039597796350222659
7539980449891189543
1536491309484126966
180589856310862009
1954745923131758394
6526010484954463526
7560688515218918632
1669056831658600027
5397418781587369386
8235834402896753068
5838248447633100979
1348368299563103459
3192830826286375751
1592570945947405351
6980631617508727438
8357818956896688
2648459494357606679
2046141995155580841
8181968881569942158
6489998342001848039
8318390278897611952
4170214600428935004
4263352670660976552
6385272749143267188
2325993588571629608
2099082929528228562
6800028064292738078
3072653711504758522
2903379163341802174
8320509112286005611
7477564623975935779
6270154016172781604
3103178667611617995
3702765561502201632
8330446496953535365
206150196643428395
5640590868956217554
5412571572457918582
3224488162285593288
3000741890253230704
6371263719582978704
6960665519005140403
6826242657921975864
5370030874544795226
8091026732301247813
4041135391330438633
1664361411613521818
4800512205081909139
2294560189708994462
6841161826951345992
7990688727270208867
8975822438775654843
3913114603602489852
5915850958936720199
1467006230487479804
414025824493942760
3891656444428071611
9001201340838415706
2134477580827027485
7633862131567998744
1794000202659138809
4042740508764162839
7530526769508725389
1623278079682226051
4351910396492190478
6797277044880677136
7639866530433484738
4746455999437915594
3404898218997924696
3875638862188910118
5817521894620134225
6467863145780524619
7685015160847015730
8491102458740287160
393256045446995173
8401261010891162540
483455809359086467
2657388222050728186
8730338633800941976
5208503880926519940
2587093394864300156
1660157973509602903
3556674501764790952
1421381407058987785
6506570602705730710
2850624124397491615
823296861968265624
3168561932133603686
8123473602034375464
8035332780313517634
8159271672927810901
8477712293625097538
2105644166329280034
422036754547204738
5805924642106195656
676142326051791057
6825004707737005411
8333809318915121825
4684647581190707313
7789757501998658977
9168542224190996384
3316032744697120111
8826647222211913501
3602997741640745517
4276021956877050920
4725470085859756081
3162697783107213193
8028367072091141038
3090868849440232727
4998106544711950824
1926640274635612426
3257106436237010873
241151463791411732
220715242080449790
7351466128031671731
8526215878925196034
5289389995556337325
8679696843973274302
9102855606073010003
8065292822374414935
3187343244991284717
7751110871848907848
3204817766707200717
2478365315226346121
7701796015312638660
4997930126840423528
8874917201962434609
3828089553957452425
6665149540368848168
8207101607067694055
8984331524796543915
6300106549360330145
4196279391537788123
153698645878041974
7115371249741386334
8797315154521318352
8029888811176699239
3086944117448064242
8692128260676769035
7573498824455022235
323881801565831744
8254521254587760288
752729516853189831
920763999215672159
8553192688807560477
7603035626685839558
1985477747878387361
81696189194220567
7973145248456322127
5873300932766123772
4790996611219753794
1802661195042538741
4981754043259696486
5643407453262616190
4979033989767347279
2814394614136539831
7391961953193864856
1622585913736218579
8314604723104541475
165745829822855512
8623268444436396826
1901944216123001018
4573479332036156640
6307536405764389267
8357432383577030995
6026595173071367694
2534392418856138341
4296483025472999120
7551608376995376523
4488121672328228770
7664365070438470151
7030344781865588998
7791500063980465838
1223716546307402908
6107333578822881731
6201479200702412924
963490128814566227
8257436920190731706
6453672719806100459
3641463118986135555
4462062697154176582
703523663079010567
5680054376838100052
5289634973031406463
4023183085122868634
6074092051617220676
3261247375004033610
2235206474633414189
5732333647671783345
7801935974326167506
7359246746609415861
8230518760705016068
2959675806973240308
3704126985614266764
1120148520870877993
3801064022266172527
6219964872760707458
7037940670899076504
8788270499033597442
1258746919765365490
645837810809571699
8163485857595112656
7475161506755552935
2373868057440830694
7380534466073564011
768221809617780489
5544529237238132794
6174775307063091618
6401457288491122638
18343399027599550
4009394364790639848
4686509256117020224
9152253385687249614
735098509009419474
8491648235299424202
8899838962837323853
1744184350887466356
1962423053120978990
41882390456282121
1313404125858115215
876973819942106825
1138721106089053124
7466128329075359353
1139961292004641042
4907243782264631681
3047267500578987828
7239569498028717268
7492817867214079593
3136902548685028001
2212772366358405761
3404558239296812578
1300821328987288395
6301409414732689022
6771867400657905519
4069100209876210927
1894596859538505837
6715728101726673068
3515972914757668319
8823412010320149022
6045454037589546958
7157809767452726200
9214790331317290906
2579107126816555315
6568045421470365595
8301102520352409986
4224336815152464348
8076378274550639053
6339315024610286545
107502842921257376
3407179449106588779
2014515703865819432
8629994288878714711
7691856020876050728
7404773252786980679
3320339913712410664
3190025288382526950
3505838098906519675
5365791112584988629
7493447132196563409
7473753727852331000
6938956607073169622
5569838105124387742
4425972194828675163
599148561109056218
3260755603321320771
1764790974456411396
6783818063321383067
8258233074778416417
7456815412209256502
701907587184775322
165442765210001675
6409775795655513755
154959029123192715
2293209429045008373
7838936383773950358
6612318662454070102
1866825986897754647
8847755217157208621
2228878015585504879
3808054183957347052
2933371072588154477
3436779539243475072
2891715969534430921
8006048480917816217
6780982013972734605
2013813104061867888
3723258953431635385
399909082434737820
2015711258516764837
306557560060355060
8306066378566595718
5024294584467713269
1337102786670634946
4625379247192111413
2579261915139636506
8273708633745762948
3534080377410152832
5814746484884865885
1499685056264037706
1179241148765302616
7327882331011610908
589666891552410586
3797273679702132905
7853312186955502763
138013010618661674
8210782125603783261
7874195525939889458
3485192063337664342
2661275948495617806
6135199259346891883
682696655805430183
4688842490666260126
4911823413117404308
6582706188982688517
1169225455803803847
6717191368362110039
6957181249399199794
3803214591431367866
260753634109828385
1488331487659247810
1928594541462875713
4594428843112261163
5432807044978299437
6537945710409718983
5903199340763581479
6430759148554466239
6859405091082355080
5535505192787089526
889912255692130440
7259595792485620587
4888102928580481442
2035472158019522918
2292550241287456396
1401788034473223633
6453099198145493437
3791803360955947318
3812210189077753913
6090990235532221975
2583899892019968165
3575562394739295371
4690447274469724174
6710924643330977475
5505502578640116254
7414349053097662672
740290241183078317
5073016434449121004
4337682034728894247
7052897137199195359
6943054685876857363
4413977065333593233
8801495285469293173
9213541182198012602
6740308982536564058
6581384561071038666
3387844572092884333
3096272307270728250
8459595882888471383
7334999813692500013
984739953015641108
2139322000788104290
6866730272237387365
6226738524747161968
83429245741289790
455026821453113560
191633228795483574
3554410372881237708
1505856937941297154
2639487548878013506
6424008358289603298
5105982002900901681
4533697100215491680
894299013732154026
2643279806301268952
2737991545976631683
3867506707658910659
5585330184498720979
2955783397692156702
4394258300226288985
5660839198961422226
6281823941837827706
1321626600243223966
6487874135333809035
7242989118203638361
7411280607200633771
1078999118910743435
3390800011507968114
165146587233588436
1634240810510833024
624503488675223578
2049588736028308390
277537619978412046
5563252073554224128
8657718721524852514
5314394554889177646
6318760453018276698
4402154226657242701
3002332225596694383
3794832395615467483
294469463886937504
59013255031870370
1105778309905509758
4593156273692956238
2265743159862345443
4417210207180876060
3074107964695667866
4370778250563303770
1451173527464840436
7077551344768701290
6534788335110516251
2814603757050003407
8200099743869076772
6747396847205558399
3464582554316620780
2048215123778481660
713237219100361711
8111756231094159472
2357908945888577042
4273679901332652756
5230442489716336026
8988136253710543801
8629585953998462189
2513200903652176634
4823419437957274202
4943106297854620738
3750047234098362841
6746244240852652690
1437894157252609029
8846008714915146238
1981221374701055356
3844650830294729047
1298027661769709242
7656386670867165672
647779368251602066
7790220574266672942
8543143286124619823
8346627202358248686
8718549687243755520
5839030744383525595
879400436983100088
8912048867524549732
2747202360573995820
2530120547759394427
2217058685191495993
3217819549775002985
3198380500727924173
8908935979421074541
3150985306345767101
3565158695113067557
2994246825132444185
3386206321584682437
6085091953763281636
7753200208328234297
3252005240010618159
3464379045953177183
1828409200504191970
197266871311366428
6407674654464731988
4436632431443049629
100793852738284690
8785080490399001817
1253019354602530384
4331145942615164003
5810840993044429290
5076421519411930398
3849988802939940674
2136586798155211127
2116046691473959639
3544396891480380722
8157941919959801082
7449029362862581523
4646807667190136944
6617046487507394274
6799564671393781069
8295842040129505860
1096502136274397613
8831827990561502057
3410229619894391841
1106912343405868173
3809957516212457904
2418453232864734521
7271005303464907342
1682992383030115130
3869883190168492558
481028363630562931
2229941570812377110
7144660234692098364
5026254253761319974
5480604454757887609
22968221616504920
1091016541983530641
1409839761867906665
4659532940373525025
3865418210738506107
5564111346191436013
3018130817181629924
4488783004600599437
76018778043734189
5426292423840276454
5836480798887112859
4549849785924886298
3978315534209633710
5193129343664468617
8879809790901548726
8031315637666216243
5205856909612472376
5205182842396863255
1138293071460682322
81695345308933237
8695339699544771977
3035038721057725049
2797970290766627320
7467235595872090607
4711322411338477691
2707393422583937856
1297274914099627118
3972668253952735871
2151265208648117616
3607462113399313299
506439125183665473
1644271166084054981
2932400411175161308
2590065388686710536
1414255488026983309
7964840549698115419
7746826630625584427
3207254588439296376
4427177279187313004
4915436514507640621
6636110738947811676
6755678001323137276
6987460086118989301
7133311704278680928
3483195908890239656
1742547537207132069
6129386786831971126
6047028004633513041
1020203775246097253
1387936794441679010
605124037310712857
4425067522106455250
354890979679854318
1126048187104762095
602129737737013892
6862903980520022664
4983331329610290601
1316706618262448536
8146718738612040695
3602147476420680754
9025050813334510390
6318841814138717868
4879688890632134803
5614743436742908343
7638262355007183036
1700608654097411050
1380377957977131562
262358907323349953
7385118816467719843
3312849086470713456
1360061363798577268
1087065365644905106
1971460570826831
5584547943183711393
6418887517094221633
3829885927645045177
7586123181251351160
6236180188188850942
6390654455389440481
6073132922798803375
681077504691654559
717181169434628724
3977964106304176647
54596998868145226
9045977529605232906
48808108860968146
1159276279359338862
5930375161170057787
1276987518626720413
6788845855264683260
5234378018585636437
2607044474864527030
500624637948455138
8269786225041755564
4086225941325744826
7173947628166216953
6674579854131652100
7797440104446469291
8854888953173100591
2313900491983271277
2449387960197230169
3407554502642620373
2320072259317769949
745797550748319236
2494552744870466336
3066705227128428495
1155709028467333277
2026021898545854278
8205004669762489987
3036328742609759852
1914531924981811973
2867214267193896824
3925354990701262994
7760575463307961944
6920823304102448372
4864223723614658359
3008014731415456434
2307314863224497788
9066085942740903511
5269324957640940288
2108411773992361053
5348701498561880879
6271580091843083984
4538645815151726559
878200842838983089
3027763752833866998
8379981474989577502
1679549323372709832
6426811419139639932
6578538688816179296
6421384734012224463
7530512861015269998
8645468083146600710
4700314266530808993
4422334884290489921
2226582742972124044
2036311140498817635
5698905827251730408
3848010866218110897
2482862814135720477
7266486907699663254
3499576516694672127
4496900525980991393
3310733541587270716
4238404930316332852
4443386299675349635
76020199397144682
2986808409083091964
8775535933739119171
7669197852771419353
601192352199243504
4609035605552915149
6342253110380215138
5531082818388362855
5312132199544330076
950915932316933426
6306870586190072608
5867767968586862240
5738733436229862387
1015398390387113555
3322623666649085574
558654018759356758
540917137916308403
4528493894407894231
1099587296313490531
2985988011856745784
2065014303560942366
314177271057857015
5029070397297203955
9069687846180952302
3143250413428847149
4078261190836078288
7550091769447553223
2091509719162703382
2463614560522251150
4169194064406483657
5341081377537864026
1568824265497104191
3724884649602400582
8112760655677415507
8444894735421405540
1309486958250643964
5418110475297693534
4646379860379127982
6856290299912547506
8745644840338994496
116240236276096024
5670641378860270139
