1203620898744247455
8955787999810602670
3758393363721302825
4599340360253681997
5537850134536583863
6656685882290818987
6963586173646148222
3432935500545986066
2007537031728471070
2024658782499043099
8197221058565346392
6278281163164225193
7902961549435826639
304001520704840331
7149434118904787538
7457198951922149462
4817646946464185901
5774108993109932410
2661021620749888462
3413622827054956032
2436337702523484183
179662691827346571
2971959779581300532
5966202615106573988
1837552492155624296
8585933262783000572
2586790441442071033
7938226299763006424
4314729594277945118
1379257102411276717
4801482977791577041
6514105045956423768
5303869930427674503
8002886758960253998
7783086650215564334
1948390585391549473
1588741812364859873
8788359909256516449
5742919303571454888
8971630256386729974
6600608550268187051
7333946353542917274
1046011410168725942
5752927004658004020
5964159781607243670
8350842840565579593
4835274857981315705
7792963633083442952
6522435448093720281
8793611522107182450
5695949756444162548
2845521497707720633
7939443896771158214
7792238265557762995
3914426230615635662
5737147337501891969
4135721329831669742
8372826217250010480
7238146168604217279
8597509220633276098
3114123954759067824
3484895070067934050
7245025718895272497
8563048987420873600
6000977965842875353
4345513810164481385
6879927319716303847
6458672427605602454
5354915122551916169
4910395708953130133
3502978100764078462
6629915792070974784
7479367374831613070
3855722737509526201
2783610355007556964
4169236047973046037
4118569246421043000
1429171636039010828
2394231119227357729
1736863782575123851
7849671557545565130
8582022934625527076
478151796030682249
9092231176373452305
5749044498645399304
7173572781671237375
2786377724936452609
3626461951924419269
3395057425984641558
1481005027206744433
3129095716991261052
8078377669614646387
2340624546124631257
3894659788855123150
2790972263570332783
5780805789500728904
5762394373393389075
3821273982416218593
5972788266323088416
9036388536935211839
582017183004630816
2976595344357033719
6004151937297705264
8814510056782148294
1941785862524023260
679741794775015433
6488922777094511980
5509973506828655455
8148649847634583936
3984970130927993502
8071085037709176961
4690875457533220440
5890032733552930252
1346581025044585761
4993963441491783123
619525081039389487
189264700524465218
6690051580747731117
4200475271527927111
8316949565158892812
5231540278483755901
3335032024535249943
5445006527469336200
7969388567948126773
5225369153967999164
5011188330334028961
5174784376689095470
5013869940589036135
3897241506436652447
7670032697495315331
2883497791580745296
4530713822868344838
8007061035148822364
4824579153353291364
4910956714173179131
7918417716317232051
4604260264436455658
1283584579115491212
8001951574620870454
7013894276762618352
477679378547971389
4676865410622061508
3179438814814368313
6708011830057137193
7370975326616507710
3925348746173809460
7246086327854360809
4399817732974529875
2657904094078488380
4278418223940008607
2768344406918590297
5531272330480267376
4206047658169307445
2656910023898006318
5872975651099786837
5099298365297710533
9193780363640053263
2843050193540674567
1752612533941032460
1453203595170746433
5012530279543950893
2217642709640624840
8116891116598955286
1626295211121316798
2933408410677370802
3664657965528228731
7807019523781449707
4010045697504010858
4749557056045706009
6184374575546168240
8307019976197568777
862523732984958661
5401300861985542890
3126864726556615621
1024678315586561653
7069132230559260649
1260657224603262658
8628154061418930283
8416966287030750047
5086316961903178379
1788001506000166854
7672546187985173628
6404127538989380406
9193291920747956072
5497414147419286188
6712619416846328587
7268028952077139098
7155655286514533533
8890362365525798077
6972322828851429894
286483571236377749
3167132029887291123
3563796809893310623
8140163570862480362
1340075403333648608
4284643232776446723
8522836586593496212
3070342806678546499
4201834301718110441
7305391472182024824
2008832280714517229
4811318817057376616
261260327313627709
6621788405258007649
4501905133959287134
3441575347862921575
7402542738943488273
2775260431603468056
7087435580470086583
1580648420883745346
5441526394114004614
7821593123635210036
343121648081147990
288825429476556869
4192375903466353884
7749085347094569246
3097764525294584709
5613721185468414919
2134745604287393226
165602206641231338
5410616338068081234
2270107446258792844
5215577431642205344
7073878151160732852
215947056137467798
5104360535313614822
2070508431217193613
2574380110845761553
8783576538702903633
6944012156980715618
1720486577269404479
5844500740853758092
8561352220445096955
5445947234279114547
1905138871763669869
5852284424996277444
4698715512708643308
8636615569726720812
5901915888488399965
6287781125435460121
2635453077284578630
2655414593036098024
8339552492071867981
4922399952183055097
3663012248158878842
1099073294549817202
1841129728089041397
5270075111392258070
9189606352309627468
1174937021205336614
5627728199085681325
2737276868857091180
3706722558344698184
6089156209655371539
1240956153171344202
3869908543170219288
6392709039685948084
5740157636964368459
3157677359240261551
4177264724144139405
4287436928485469787
1776309044759849189
8758054118688394708
1112341936209023224
5636986262317349280
6073359650363089263
2850526176949764761
5111200391209481322
7647335792398342682
2266502303070292908
780691436536092109
6605159173525012309
5920222585199015867
139026053066743414
8359771498911351676
2926446328001175725
8090413479841431724
3150222776146381918
1476116930036225817
4801871606051847568
7220357260188574623
9016451709835870706
6186358397412508114
6352077614548758008
589460189692294247
7230250105952505704
8389184209026916347
8694668072595020561
6473925941444030588
5112662083103501426
5453738119766087468
6599784589072192871
2663990259687448555
691481074279288169
1317793908622684325
3619047688985903300
723475068780002060
326743914062134414
9175466146322724880
251498971557051
6137820289464145284
2757374203810242606
2117715975717348206
997835993899185303
6540086725116555644
5270875157528909006
809032890851337365
3820707053328410975
160432633253348884
2965975570182003490
5502537339778610526
2808038715053383809
6383514495827940068
8847312942446242314
2989588016372758858
8017499219528684134
4865976589366152302
8265667218105604561
5925252097644561186
7672404942554356876
3887581070568916046
8544692108331432357
4317042314058561621
8958067033821062974
4147238986964191899
7342640345498364146
841058421399613816
6173154660255506001
6426221258271496651
3671095381571779771
3509965658275671900
2050068660323155260
1622095872544974041
2077487718160392763
3160122293335845639
6415882879972433081
7166792874500380979
1371828048031728241
4685838115044808728
1765108521815228816
32832876495332191
2255761558373564218
149792350720151643
3474183418079544646
4228336776408067904
681460243936062628
6492424144904794449
3150578519100596462
368571849041459444
3523649178191491821
557690699345073095
7203165829270257657
681099373239730847
7756209641727225690
1278132961827176166
7244103140419352181
7119537656588294931
8592712056159335269
3913817224712680021
7917013343673174589
2063861100966877158
411763743756257016
5302285191764641539
3546061641586218605
7011992227124773151
6949805031436937099
2753963763910296656
1332199573901914472
7317128138949081865
1680150906164698125
3745765313358618769
2215384447865041437
2227880936253281682
3015832731612458370
4532589091151757208
1542374549929900658
4767562742922338944
6227164731442116511
5819756395178054887
7662252983380578495
7890229152123686050
3117365216772992257
4407707595221401694
5285739038368975821
5579413126697833626
7296975835318781074
242445965698866230
7918816915935406179
841151906956684577
8503096364612323056
484377791355770669
6001957435107345493
6103309665469310999
4413737652042173503
8617150822549771623
6800292185157717161
1970576184993844107
4131699300686693833
7670261056775561067
4281908065265308428
4699109279609142321
5458700153758538684
3374490265409761148
2396251122813247511
8349587978306076254
5190513146676595889
307292642153023442
7857776296541546673
2702735407933061085
5313460444929323858
3616813911835971967
3155420513094652523
2104762690345558401
6344268100742687904
4882589654841314814
6767841118967275434
4334907261409922272
2961974057507348004
3473401450255494117
4524315994520060247
7687304238381216921
6723772471923050231
1053901824669417648
2246434385491302706
658974331092634881
8294607246213946802
2668232421905102963
8693666970442386171
3456557027653532591
4027917931546256099
5973612662454753459
8366556089404297914
1751890914741084463
5693501341505764654
2607868736292492667
19683280288139669
8600914452750687928
5160404734709686175
6069011111452983572
6572243348508167100
2405605686892514067
8735091807401128004
2186060946472971883
3919663013368806989
5033282953580287072
7981176580924750824
5617958889527644234
9150988760373274466
1948227382692193347
3234353593481657123
3790579035135401565
1009715663142081769
6511075613994995558
3830189108442347710
2991329533773385130
7078892307352105616
5629410867240677616
6282910905337795707
1299501090416185980
8305202863160072322
5814974449935460087
5590172745749383905
7429540246956622518
347266758828596900
2416569834291459090
7028686309882375527
1037767970761914177
2018911527967041262
5377930651109959496
7088976637263383617
4091094266451372239
5014674884097433988
8562108618409147018
5897220370620197526
1223456023483891752
1620593253156976455
3085278667328899431
4404334485437755932
4947999407658009312
6318494002808703934
1561757987002962831
5952726019950896116
4693491754648065678
3633782567083168106
2697864143193795072
3014579889510999148
1448258753984590233
2458361235637868280
7454870767883153032
2357904690402041284
2962255527915980954
9220211778307038424
6964093733657509913
7468747209025342948
7528646848746652548
12705497509015886
3089796354459751000
6766597192328751087
2995171753155862277
6260935758662436459
6395542874194092811
1599870447363994447
1288511093329775668
8568952589454560916
4390193789789386854
3343647619081099106
1038494783548353195
2643664296124232027
3552209448232893753
6128139548384491486
2377008670585338989
509150261113729149
127496622660811779
8324686614491765874
4708443977198897587
5167289425886607368
4018569395505461574
652948026812649751
8966125823186855907
2153742532024427958
483611992766447430
3161952984872528881
8585556557006275303
8622318997457611252
658749771635955849
3045724173949115441
7225380583388921278
2380517988967576412
4458933574299008577
2600128385571162819
5492883957474832102
4697647658020216842
3386720500161474735
7472880772876294663
2263834511808610345
1129524705438086731
4392951420754932764
3799188841032587030
6437342639258890937
518632612696143798
5214707498052355665
827141275136634463
6895610260279504203
2324183052379613324
3160585916227471914
3554187066682619754
1308744264435205409
1501883410683974209
3634255769576516503
9029574399954448350
4532904769947502506
1454425262005196995
3148165223958376598
862194868398427112
4925868050441958248
4479730106571935170
3586834705872858259
4614457960155116591
6531021991821437233
8211688876658347584
115037432265784201
7318136943806407322
4620287997795820398
8685872432780412335
7455142005355093905
269238061174975552
2717016199167989379
4884278764202570381
5753676275320836744
4643663577909964357
5248160954315015145
5378439404395207555
5299204798220871171
803538032027361656
2744904999535680616
1690027891123538189
769870473711289259
6610071491403438549
5226452017402864321
2207315956526421686
1538049482345053278
965233547704540070
8085329290190289811
4517940368924701188
5148216758308323137
7879671687289316245
6917101992438093265
2011983706606615192
7520913860166409073
447152814061250733
9133235793220580952
5822621361834773202
9062617012555294124
7148801100749650974
7260547116649020347
2696093291108583835
6714444096216368340
7031148230871817143
4654644356298798548
2039443704472851893
8978031302663148869
285473911107929714
5921834310278746363
3852356914789932140
4917157109513314402
6091404616255752219
2602772406541765147
4363743192080093094
6148298842928259943
1701814201366907996
5971168408285410238
1000316212726616783
8421794404106047803
6996419050141480413
5688697058919550284
2157329382448622713
5498842200578587745
3202185798118638488
6959741407100287821
5172013657485845280
3454580039805436793
7518005967946246982
1757476093258865475
5375337645809258996
3753902785525414259
3342120993989619309
1946460431927405914
3714470664350660349
7423765832246698752
868125399314819655
5335542634411133449
5751369716868304317
7279574569601399353
4650651542408948191
8349990043519263440
393642749187810849
4925318743997495322
2590103168061574384
4240538040538585059
8057833694337971159
111714296007392662
5876842752309870391
3628541491556247598
5334507125723478642
1780372320266782078
7970800239824736570
2764090951144412536
1909825604565168451
8876320903472817932
5813574153091064886
2756719699245344723
2560544139930522749
6789723787091382280
3502131973250225947
1686956813001659401
1706771006460346167
4855978523621382463
2051990846287220366
919125296171725899
8181889862470024444
6487683144638393366
4755578137572320239
5016871665259439217
4620099121187440411
5151411615502580165
4118083797218752470
3787874835820673793
2507902740454063639
1061815218370875403
9215601903889116604
3471376251252791625
4447866985763660612
8627421875429789813
2355664562470670360
2694000544509365330
8729405387961677317
7306646831766377644
2629194042215378908
2597056901892794865
7786660016984636512
2490126997196297066
5486345762940618049
259324456047594087
7735383158257014967
4584592149133663351
4498993809572916130
8081131883317811755
3508889175532104136
6126492016738026702
4813059057440604521
2830833197026024501
9222445948900893421
2474516739336521814
1250309926462893722
1126862386992693692
4448959250654059206
3727439412698047139
3788070048083895933
7149612878973817381
5008856968029734220
3364954722442733513
6247529291223865374
585351684192209195
2512634998993366726
2964458034965740699
7724679181064172879
5506517841586200685
3189885919297123483
2996278624645173388
5381694353193617384
4751542754637058661
8010796973977006832
7251985143283182533
8894528463987026047
5021693277375007651
1111338757252780011
7904633144296800491
3880995954434688225
3448680001603195456
2284619586225798678
1274197748563084419
6942190824183976470
3853878674521046610
3979843735659866783
7699767243889812886
1488178848668146861
2923766636746464714
8222869812257141031
1190552295032579751
1851045357855238008
5028927436431146672
6524870244384185144
4093019156639325475
1766386789769779749
1380670649483644232
2103409716538499157
8017299456323912231
5300067625872204386
2336028095895944557
9044829005910736541
6843490681320332626
1065515328428362819
5784022316725839860
8695354530887827897
6298259463212925200
7340688156175241664
3687742610528040070
1701135402031863141
6297458663779037963
6264717482143267744
1888974278640117317
3095602697419741214
1020470712127737586
8807844314857323640
1129171716070650183
7351395848726554058
7912200791023176713
5466208550112385369
8545852219991266524
5654306412153897678
5115271259535874598
4104474382128164061
7457203055699751817
2932663854701258409
2839889934992937183
8716706267598542373
8921950804196089381
3317805091435827633
2230348207149640726
1983315434203930478
8392892403450067885
5928580163833233079
702221687335889382
4979190361120766710
5609916144868005305
6038068149375481677
5529955128145953348
3473841729132179823
4206171352066057767
6439795645533896085
5770529022680847648
4576887763819455406
3973899742088976327
3637665895188601647
9137304322532659432
8544462909691561826
4187631539540168445
6496445483199064441
3616463577017005188
1199324897640066172
622867910705830015
5240167933751366287
8866361948870756545
7751640944843586528
1094236234532286606
8252546885677297572
6371269789454265338
945233342872333598
6212856203836406564
1565805356427456093
1297309522975280966
5799008977632657185
6884771618347609542
4792348507213552506
7767990464698763341
7588554801879585176
5554900208203543679
4272666792523127574
5940843522495463347
4654211748068560473
1197605209435818871
1715875736363402263
3960207960559065373
3393878200141068130
3602401706740102519
4759673803894814978
3904831473263358670
8602112310341476528
2152408153463053982
1651865912516353399
1790708840160531078
7826631673042870387
7555287710194241788
7630669295242087215
7068146447473611914
5282910828245769824
1027797075039658450
1113112351655263674
6749837552830728014
8802412137515063603
2464964074461073635
6746969047958905031
4092677375117186598
2185545863482977814
669145017797393067
4180492499643948223
6406512552906352145
9175628582624498384
6113738802028733644
2054996382758310526
1106853961626909120
7658815147084506613
1272575966051465993
723504430168882645
4791682937267152559
1977748649854495328
7091319157462821777
5380358076820259246
4345442484159636213
9109422965783157240
2309099406731717838
8889464265561743163
3306389251076238888
3379179210434094675
6235308659096798140
8051563605645141471
5692877390130037802
1552572920539228654
1393576519291631617
1400452513928015641
8101139916261986731
8761870013337753275
4317061357231470021
6302572796051753228
2339406961944365853
2996922334940779867
2102693788039014571
2324612008279714326
4472402335868433024
6249126178049987240
8143490167080840367
1068258581761372020
8112803354835941156
2605185442758137822
5396674302317411036
4345798065822313237
6118859217860225048
5697848546049406511
3473191752925988720
8522994991740781014
4502769245146836508
5284698304984835811
4628260529368083721
4838209851272066154
4150538988872998701
674539297287497812
2574918619338552173
3685682282253349099
1950409055429717611
2461828561136320051
330891375812620688
7549201596792582068
3178891726583575176
2620392211977577332
6989302003686491735
8231402034702896063
1264627692057984614
9207640905291501727
718533546207036372
4610450691614854469
4405951738629948518
8741559740869383077
4487173088300722955
6059017703191135509
6078113630930438731
7231668679069348425
4650903041380505242
5264438296128632916
3151016952998053455
7043034719714843528
3587939161960759687
1557252728800364895
4105336815012104357
920747186858730027
474177768783505558
3788974124809596482
8300482695905482132
7282909660045392604
1555466918023344571
9147605446972352604
1533766510156634957
2642536882990800982
4607701335764973212
7622696288611497025
1602839321181351502
3491603847881167658
1951164878949807015
5574537883570575447
1028091077937002716
9173020837679944084
1786685843253507532
5066364283135917798
6301158171113612782
7328741566038007182
1705360760973050432
2219720886676160060
8291194502759220182
8661377273778252065
6168152457541907730
5409970708365647834
4585390458614456402
4221937511706721042
6408112747006773877
1414797088898396796
5819695033795388853
4089887953619822733
4120773084285899176
2726833421004697521
1761794909480465727
7456439182486529287
6103377460294923554
6825393678300862769
8468120260920699140
8982551142101091515
8636924282041214511
627896305089053531
2035660299593730980
5142282848478736446
2478787601988397979
8762231256557542602
2041726780404554018
7404624978565202868
2833790161005180894
726998816759543624
8591785968205452882
6388333964049201835
9167323270136068311
3190723487959570850
4860722994410316222
9029724604462688678
7334131689670114538
4938233069243814724
2735289962611895511
6118918486353030169
7579728865125779846
7902479823141291060
4192785905158064851
6710223348324359468
716691592074438508
7734398777839482367
6205718650909581853
7528867715796930596
6924068903123518042
295733460704621797
5014589668564347535
3848369501606461612
7333409410512828734
3688550392643917893
4228703974025772268
3088968702663426377
9166734992803664046
9028093128301029082
358223384689803944
1516643714261950649
5637635703264606841
4695030581477731187
3259568063417414031
8184145035245583555
7490136283775492354
9027076302215775713
