7457300060389093177
4216276567064360315
7986413724343483530
7562384525757012160
1146581699274275311
2002071505605213585
853364148117971308
7942346592537147023
2323913295038960260
3925828086083266606
2398161908156982862
7710650405327533685
6283697445534499405
4316450797936033041
9026123031486075558
3297725617366433959
2526009551664043057
2403021705246539904
5415886592224889957
2218118400295057275
105670747152865456
6136838654418864457
6964387459311757309
5382810620041269788
1719965304503171049
8737183759655651467
928948991806508044
1078762704535836157
587336020468347850
5335091521498953125
37616368401983228
3399331720967601399
6492256720570617885
5737100601870580737
8383162893832651970
235219027188038931
6382993041229795046
2089372883811064385
2960303894274520851
4516254541196543126
2494226477497580770
111786487891363444
7083152639004527409
3428411084287151540
6375345581278936513
2741694629609304032
1625293589885893482
5450285142808346764
2316890258180247368
4103508701226239542
1018155320585171739
4557403778954169707
8212938530605046598
526214076290431177
5638398206334078327
8845868621874195632
3279549252036391835
7266496806014946444
6348468542855958715
1682576869396414855
6892527250688093259
9082241847017637872
3520267830160986910
5836373115444255346
589407212949563323
3215086366434921568
7045859555992537394
3037191998758582865
3333218363694315368
958463699795913576
5644287203804208267
6536511199349378815
3596072875852259235
8286547065328269676
6920580572929188632
3383677101428342790
8354815157326830120
8000614040245039785
1874824857455953377
1435757673913285286
2494365245266756816
8976203940418685576
5612941412883868340
1186333255958571317
3889909558743112749
8914201103556337040
3184702387384327515
88306881167049923
6288771952522294904
7007832772783142980
584232968775990976
1993138825018905449
3294764662613662915
3236724391765291034
4628670227063844350
717190384327535009
8062863016462964230
3005772117361202887
209253127233004624
614621748660178020
7993784500356558473
1633829128416770090
4108261109299176946
4749827241793653874
8432222095972351576
1888391860683961339
1752593941669462385
9081190256034330586
8245835082716184728
1376546350941094898
4016088972175394918
6736060760922734718
7626927071940446058
929688263463558609
5979563946393127831
627113455022063082
8122378754146023369
98097052612658215
1184137906269135011
2296524759232641272
4208923109158954363
6539461914704305983
6180972962825816680
8004208769897039513
5523834089111406591
1091367307816607569
6014052379432189748
7932781763524480899
7121990693878729074
2098415158458231081
2253907099703067436
1751420314721346049
522471038695758641
223533819408172478
3332572626291541432
5405786843290319773
863201577637766989
924035245243098517
6817884267208749276
4374055510849503542
4436511007276767968
7977557165128725177
7274100983951569834
5785793947395442534
1224117752696326357
5893363751487317769
4312104360177876036
8749191983623502335
9174743548838802609
4384557569573297118
1314322419986800044
8532544286387101314
3019662924420003116
1631726888391489045
7257391309663844734
624167598108350049
3753395012624860800
1980108848148894237
2554710854923753256
2254794100944989599
2961026178235535197
2204845169953106573
9013444260521323769
6252705334930729646
1116600461124989529
3402020778700187735
8502515904646781257
8038876321632373311
6600950152910254134
7107034479586437118
2679357834339016227
5726532135605838338
1451400919588078532
2141660253315702006
5655839758028829584
2761102776649611339
4572551918007498730
2925311660873395230
4931242876727118177
9096034734766751050
7031844712503708504
3298142845788450602
7084772674097498715
983859351958754439
8193039080145952289
9038980656837859951
2312223923633693772
3849185593101104094
214912002530554552
2774118739780097283
9149411264626196906
604990405349790215
3439301248800930980
2899443191662907351
3071301177397241120
5552441662644637707
8795502715704062719
2542084171425652657
277664926749425375
3433467770473126869
6968895198702247146
568605203704411138
7633806754631584446
3668641092039620798
4864743855468216395
5138902472247021925
2396722002267971669
5733648796647871307
6711480009302745241
5996652718433664183
447900374117774112
4320949388032116561
7336771334951805799
1371747022109881127
7131970064311194261
8438376586727766712
8168175695612109972
3641742760465639895
4360128899434116970
7231613321703209037
8298401966817237406
4265512057271389697
5159378892855252875
1478189135920348178
3289544755815040583
13142946408572432
2769455160523544594
820406317720836983
9012029735676779887
7936976792094059846
6817516572701530616
8165791699575499527
6701581842944676511
3216353448992690793
6636239868582275600
1967620629918547732
5168245242259193350
253078183042814655
5627460253639008235
4741550260813527220
8364849440239725284
6200615318942413350
4568066044053773677
5111486585502635248
6251947304549976902
7623640359211908770
6949845572025360755
2517726302840729798
3113773241315424894
3737364488975796750
2054254746907930613
260149224849336334
4163404401647519572
6326462805365451858
6580319025657457408
5079606587622643756
8703301063855065652
1630755924186830016
3202981567556949904
6889460652704637999
161022928788194270
2927270958610412243
7033605122532863167
8203923728687856828
7592360960162032242
2989907076443982264
4735226061969622758
4389693682525020767
3910310493193311053
8950398414007138301
2114414115455543613
6359277639153305872
4311304322370487998
3365717384180690349
1441519570904126081
354603337495779626
7679716193710902825
7665383725404091324
8182587382114299197
7146993680947792086
2066098711227187904
8202715757441198327
8792547436790118173
2768972509435328913
696770322990801191
2471607834367512759
2731159079601135452
5537375866805967162
8053467040512310939
938368669983266090
4880670617861452929
2616875826081874605
4435144498300075986
9144314482475203494
2778453741342513228
8748053604140434872
3512609107321127317
850056794916760311
120343842163668056
941192969228822203
2420367247054750966
2961696509546386976
6815551588150231599
5256237089980542277
8530823660747197266
2674599483024423915
4077793982540042834
4181437623250427776
7508946956110358693
1904860758214007962
6628983474240374455
7196295686893495868
1906793986699947111
2803352646420305567
5668650550494734888
428509544475694665
7166492035310588138
6942053132662241152
5278344461200736888
5920635202392752070
4284757111608792676
5694663467950700425
6867226688984528102
3250711992339845242
7491209697362133591
4884844397476169155
5141002773687226771
8391914493168742292
3877938292934556309
4360950927005371597
4785312767844976847
4776223333034247883
1414520335730599506
8153866262149650292
3169453575010507899
371855512646589005
4815885320298107151
5014364110951706894
6025686552957329135
6116973623680409017
2968718293636458247
4919660774772483743
4342329470370219656
5112687562005219689
6477989261924329437
4785554052627059386
6065187399188285174
6531187154210409427
6092918763218290155
8566972554956853670
5159144357262319705
8842073747314466697
5583705456512258494
5629031227285868247
3633920028785325859
5465719666520895214
7821568801439833715
7298546538875731463
8658722748556088189
6685719002948409288
4500291223320400562
1696712164017137709
1767080736236621382
5626740073057169164
7270265037964832240
3447836358481617580
8619802414176422089
3481198788378374425
4157325855934071105
9031565022144363556
3675168361510999734
7286537571767163958
8122408978346911464
1430116943374666707
451774293037263638
7580876816826074918
4221805177076804161
1413482558151015336
3949507412266989452
1994898051951270881
2269924284222381333
2893132133282364135
2860823803837823060
2390042428686443783
711578099278535128
3269819877183612623
4199846676955910334
7945365072551170786
7075238709575052045
7573910129525655490
8545287095183766929
4132547001389123066
581311593544125471
2619573018503980804
1092305990408907185
8972490132942765333
2518202406453690009
715020285576308287
8443227415741840004
8090714437395361510
5095016269988551008
3327422866808264410
1475788555442220333
3265034082349613693
8206698192382409376
1321421445629211113
7689262923664668985
6619539051210880383
3851978425971375959
1914820512165319999
8212713844397167451
7670378558434635420
6359339211639917427
4087654551361922111
1567056484132258771
3839487352141454233
5910068857176806719
2874965748703431169
5050009985212839868
72839416729274627
8288652158958206490
9074409892463432348
1195444716445185316
8623090743691255171
3790195767552019060
3441164071766798347
6539245424916463168
6506946726282835573
1376628382591433737
2334858132382582599
3241936114742183073
444390369215674722
7449138791491110718
3696825762747805249
1465975127709743948
6146508716672605236
3790190443899146799
8831206603854527266
3067034537094952166
3039791448046807770
3220411069925537229
5221324847854683264
7825323735446807026
284833334018422997
6804100034625179174
1119459823634517738
2089758461978066149
3139267212870181584
937721284311604718
1272287387539467826
7543019671788168801
2936351290519444041
1991084267305122848
7766357593368784976
1381215299589088494
3822351315487777297
1134309982172485839
3881055657121052135
1589263254503972774
5525998597604972649
4004223291108259403
747564677716082326
747198483818008856
4413208023121479502
2667632293331158138
6813118280661548354
933290944023999042
4492583016819577396
8366965882166569447
6561290950284989249
5250265616338555613
6280013183062145971
5343463527963882039
2984110772388622421
8172801208653741444
2480906798394244802
3913937255011427774
523877069300682798
1820455970717129683
5230303159590222650
7346744330028668635
1937172876938284651
8166836571166393139
401411979588922596
3909603948826111610
7656884579615044909
3896300605091304851
2905976774408996133
6591849148879916428
2580917714422300373
4853910004080232625
5032607369094264181
6549941137086425149
5489521416536786342
4530501929911719342
5530195848959353600
55576068657105291
3751024093865775727
1815869516102897304
7830079531694537892
4888904150529476625
959521347647331403
7951223108928695367
87450607336980622
6685874510930159237
8266631868445646367
1164351602294593988
6952110577630899295
7316515414914724634
3754343346208553310
6011418891664384951
3647010295015607004
4607451113383429159
4369829769588265271
2931875560449585554
6139992414136518615
2727363569376915375
1615282380761240255
6000474532099626788
7806413830643063932
3752802400251249680
8786596477025485165
4176193133640281659
8323692181040046569
1515492068965571451
902355924434333631
1002395535964315413
9199496341093985617
5909719203054414770
6126772538519171861
7427504556543661561
4709043575996673861
4545330081529655800
7283233134428536458
8293359786179955714
9062737933584801506
4079030631528619484
7712015974205640933
5649527486394060135
1729634573752300596
331120480579145624
7366857082960768167
8073510131380150779
8181864410905445154
6795512724235453977
7938344141939691498
321851768210902937
3976830685020206006
3286120896691003549
4971546763014372763
2295170555659598849
241733875787052827
8190799297264534639
2512777335435384025
2619533915846850557
7920884386515843222
1324479119088708021
6614561986718146638
3284373627998932213
7720179845898531413
4585768331616712678
1326138098108254738
1306667047023575240
1296846331638096025
5440489300939142969
2191796770339265926
5757239520301886912
2738589371425570479
1199894282573364031
5655252652975374486
7761518927382903574
4890432189482770908
4082883747074042601
8890436641729271688
2410330471531534565
8755380251165081738
2691837255137852837
8446140013797331882
6939149511656596066
8944607428339431947
5439880045800607508
4752451767886045043
5068240306853800595
6438393709371268054
1451181399159453610
6000153643407721271
3855731854006713310
2213909641768460073
8256690648625818672
4692097319210664167
2683906715166140627
526442777821721570
4948254843477890926
5910991850381999344
7475568988460958930
3281884819903209939
6430495234687198760
4471898969632229981
5561513695575047739
4305412329813766647
7117520782892987014
2771961882868555678
607826113748995931
4916832231542228009
4822531715415246878
7378655481322164685
6839116696443995407
1403381598544825268
4588132079710949320
3578927007786814873
3353376599853943246
7172268252231604446
8119045129285622602
3822082441754429555
3638635330454854958
6666242765409179916
9038515648088486295
8876151170081312299
3272832421099817263
3125512807868008771
1624265915291666660
5895669757849589905
2641326135468511821
7685153908926362762
2021723415706230793
1776220011882372643
7847149627580925522
3739590775938191315
2379186284084983863
5562584223896815216
3457985122062225443
1155316016204483430
6199530725749284947
5429240215126908606
2775474868552973866
2354416756704969232
1738459557701346481
7307881406366815468
6847168079449218979
5888687097892264166
9218299390248955162
3317116712911947267
43412012477626679
834789365886018972
152538418723452535
1859340835766656507
5946371484571209833
2946000770534844408
7692663304717438362
2081585779226555762
4841893642438166876
1101480956691150157
4736592681560574913
3895217874108274815
8343417276090710899
5177714062018070428
6493551129912683325
1729733419863706867
7827223656137782330
3189413170706181124
8471579148841601963
3490264879054354564
7196406714545075314
2601464310365382956
2175671770549293702
6929780136400084186
4302149887900395659
7984833241097000444
8831359943105627397
6038470236614676919
6551393401020563633
9032634628691403327
2082428766975507270
2917503789126312594
6364614865566847275
4809006919136535701
4223497782145527269
4627613359331841835
7857932644978589928
2061963762662152412
5682714079684374251
1549186962045788783
5298497613593662789
7344156964869221763
6447620561824899397
8234164069095870804
5523412225275207397
4061421729399015587
3592319255705364001
2299638233205899251
4061299004662002486
8939919543955952617
8987040520285611667
2249982509487758197
9162716773630482271
7484216668967480220
6407551479619622343
4374428736328010036
5434302896785703796
610638050675350275
520299081193350799
6005298609655278087
3052048516710117608
2081427094350371495
3450162486576877609
7658391918724115342
4311447511407983269
236387591211526613
7780337845089375326
7898451553198323745
4357661808793405332
2275884596212527934
4928183308730769109
4973005011594999614
5079143067034238042
6847786781308215946
1661379684959517895
1596816969945798284
7855520584557252456
493313497063736399
4068955476333740193
6917285230704732549
1899400842561530908
6442026389079416362
3034448343132102256
3175222173574257859
839510315746650440
5590138408748042857
1138441193337307472
7315282944998302519
2661892390163315840
7113097343615379365
6617365905421580218
794903633685673343
8680346441240563225
7869189177696737930
6511623181579710583
4921539393034225574
8564538595382894403
1455761982719757683
4716116836227749874
2476166471603335071
2743705756720533214
6113467193976322602
7204048428305244488
2937975758317855507
7358166283238125963
3385940179075733604
1235091926668194171
1964666202108221800
6309671016696125332
3044573723413456040
1900294874222764611
2435476653351768863
1462992823707011178
8118208083150419940
4785969549162219714
5223926368812911654
6966056829147370415
6915963529511307967
4537703662800485178
4625868421688985354
3205085312530650422
8607305016705093425
7012716217243158418
9104651992010178405
7744315517481775941
7491528108147254539
7735041018912460173
9069020329178429060
780357391941729565
2932469977227886833
2008728273539949819
4168048018321482074
8998397669279704714
5328801224984173693
7194485086923417740
141860308414399656
4769791967196708897
2615752521882672520
9093770830946601301
3748983136088778410
6515446122858164649
1360598772817107873
6572321955889002234
315321953255771528
4242492467500240513
740348236098518250
214763223070193409
588764206619638282
2599141732719994694
4970141575390803269
7622022450626148075
6065026323884943452
3412410033271813451
4391105136170836211
1874438883965368044
1441531296736992549
1507346329784123846
4441696784765246393
2875567495902117160
8981020380451655890
2455842164309033760
6999635235392948472
7251127747422326518
4822995008279081175
1493328868046887519
6038882948027427052
407971100434436836
2489465349305428122
2157285029390485923
1290899305007500722
6868537045999322521
2727842482847117293
3877133842753863666
5561618103828120212
4955145092484333529
7243413098353228089
3035921493117032251
7658623103162708736
5348577707130087133
1194718924147422002
4186551312887363667
1239974214416933013
3883476636252692722
3327556159843875801
521018620283817254
1694563845809312155
2963024406932457111
6483858011943960896
8092751122638494816
6573918383813972796
7733322792307103845
7355223492140257272
2146544415829091721
1095324745845579319
10451086877380063
3034633836785897777
1134216433059989645
3235449326391787615
5954942820418261272
7836134151155639631
7622873282893922218
3706392132787321116
5143510372525585563
486971963858275028
4408614865688023100
1551807874916484041
5732623533252719280
7259903299191626514
4334254562445191322
3967724779351797160
7344875750696564909
3166353580971192455
7270178070726774841
8182013548169225489
952386161492288996
3505436146067384223
6260302868257057605
8019136255654232882
8540372447133911931
5613637637428500272
548331869978532115
2163835742166430471
2157198702008551586
8151236411034840830
3577080466231861535
7636591917249153200
6209155778513622182
4240728320365286119
3452450661465311001
3930502618882304173
7295319406257748911
2629374808007833964
7161655565393576445
4518136606942306984
4643858608694590502
6936945830870790491
4514561083620694749
1927048981959707597
4769098982725515617
6029651650615075401
3933530345282594499
1809720756710070263
5614279940780919962
7078260474545145991
1745704085847445833
5704734041682042862
5645586485995602435
8607691048023828660
2421751642661865404
3969602744090618454
5597120642235521530
4355424994892802112
2209673587800781259
1471421139126046952
8623522578909628852
6902394033567683722
4393095837964247248
3058922089026225700
3660533221558619001
5157640025427497091
5087265791182474280
6970594229383352760
2005372811121243741
6319874567912953003
6370433184355730809
5195842115607724832
5316113266251356208
8554011145851578080
3340746459492581937
6154619703341640437
8563286580916688081
4072721335934222188
7498554336162375043
7552358968587985372
2739650124100026934
6781521892963826990
9055636522660152375
7853165471271156944
5749353416955149975
4137941818357397442
2510095323702250427
2785013640893979206
8043534089353391309
791565105906535993
592481039646251077
3404802350844727767
1649005493113995045
4137405782042435619
4980445412203552109
6095061316645140113
8074257568182350279
4389209885674052926
2658807335368321048
1850972970624855815
6962415237370754553
6960984538394270549
2482631432579556261
5716670223630995165
6915327466391874928
2777441481261359488
6410325749261265924
2143906684463894976
4823626702788334413
8108115319932836405
9034477412806721611
109961122348529714
505295657054243636
8565827252515746925
516928884482285716
5112549870048143557
6847517815289211798
2524529442017883617
8080374116256198210
2168044339957177136
6687757482971299625
2383392882232443294
7852865779555561693
1883745644932690083
467080919830108026
7226239284490689860
7765357899726794465
2659495769247060393
7015094045976908272
8422391231986924048
8935701512436167485
4439635960096107025
9180928832984617929
8174632215856243725
777796772530403392
3481195897895760228
4058474409156967855
9140101495369772888
263125361178876704
7209374372644188713
1889620079639959243
7125330848087877343
5721557453636503492
3210484452900118925
1666504534586193320
8232112138126638964
6255956333169622855
8579466985870209493
3689367154363543270
8877690720997758561
6967903063546270495
7349067351256619375
517546877735804273
4522203488797340955
3986859398632242067
8567098683835787584
3763133374247349022
8268802153289650527
5639278266401127527
8974639552136582953
4792564481750296044
2356363401461093377
7307769174963380925
1420821909290775911
