7837532705671691696
301194272693340656
5967700533575399214
3351159284826229717
312988752523501974
2570196614300714053
6810555043799278954
2473695457357033284
5546512228713728461
3797549447165054986
8305317959503235815
4677764184826681650
1783552668121877164
8817955627132751138
6638889367457969250
8741118622881362966
1120009971715540692
9213046533764875188
1340257837700014939
9022845431230530306
5057779167572505883
1425420919172679314
2856389124858218290
556100855472353990
2276661797439236429
1361514558086363324
2522348744265913777
5555151911262619976
5817685153626092750
5244352238236467627
3295216632939754780
4901772498692628435
8071515900795928360
4812518126579711797
7327655758461203924
4195667691496262708
5425710359801491536
4735217817539059274
8334096702669154979
4413940976313079750
6088052980977094586
671136652114210084
4933395391756902735
8679360129115827176
2662655957195058372
6744636614405624698
6395529312631853074
6940011721395160619
3364859448328318642
1450248335218959855
4453212258241700003
2987704921335046444
3300450941491392074
2508956164110001143
5395668240693834083
4508780955658394137
1454216105245960108
5067066014153386399
8106692053559841293
951029464141066753
7370231243868504208
3230921825140232619
7332196552522544251
2882052712126134813
4974261176106804322
4677436431265155694
3433309517611714208
1070321064160530614
7994073119191551520
3413815419360857058
300442356178792667
5669518368004898803
7295499622050911734
2068798549524849672
7802112091651321772
3545255846492229392
120480928454046721
6406371863418309041
3755418935112232627
6074431593733142734
584679847808913826
4514409332246929046
4578250366586659594
587918016796140597
4004625298095649958
490559395036299155
8134570404987108039
7501907669051354488
7535307185802666936
6537200603061251323
3691844172914026998
6617712572667041574
2521329110928602510
4339391459770294837
7555707561705311106
251765058726399048
8967526930251315646
4622495844924949849
5810692707094783125
2305939928455055674
7346373926499698508
8524704975986842793
1699773169723426285
3504090645101103665
5833065058617036796
5340677794488183287
8728802348023287456
2939192913468987649
1979769370909566753
5722255844617262573
3024354278649841246
8367100318698926795
6498162434079166412
7847971065116442368
8782859779653059100
6448767033745453334
1924115423951015814
367167387379765798
5273062944327567782
5502131998943378732
4981685609468789495
3805711657793419499
826655614477093298
5652275864802044077
5247956112944924646
344684967272885163
1139845358134372846
25199073604907389
6597736600453680997
5961882165605850629
6282501268998559864
6422880140269720688
2575604688064359074
2481195742299501449
780668395831756381
3050749144112727098
4315091111788782529
3839244804546031423
3652884302659883800
6824338426957872623
817681030698251248
317384058049739391
8770701632224633190
1229868777357060488
826584903905468170
8217900966906236590
7186684838862813991
396929621695814410
3119009080512460335
6287423517688561335
2293950084491089333
2982257375258160545
4501155674527595954
7997389241543759099
7383996225655257078
2995392848677199469
8186422148244826917
752485469758901152
7528220721187058717
5022032282144794583
8263620483419393478
7695092228285563816
4598838986301689702
4166487866994534375
4616010072676677407
4858389656520923435
3838536105108043220
5231676651516692384
2198647231250246265
4830490519656284653
950031376247198993
6456166597075557395
4830115150164886335
2876111980984119770
3127086152643277595
1966447693638970085
3998322948701994684
2441917065715561585
7829651292098321385
2893146417273226989
8183615871939162826
8282486774186331453
3325075572996089979
3213968711754010477
8145775734748333175
2946906475415841381
6251024731959205219
8674538399746942611
6902061800863396419
3464260844880655018
2520601223253190381
6945597294330629566
3580358732928208072
5860689107050657662
1670533784326949110
8629887380584841745
6024011445239279639
6590153795565902462
4315882169104037018
8429032869929206060
2842724254505975772
941194642495148790
2261496497447742829
3123619408374726042
6489369798918710284
2654581590655502965
3196984985029947972
3881206511483931647
8099172567784049996
7520466557947277934
1465061000892255005
7245601396434502871
2888122295904105145
4565114215317629333
698358995882727372
2082018344481268424
8496996210604446185
4926890409880780134
4339539952018571020
7480832941769513755
2013936064153584375
7382889675789400744
8681186515399382226
4296561408834452710
8422217626630225793
7080049215475349545
3181496740543827244
1411202032855113539
5025415020005398896
2320161565040648395
504167882417521313
3186717629161694893
7443550066935958603
28913766172117949
6910930589751509864
2481515447112694074
7830198902761297152
5943013482165345806
9264014851582238
1665452363639911113
5298982180945204469
4178962773589225201
2817294489762466913
1857219311651478356
4845633816431609284
6853302688640487039
7846456912548160272
8583561679300438236
4884505207844529243
5415580617091902786
446353291751179147
5056448715085480689
2249187755733454060
66105736137616332
7243480866730374573
828142428720120169
2444754713042578051
4577007346071545060
4464531100255839641
3405740778581522976
1554330113983852359
2605526533915841244
7953130384025669801
7671268290965624423
6381989952711428439
1960884696337952967
5852505062486374688
6474424530321836730
2944949866048802229
5215368866783072762
5371150808831992536
7312897902928471602
8922080180583742916
586249400367091094
5102033409004601409
6679186829219082226
8170541893890755564
6918161021037154533
4265510369694579689
5027353692082265689
4077658570181767711
1665066545071312652
5132201432120679558
6193472595949763444
5104655200527524443
555112764832561104
3694633639610257417
2567328987391354456
2745923274120272966
4536938754030234020
5779021905137552853
636406094760692368
8694931849565309950
2012630041353374388
467152068374553331
6963399830349993400
362436665641763916
7374541259754270916
1429788170915733667
4308879899912664276
5082535175545634820
7061205983067447359
8503114718362157796
4315880751041421918
2742877510153212034
2580912222285871057
6419547984641408225
1062587572294726439
678038918607455385
2183134903587928944
3011022646561974615
8899450467836106745
7461155607678378430
6913713016630562978
886915201876272643
8831702690157283384
1185131976468855502
4052442327658316541
4594912943888167469
2774284879927581020
4670717525180573639
8952770365772936524
8282187588265556631
3371035975650563533
9123436337128255489
8273169173754424982
3529197251784936936
405409103032067027
7521231903760027733
883028444347417129
3391617126035913008
813825692718464698
258287576923522102
8947834394507768733
8035150620476827478
5860934201533556871
3433072824658395758
7306579224121332187
6859137149443161122
8536610027830959900
7992492474745533313
2920677616351621542
3872365954742981061
5452324731507082348
7122527548952491637
1038006473773458106
807577078429861114
1676092042608258094
5392912635149726908
6814686788095466188
2007121197856643312
1263610702000952701
5111872436556510119
5285493859691976593
6018637128270691833
5562903329119122142
5369038000556835519
2001804066891392779
4457763936730664444
5437637224676596144
7303602920305987257
6253746755204733512
6706632437544402503
3485472660189019811
4724104720359061688
3234491342306944361
635140091303092659
5894380873312691285
7497867061671323763
3702552081072529055
9024732460212279418
7948801926677704941
3242000610815975110
9058059125755317182
2344281063776468860
5070728696678989086
8079546250923674424
1598313535367098561
1398597405509269594
1767085849475909870
5740835176914073622
7427867052197926522
3653499524168906202
1978338260376662108
7458066022423794637
7785612420135589931
5102703110387962462
4971469258763104086
5581039999568930529
5562980313910717685
2921993264264767933
2786936866314680271
6385064192895636921
8918645931334141363
1482770519362766210
2875358892070501039
6871576553599626751
1272100526234891679
1080479050078805363
1577365341707656442
7178199830549616906
1319826648922628733
3346300412827936939
834220792289271233
6049493323341229535
5616528140909561983
6013251451479384556
5084049300596747874
2640766343673633566
7289438016126337618
6950178510828576410
4079195053182243623
2987180005378176155
8501091039064080663
5093041066338708619
8958459810440923617
8621899924131900905
314158949909735435
8386573952281289683
1294150508743248474
7285971455339502107
5435642877918692161
8463945204803112863
9120698834524979382
7944383050545250365
3160699329421409216
727539549990488078
8741617086282323876
92290499524818653
7821691981822783018
4472609840004103509
7139180571752973605
7868682552235947615
2117607774648400528
8021055028750202673
3252621276882152676
4901227219365286297
3739367638219438594
2962000375388291914
2375420568799041125
6136211997076110787
3397432473789948588
2121737213120234073
409481410969375103
8278381711122288366
2752520033841463816
4960611297795870911
3420985015506444351
663607914951469384
2730987885279272115
6684806901902085973
763180699808202803
2795101798977067412
5478472028418347321
5355030916298536873
5166184611583120303
6118600227922830924
2172453522049297828
5010735720345492832
6759212265023705337
4250592335649897661
2100148743655666135
7758955815965280719
3244561478694750508
9059049962583557091
160065937033165666
4915764972109403664
718435036289856729
55475150931286526
8451095674108202861
2682644709465939828
4433413787272666225
8101631846115963768
3333929171818093988
3055362075280393623
3580718888586990484
1097061656987999357
3897512882031584771
1275842099458701496
8537374069391304823
8425546732960524935
5461153538088109640
4827185185992171150
1234340496232372927
8165224325472730378
881694681847140774
45989173902857275
3491552746560961080
7347121515882930880
2596120085430670994
1530864720926729036
7538065221187642163
8216817794486217342
8220166609960401197
9169708813172164741
25907198995853311
4631975538663688539
1965713010702731743
3993808730877565809
270190864857238245
1892085220728200499
4792800448308070823
3160478419923896314
4589389925470609676
2813471600527283992
5707036191548654930
630187373382763115
8032761996473710114
5706609300631426159
9177765677094175852
6476217397783334871
3185632582538546754
2129259134985069700
5341103341670794492
5785015592816253409
2734473556321674206
8982226152005353766
2159139959642274986
9085067156723014875
6385232196132902641
363398727458608413
7336973019899639954
6736551156908550482
4915212078854284245
4434617192133852758
3469198289208250256
4778944933472709524
2666617844396943823
8052543611539141095
4294151400904241149
4841330664567284043
3261445070579193991
2260649865255605688
5055451165646629757
8216837259614475684
6155408605666204949
8836191733312728629
1658202905662124600
1323706162881615294
3446100184577231329
7066118820882097219
2470960452677027838
6038086326892695381
1593990732254987149
4519935828296484366
7811531665270274029
373131482973343770
8480826904124759319
817379334072684775
3771965411842331751
8652806455755235049
8789884809280081829
288032613126872547
8978536247446791155
5325032949274936762
8652038852279966499
705830404628155840
7746371968647911118
7117078838298671301
3117229896535241364
4188751753382688876
8461488302715335091
2710115762163661900
5075339190277388522
6885658040726291547
5760680790655049038
1654658903173450344
7464277062787808773
951406120769938957
8773103490560977415
8909470047110678806
8885533058795728544
3371074866251163145
6365218616410133939
5388534685426416957
4340343920758369724
3976887084340893865
6664363821121581798
1890420629569092174
2223953431060477516
437597290971930451
4712893599433941961
52493379469342658
3770408418572722138
3744411662629264992
1834552241379931806
5360825446754320947
2372089701743623712
8127025459676034167
4927851320492984478
1477282958089222218
7919426585624656751
4956324254251280116
3153598313925118252
1146410532339156900
3994158519776155645
611679523859583353
3195537371691976226
5749348497804285938
4287264443323510025
6041651295424017656
2792994606622783571
8935292310454905756
2931451887258453135
2141484627682078565
7068406757635725913
7578021057929800084
6649311289293743366
6162128474226897527
177401321379019164
1434366472092786096
7172125901966663096
1883434605276898145
5579675481690036459
5394373073708654826
195506146601933714
26502141817361526
6204473471600951644
5715770658600139756
2591129746551738278
1270675632886233424
2808429965752920350
6332433374122053346
3127131169572184004
1253285198911052081
6452130274256525058
5084967254067731091
1853044258988421908
6988324248291801456
8225427125415053809
2557904922363746769
6734425734169900873
6799151782762959468
602579627717125226
2585526629612577680
3300945554315719445
8729824898425487438
8019321353298816468
8136263840999572796
8706655992099021019
1483526963037627274
5602150783277751879
7898219772568791763
5227070783158995146
3460647707361988407
2352725276630354281
4248628065213621124
8432334044753563446
5741865348793199170
3789569605825801351
1054301627628149929
4061253362704327966
8511722463881534568
2912992452691150888
5144506736738311333
7018358972497224844
3428586595595621963
2687906243810718832
1549945304615860567
8403154051879354536
7480425422873105229
1753336203407988804
848389232714336014
4376209369510728041
7854002880468066670
5268384209600702406
646303358620432308
8853001763231270418
6106280717210733658
4980401069267395194
4154153238361026492
6054740226185609685
6254801772972812136
1388137311306555306
2390147713083159347
2117001495164712651
4248036211650128291
6349935679520022202
2062674472059684978
4085379036675520482
7152847850121597546
1219506398470179530
1611321825763791202
7070659439282623131
1262194879745776856
6742598940490408782
5352150595942447589
5677720914147622445
4249497105833076855
3976778253863784691
902076966705876032
3167827213522163833
1784709903779547629
6197169823471834338
3714178510115270841
6775880353751003991
6434527400731454897
2412855186604501555
555039865233674982
3248868660919090588
3857636509197842905
7647998061230129759
8073457040549182066
4216764733400643347
2538304379823147646
4456003222475954932
4423547703103456202
6144056918395125373
2553954216014219661
6601000389088712582
7243458283320542259
8795065434005328710
7716098363287224412
5641642308244622435
6336625387258936237
4101506584029800826
6131737255586637676
2079363952917353804
1896248315685614803
2235401695020261515
2045584043768110911
223095657749752676
9179754919024725449
8608922325853101787
1130348087187968601
8068164743304635194
1757231990506950245
1113344488912550560
8971896269376539802
6945255842399924222
7824729386851341905
1035319796435641670
7103897232296590500
5390437693784270507
2125347817260573524
5133320379564185908
9206443644300601137
6118179194727341147
6582946077302886354
7491369660173762738
3199630778589358178
836143546763042907
2278472781366154151
6997735821254722357
8272658591818697648
2531144111921071760
934895561921190803
3873043105978644871
3898102946636729875
644391252357856739
5127381659388645259
2102427003364169666
7531902999442765605
6388859534968563118
5858083159783924050
7946194266504631485
7521764013920934262
1235802373109043903
3863952057105301319
4547144848430453229
2265569951249944371
5507745704683412150
5591512934107870463
493914832316780145
8290550690946543315
6521666478818500251
4018826855250419972
8209957259736782411
7720999427281417127
7442488110602433
6132200877697266118
8609818803554243216
5128580521378161680
5730621325836243719
801105062969987399
5359125651174142579
196508408272118521
3763502976774482985
2939830751769436517
5460302523547649450
1685501940603054076
8833695453274703754
1920841333878370129
1251168309630553747
5627549648254108339
735538390228615277
8234249758944021481
4745259427900640427
1793588293653229851
3083929688146667937
5373108671396285463
8007470854616572242
108766634693968214
6614423459417813632
6788139382791806757
4415240920917171093
8379472923734939263
6955218415387043139
1191423546684104014
8359303666400917596
8527306951447601485
499705359011314397
3700666744634307086
1641970072951787874
628226829290320645
6576532034359642706
4261111998721060009
1836189477265675648
7096603248161353739
1874316193905695650
4781822314036850642
7813075961800325578
6100681775232734294
1039731769057269383
6352166964160959485
4913886857821969569
9114457290202265083
5984996829188739371
5833761024850001092
3261253778877448915
3822569082587612844
1515738329955412147
5853983756323600175
7926430629504905426
4493403182306086155
4627572565145443567
7235997152361529102
7338969013428521137
6811556491214591435
163644883172762258
2819561340627588020
6315924428074121286
973907075155815101
7370248493926516120
649318298715672822
7735530782169060796
7395500755318036917
7389825923143812860
8947398419816743931
9098208970109408947
7493190828959926722
7862336710521448821
2031246900818895681
7516296913017200150
5605174504106298542
3380338881102745383
8030670980050045052
1464144829516845618
8519306694347594925
6794181574103360778
8521583132773060154
6736054446000701458
9077256119700964555
8284054203520090723
4073083241879604389
4936998587313871901
9185989035664624924
4190764954380444139
6891000956465412495
7610013202487775007
2438195437881240044
6147134289551632932
5755993749213104647
3922037671131800269
3273061894841426003
197483317652343949
6559339092506641228
2700740646323009259
6599685053691996889
8564809907885253154
1643433625802824841
2907966413660938569
6248149139661462992
2670784321055616536
44047100089844493
2656870139648932177
8146820754041525897
7512635436514071101
5157932623709421707
7276729201658767192
7235560689660834460
2040789846376723128
6856588150598101390
381536329128765852
4866914886149041821
6148944974971477834
1383657136917526340
248659607035646729
1860572691673246366
5158703573938041084
3174574030695939280
1597053822272888391
3146242511384299382
4965309272496490841
5375758953144274806
9078356648242326312
7664069923602418024
7032307104048604934
7088536369017217426
4556527066778265233
3865674300341796296
7455476316666354787
5965454918910271401
2920341588005510685
4885594957069395981
8228939953678693135
4911459527629789502
7668061805158212500
1138779500528390996
8009567579932869426
3111830067485462578
1655769314298009022
2064196177530116268
7903074947679035499
6664738355572478318
8576258691176247148
7410205686746924090
6471670353923963022
2028803707611685218
2486411636037223746
6122675024529350616
6628780550669471813
3397900259128308927
2239433604097005431
8113695690362644507
3883263370914926229
5687277332618731908
591852225064109164
6747757301415385560
2487402147006402786
6058942219461282365
1450009604889340248
7452951188779003710
1786250637803266357
2158745306440055831
8369621136474363747
5259237813858145170
2022247969649203870
6082209902319167104
904590935543954410
8577464120884263343
4918059300832785328
1617963233946176257
7587226063019422250
4137947413452166064
3890566885561197450
701375302282739398
1159268150973916852
5037679111516334193
8120402166393109352
2578888374172328742
9185202021012176615
5123385510448978588
7960424928551458660
2895598441078437624
7004234460913518110
4661974190523313511
3269316077602420168
8006209642491361483
1240650995644181900
1739842736984823230
1044762197248992880
316309546128131025
6271114967262711551
5169631280413556612
6242473840510212073
2411435011293654674
1794409393566482290
3806255072100961695
3917787801421081592
5898327846793521366
5279144585592736670
6483360003226034949
4492776600500935564
4319006897688045236
6347952065365730021
7919316814473172402
2339664803180651256
3181433112298884065
7665548313919431312
5978744007295666747
4898235279790688521
2448357048912925860
6099632497389440875
1170006932517651463
9114695768796494006
7408728157720532305
2854088527318234051
2306001599372951540
561864742900768070
4057702213294015912
130942301254633632
797642078301075638
7148287154156073373
5194564916512856762
5537422881738880170
4948530602909043664
4052341351452736534
1631729572764539657
8142296183402587166
